-21.370542469291617     4.01932071231225e-06
-21.28623059740854     6.4512323496412316e-06
-21.201918725525463     1.005746051546665e-05
-21.117606853642386     1.893631476779762e-05
-21.03329498175931     3.9770211327192725e-05
-20.948983109876234     7.334735039688706e-05
-20.864671237993157     0.00010607843680132956
-20.78035936611008     0.00011872441795189572
-20.696047494227003     0.00011004911997825684
-20.611735622343925     0.00010210546382205132
-20.527423750460848     0.0001121666146707883
-20.44311187857777     0.00012882502265183278
-20.358800006694693     0.00012683750755716788
-20.27448813481162     9.93610207379188e-05
-20.190176262928542     6.60426557870346e-05
-20.105864391045465     5.293480542742697e-05
-20.021552519162388     7.334374521751113e-05
-19.93724064727931     0.00012439622202824256
-19.852928775396233     0.0001868120098192411
-19.768616903513156     0.00022568983030106575
-19.68430503163008     0.00021375964513848384
-19.599993159747     0.00016262758667937133
-19.515681287863927     0.00011000359385557359
-19.43136941598085     7.880921133286336e-05
-19.347057544097773     6.675710322065491e-05
-19.262745672214695     6.342155141937015e-05
-19.178433800331618     6.445174416058202e-05
-19.09412192844854     7.218068435725353e-05
-19.009810056565463     8.541124986619562e-05
-18.925498184682386     9.496432336481287e-05
-18.84118631279931     9.340423624975744e-05
-18.756874440916235     8.290969760342238e-05
-18.672562569033158     6.915388929187849e-05
-18.58825069715008     5.3534283703221125e-05
-18.503938825267003     3.623667298506185e-05
-18.419626953383926     2.075955106412087e-05
-18.33531508150085     1.0406294499123753e-05
-18.25100320961777     4.807995649514755e-06
-18.166691337734697     1.998786863039019e-06
-18.08237946585162     6.809446069629019e-07
-17.998067593968543     1.75268277755685e-07
-17.913755722085465     3.264776796192909e-08
-17.829443850202388     4.320271032324239e-09
-17.74513197831931     4.030962811409915e-10
-17.660820106436233     2.6436289707912967e-11
-17.576508234553156     1.2170176762963452e-12
-17.49219636267008     3.930216924625359e-14
-17.407884490787005     8.900439919685918e-16
-17.323572618903924     1.4131785426173565e-17
-17.23926074702085     1.5729738163237698e-19
-17.154948875137773     1.227303340845321e-21
-17.070637003254696     6.712229372782595e-24
-16.98632513137162     2.5730714721527212e-26
-16.90201325948854     6.913493663733885e-29
-16.817701387605464     1.3019597288153814e-31
-16.733389515722386     1.7184919147977619e-34
-16.649077643839313     1.5898073373685492e-37
-16.564765771956235     1.0308289558151717e-40
-16.480453900073158     4.684599988274269e-44
-16.39614202819008     1.492111645332793e-47
-16.311830156307003     3.330983113217213e-51
-16.227518284423926     5.211772408041729e-55
-16.14320641254085     5.715313819282953e-59
-16.058894540657775     5.719971102372725e-63
-15.974582668774696     2.0666500928397145e-59
-15.890270796891619     2.255438209626839e-55
-15.805958925008543     1.725188354122573e-51
-15.721647053125466     9.248771451096222e-48
-15.637335181242388     3.4751543578653326e-44
-15.553023309359311     9.151823381773378e-41
-15.468711437476234     1.689220050551102e-37
-15.384399565593156     2.1853073919794896e-34
-15.300087693710081     1.9814857565248592e-31
-15.215775821827004     1.2592989413634668e-28
-15.131463949943928     5.609685010143043e-26
-15.04715207806085     1.751622260012426e-23
-14.962840206177773     3.834151974100521e-21
-14.878528334294696     5.884141798603541e-19
-14.794216462411619     6.332563362094706e-17
-14.709904590528541     4.781046392438451e-15
-14.625592718645466     2.5339023417234285e-13
-14.541280846762389     9.437218999088221e-12
-14.456968974879311     2.474333590476016e-10
-14.372657102996236     4.580410761242762e-09
-14.288345231113158     6.014909522481556e-08
-14.204033359230081     5.644146894905601e-07
-14.119721487347004     3.8246798955545715e-06
-14.035409615463927     1.897415736451245e-05
-13.95109774358085     6.993995386106146e-05
-13.866785871697774     0.00019377722587850707
-13.782473999814696     0.00040496630299999395
-13.69816212793162     0.000634441551915706
-13.613850256048543     0.000735593483553789
-13.529538384165466     0.0006220947929102798
-13.445226512282389     0.0003790477819359299
-13.360914640399312     0.00016548229791303875
-13.276602768516234     5.487800027754718e-05
-13.192290896633159     2.7225715895467335e-05
-13.107979024750081     4.85295983701531e-05
-13.023667152867004     0.00010813153835422002
-12.939355280983927     0.00023238321720854408
-12.855043409100851     0.0005164265843114557
-12.770731537217774     0.0010778945943549748
-12.686419665334697     0.0019339995341298298
-12.60210779345162     0.003331606623359869
-12.517795921568544     0.006774213889590298
-12.433484049685466     0.014892041392014303
-12.349172177802389     0.027766017205489116
-12.264860305919312     0.03898431126844083
-12.180548434036236     0.03974947770176994
-12.096236562153159     0.02910402415740882
-12.011924690270082     0.015522096518724738
-11.927612818387004     0.008614380771766232
-11.843300946503927     0.019216793361923994
-11.758989074620851     0.07519098661336025
-11.674677202737774     0.22744256840243543
-11.590365330854697     0.502015107732267
-11.50605345897162     0.8250963594723869
-11.421741587088544     1.0652901644890798
-11.337429715205467     1.2033197048041802
-11.25311784332239     1.3523546078042683
-11.168805971439312     1.5606221711783494
-11.084494099556236     1.7579102238515862
-11.00018222767316     1.906760554970644
-10.915870355790082     1.9996934264725608
-10.831558483907004     1.9660492711003916
-10.747246612023929     1.7799826050774457
-10.662934740140852     1.5552028381160579
-10.578622868257774     1.4009297572363522
-10.494310996374697     1.2839072770644178
-10.40999912449162     1.100068202588893
-10.325687252608544     0.8169393486005261
-10.241375380725467     0.5069931297326036
-10.15706350884239     0.26905455673683837
-10.072751636959312     0.1413673205876372
-9.988439765076237     0.09174346712415991
-9.90412789319316     0.07039546553837782
-9.819816021310082     0.05054755703017696
-9.735504149427005     0.030005501289240753
-9.65119227754393     0.015762085859550728
-9.566880405660852     0.01144939489250922
-9.482568533777775     0.014655051524147433
-9.398256661894697     0.020504072757311927
-9.313944790011622     0.025396606133282654
-9.229632918128544     0.02931540474916232
-9.145321046245467     0.035745762976197984
-9.06100917436239     0.04815822157507346
-8.976697302479312     0.0652138468143062
-8.892385430596237     0.07879990867431862
-8.80807355871316     0.07881731916514917
-8.723761686830082     0.06312059722775142
-8.639449814947005     0.041392133736844035
-8.55513794306393     0.026380664583769083
-8.470826071180852     0.02258283098076616
-8.386514199297775     0.024556688361695868
-8.302202327414697     0.025825193769988125
-8.217890455531622     0.03471115806660846
-8.133578583648545     0.10468366649099577
-8.049266711765467     0.3950795990251514
-7.96495483988239     1.1916757513478307
-7.880642967999314     2.692927831114594
-7.796331096116237     4.656502782670412
-7.71201922423316     6.480744147527312
-7.6277073523500825     7.712978416748316
-7.543395480467005     8.245187276817699
-7.45908360858393     8.242399450082988
-7.374771736700852     7.986812201211466
-7.290459864817775     7.390174707469851
-7.206147992934698     6.022672186554072
-7.121836121051622     3.972891794763381
-7.037524249168545     2.0178256465251683
-6.9532123772854675     0.7751342603769737
-6.86890050540239     0.2297314287656869
-6.784588633519315     0.06028909056631963
-6.700276761636237     0.023876119602321385
-6.61596488975316     0.020928874396330358
-6.531653017870083     0.0211382049264469
-6.447341145987005     0.01677330959715693
-6.36302927410393     0.00971526000106775
-6.2787174022208525     0.004268060558339739
-6.194405530337775     0.0021067352276845854
-6.110093658454698     0.0024020184247807662
-6.025781786571622     0.003648068259535991
-5.941469914688545     0.004438299455274173
-5.857158042805468     0.004025009933569717
-5.77284617092239     0.002779875180230321
-5.688534299039315     0.0016655722501594692
-5.6042224271562375     0.0012996518646227531
-5.51991055527316     0.0017045419769552647
-5.435598683390083     0.002567158513885005
-5.351286811507006     0.003627611002098928
-5.266974939623928     0.005149739309841563
-5.182663067740851     0.007563656898445024
-5.098351195857777     0.010002060648320613
-5.0140393239747     0.010373428186338575
-4.9297274520916226     0.008072118919330512
-4.845415580208545     0.005120483776052475
-4.761103708325468     0.003774615922751254
-4.676791836442391     0.004583817060578914
-4.592479964559313     0.0070709632588669595
-4.508168092676236     0.010756617932318122
-4.423856220793162     0.014503753177313576
-4.339544348910085     0.016017446521659266
-4.255232477027008     0.014474627825416218
-4.17092060514393     0.01283480844489213
-4.086608733260853     0.01439842086381605
-4.002296861377776     0.017771525512316963
-3.9179849894946983     0.018394903931495957
-3.833673117611621     0.014709207593315439
-3.7493612457285437     0.009612813738695988
-3.66504937384547     0.006504206816507309
-3.5807375019623926     0.007322814269304613
-3.4964256300793153     0.013067029055789799
-3.412113758196238     0.022689011969195635
-3.3278018863131607     0.03397511590850315
-3.2434900144300833     0.054796972245556304
-3.159178142547006     0.12602350490717815
-3.0748662706639287     0.33694511006028527
-2.990554398780855     0.784544476189752
-2.9062425268977776     1.4711167951877588
-2.8219306550147003     2.272961492285646
-2.737618783131623     3.0638371799123796
-2.6533069112485457     3.811718983546977
-2.5689950393654684     4.4923209574290945
-2.484683167482391     4.980005155287717
-2.4003712955993137     5.124404217915497
-2.3160594237162364     4.891664996122218
-2.2317475518331626     4.375650179972499
-2.1474356799500853     3.7849329408298864
-2.063123808067008     3.3969129744620457
-1.9788119361839307     3.3419536768398626
-1.8945000643008534     3.4651073027378443
-1.810188192417776     3.503425040974554
-1.7258763205346987     3.350509639149102
-1.6415644486516214     3.0679392069954208
-1.5572525767685477     2.7097906462654686
-1.4729407048854704     2.300034747909925
-1.388628833002393     1.9304996423899354
-1.3043169611193157     1.7005308670227457
-1.2200050892362384     1.5800633798775008
-1.135693217353161     1.4469239016776076
-1.0513813454700838     1.2368347062251899
-0.9670694735870065     0.9902747130156575
-0.8827576017039291     0.7792565265190248
-0.7984457298208554     0.6429388858056547
-0.7141338579377781     0.5843570502186473
-0.6298219860547007     0.5822121416191042
-0.5455101141716234     0.6021393156599713
-0.4611982422885461     0.626084378008838
-0.3768863704054688     0.6772563531529
-0.2925744985223915     0.8103192378562161
-0.20826262663931416     1.0562317583345757
-0.1239507547562404     1.3485045939619351
-0.039638882873163084     1.5476028260160828
0.04467298900991423     1.5858792094142395
0.12898486089299155     1.510533020891967
0.21329673277606886     1.3528973333957002
0.2976086046591462     1.0811885277609132
0.3819204765422235     0.7149238188895443
0.4662323484253008     0.36868734609432324
0.5505442203083781     0.1427672983351233
0.6348560921914519     0.04057713362028906
0.7191679640745292     0.00854301136654513
0.8034798359576065     0.002171780480987895
0.8877917078406838     0.002936383328921767
0.9721035797237612     0.00585123252085792
1.0564154516068385     0.008628501676147973
1.1407273234899158     0.0092886053132975
1.225039195372993     0.007792630726844132
1.3093510672560669     0.0057416416726730896
1.3936629391391442     0.004046099248295347
1.4779748110222215     0.0025621018342474617
1.5622866829052988     0.001288073293208825
1.6465985547883761     0.0004759684772374131
1.7309104266714535     0.00012527222009032596
1.8152222985545308     2.3229762206837347e-05
1.899534170437608     3.024150019964598e-06
1.9838460423206854     2.760803392702292e-07
2.068157914203759     1.770115154009004e-08
2.1524697860868365     2.6634826208237297e-09
2.236781657969914     7.348126209943083e-08
2.321093529852991     2.021771570711304e-06
2.4054054017360684     3.902008513173043e-05
2.4897172736191457     0.0005283425465927923
2.574029145502223     0.005024053605960301
2.6583410173853004     0.0336197447339098
2.742652889268374     0.15897606013095408
2.8269647611514515     0.5356285855397788
2.9112766330345288     1.3070040771835205
2.995588504917606     2.3824094195957404
3.0799003768006834     3.4256625668694958
3.1642122486837607     4.225256711236188
3.248524120566838     4.952623145075044
3.3328359924499154     5.970650912957565
3.4171478643329927     7.422365171117369
3.5014597362160664     8.998831130904383
3.5857716080991437     10.34224588676152
3.670083479982221     11.578858438403778
3.7543953518652984     12.806910044189667
3.8387072237483757     13.388269955359064
3.923019095631453     12.68324244368081
4.00733096751453     11.092771867836912
4.091642839397608     9.617195832509157
4.175954711280681     8.807604557942504
4.260266583163759     8.607743059963568
4.344578455046836     8.756614265705544
4.428890326929913     9.004589320036331
4.513202198812991     9.189181063766084
4.597514070696068     9.141225250823151
4.681825942579145     8.444895802166505
4.766137814462223     6.691709669815079
4.8504496863453     4.212423286310771
4.934761558228374     1.9985481931852815
5.019073430111451     0.6935061884851499
5.103385301994528     0.1732573567041057
5.187697173877606     0.030909199922538134
5.272009045760683     0.003920260189463212
5.35632091764376     0.00035255254797612645
5.440632789526838     2.2440422353923823e-05
5.524944661409915     1.0095586075812557e-06
5.609256533292989     3.206404170054822e-08
5.693568405176066     7.182055242974552e-10
5.777880277059143     1.1335280734752041e-11
5.862192148942221     1.2595768268259685e-13
5.946504020825298     9.847476516410099e-16
6.030815892708375     5.413429368037432e-18
6.115127764591453     2.0914301988298054e-20
6.19943963647453     5.676506278303512e-23
6.283751508357607     1.830587172579818e-24
6.368063380240681     4.6457622752284945e-22
6.452375252123758     8.782483199699849e-20
6.536687124006836     1.1636406139774265e-17
6.620998995889913     1.0805913268089267e-15
6.70531086777299     7.033073378482427e-14
6.7896227396560676     3.2082624501891086e-12
6.873934611539145     1.0257362692526658e-10
6.958246483422222     2.298490330555319e-09
7.0425583553052995     3.6098656428744706e-08
7.126870227188373     3.9735781955928197e-07
7.211182099071451     3.065623993622283e-06
7.295493970954528     1.6577507394154677e-05
7.379805842837605     6.284262022103988e-05
7.4641177147206825     0.00016712165649179436
7.54842958660376     0.00031275468059592336
7.632741458486837     0.0004174987610819543
7.7170533303699145     0.00042040096981844113
7.801365202252988     0.0003816574569366719
7.885677074136066     0.00040245245018433136
7.969988946019143     0.00046300886860622145
8.05430081790222     0.0004478334506560624
8.138612689785298     0.0003197637254550646
8.222924561668375     0.00016252691740617668
8.307236433551452     5.8458150083571115e-05
8.39154830543453     1.6175095377457607e-05
8.475860177317607     1.0068194220146155e-05
8.56017204920068     2.6644964240268324e-05
8.644483921083758     6.547291904260252e-05
8.728795792966835     0.00011678667352268305
8.813107664849912     0.00015907185417552306
8.89741953673299     0.00019424526629576797
8.981731408616067     0.0002556961217645417
9.066043280499144     0.0003425028172746758
9.150355152382222     0.00039200893084884853
9.234667024265296     0.0003722392562873588
9.318978896148373     0.00033480893413188905
9.40329076803145     0.00032069164531709014
9.487602639914527     0.00029492520139961397
9.571914511797605     0.00022045357726385088
9.656226383680682     0.0001230004376573757
9.74053825556376     4.966319943102897e-05
9.824850127446837     1.4337289609203112e-05
9.909161999329914     2.941108395104295e-06
9.993473871212988     4.269939994718776e-07
10.077785743096065     4.374824773605087e-08
10.162097614979142     3.1567146566827187e-09
10.24640948686222     1.6018002571054356e-10
10.330721358745297     5.709919239324829e-12
10.415033230628374     1.4288478777203855e-13
10.499345102511452     2.5087963839301763e-15
10.583656974394529     3.672145777354423e-17
10.667968846277606     6.140345786164013e-16
10.75228071816068     4.5336034724643974e-14
10.836592590043761     2.3483638652856084e-12
10.920904461926835     8.533446393343036e-11
11.005216333809916     2.176574392777979e-09
11.08952820569299     3.9005274484062024e-08
11.173840077576063     4.91854081956891e-07
11.258151949459144     4.374889450046368e-06
11.342463821342218     2.755269825008558e-05
11.426775693225299     0.00012357690686484014
11.511087565108372     0.000398107132571361
11.595399436991453     0.0009328507787654016
11.679711308874527     0.001622380480079962
11.7640231807576     0.0021829162832040605
11.848335052640682     0.0025155481647404897
11.932646924523755     0.002993732639145201
12.016958796406836     0.00405381068779747
12.10127066828991     0.005409217743053449
12.185582540172991     0.006107163569724733
12.269894412056065     0.005657679586272222
12.354206283939146     0.00460774250555556
12.43851815582222     0.003671362704949214
12.522830027705293     0.0030000458864851086
12.607141899588374     0.0026006908049182767
12.691453771471448     0.0026189653017823448
12.775765643354529     0.0029589339084373847
12.860077515237602     0.003271892277858149
12.944389387120683     0.003375351443644502
13.028701259003757     0.0032984564076044085
13.113013130886838     0.0030358575142145935
13.197325002769912     0.0025543536701734
13.281636874652985     0.0019658675882372723
13.365948746536066     0.0014858313282336791
13.45026061841914     0.001277102121416201
13.53457249030222     0.0014395597142286734
13.618884362185295     0.001967819997960235
13.703196234068376     0.0025844908302458005
13.78750810595145     0.0028982316374471973
13.87181997783453     0.0028692337160177205
13.956131849717604     0.0027706322623525944
14.040443721600678     0.0026764279913860786
14.124755593483759     0.002467308267804954
14.209067465366832     0.0022757550286281562
14.293379337249913     0.002384683287178395
14.377691209132987     0.002757833656454976
14.462003081016068     0.003113475188941407
14.546314952899142     0.003304988522968312
14.630626824782215     0.0033106584659370747
14.714938696665296     0.0031044676318141813
14.79925056854837     0.002726378099962816
14.88356244043145     0.0022766050214495194
14.967874312314525     0.0018049844725229434
15.052186184197605     0.0013167939421575557
15.13649805608068     0.0008746054265915326
15.22080992796376     0.0006017393613229402
15.305121799846834     0.0005507100177393592
15.389433671729908     0.0006221218384943661
15.473745543612988     0.0006502076405233445
15.558057415496062     0.0005596636087810535
15.642369287379143     0.00040455206679986476
15.726681159262217     0.000264378050625429
15.810993031145298     0.00017478701007557035
15.895304903028372     0.00014371632127751444
15.979616774911452     0.00015883713433469294
16.063928646794526     0.00018681998815155092
16.1482405186776     0.0002020117295562891
16.23255239056068     0.00021525956505411014
16.316864262443755     0.00026797170582508684
16.401176134326835     0.0003835020273583816
16.48548800620991     0.0005101140734761348
16.56979987809299     0.0005488535983337822
16.654111749976064     0.0004656735086477251
16.738423621859145     0.00032616253514181005
16.82273549374222     0.00020929502764895994
16.907047365625292     0.00013990700668020423
16.991359237508373     0.0001010531965285701
17.075671109391447     7.330295153466723e-05
17.159982981274528     5.37461965103512e-05
17.2442948531576     4.803973896111147e-05
17.328606725040682     5.9914476273383615e-05
17.412918596923756     9.074055582476058e-05
17.49723046880683     0.00013916584014718878
17.58154234068991     0.00019903504323786025
17.665854212572984     0.0002585126179328417
17.750166084456065     0.0002995554989044107
17.83447795633914     0.0003010215985624156
17.91878982822222     0.0002530805359162172
18.003101700105294     0.00017577741334629
18.087413571988375     0.00011052732799675357
18.17172544387145     8.676094371077098e-05
18.256037315754522     0.00011226588099214684
18.340349187637603     0.000189950280557534
18.424661059520677     0.000314073285329499
18.508972931403758     0.0004529747334376923
18.59328480328683     0.000559538877254137
18.677596675169912     0.0005866080620258651
18.761908547052986     0.0005013343311312137
18.846220418936067     0.0003305059268483336
18.93053229081914     0.00016089841224871377
19.014844162702214     5.6366834950814436e-05
19.099156034585295     1.402232249216526e-05
19.18346790646837     2.4611227692802806e-06
19.26777977835145     3.0381981493063276e-07
19.352091650234524     2.6340032179728887e-08
19.436403522117605     1.607006424643007e-09
19.52071539400068     1.7836566027142355e-10
19.60502726588376     1.9036768519340703e-09
19.689339137766833     2.3292071194240954e-08
19.773651009649907     2.0280517494641433e-07
19.857962881532988     1.2621176247143371e-06
19.94227475341606     5.6624916932080455e-06
20.026586625299142     1.856549673955063e-05
20.110898497182216     4.53810396653827e-05
20.195210369065297     8.47648989330894e-05
20.27952224094837     0.00012358472026993955
20.363834112831444     0.00014149393796080323
20.448145984714525     0.00012547312550316856
20.5324578565976     8.409478238410834e-05
20.61676972848068     4.20702412720093e-05
20.701081600363754     1.75344379477613e-05
20.785393472246835     1.1657415766353337e-05
20.86970534412991     1.731901665198595e-05
20.95401721601299     3.135262901853465e-05
21.038329087896063     6.84457645101316e-05
21.122640959779137     0.00016630130749321133
21.206952831662218     0.00034348617772833156
21.29126470354529     0.0005268137345810055
21.375576575428376     0.000578177615666628
