-21.472421892945732     0.0006299966721182416
-21.388110021062655     0.0034687668830377235
-21.303798149179578     0.016635314021397053
-21.2194862772965     0.05764730759206073
-21.135174405413423     0.14065681776882988
-21.05086253353035     0.24170996305060144
-20.966550661647272     0.2977909782235663
-20.882238789764195     0.2870661696992944
-20.797926917881117     0.2875901266520014
-20.71361504599804     0.38833965375125573
-20.629303174114963     0.5469144665572923
-20.544991302231885     0.608640942465003
-20.460679430348808     0.4952656353300505
-20.37636755846573     0.2962175230738018
-20.292055686582657     0.1380736672635724
-20.20774381469958     0.05830990908219249
-20.123431942816502     0.02990329023552979
-20.039120070933425     0.02555785136297321
-19.954808199050348     0.03471955513647189
-19.87049632716727     0.054416948700053015
-19.786184455284193     0.08412914417365726
-19.701872583401116     0.13405354583747836
-19.617560711518042     0.22328260874228603
-19.533248839634965     0.3404332771006397
-19.448936967751887     0.42094278804509977
-19.36462509586881     0.4149014858082035
-19.280313223985733     0.36391812644912147
-19.196001352102655     0.36010624354374854
-19.111689480219578     0.4456772398433622
-19.0273776083365     0.56596010249796
-18.943065736453427     0.6124034699093658
-18.85875386457035     0.5419539761844803
-18.774441992687272     0.41872012528514657
-18.690130120804195     0.304740818190172
-18.605818248921118     0.201174186611605
-18.52150637703804     0.1074615391434239
-18.437194505154963     0.042710195493483635
-18.352882633271886     0.012158244042726406
-18.26857076138881     0.002444005839458971
-18.184258889505735     0.0003452089949057937
-18.099947017622657     3.42044727299059e-05
-18.01563514573958     2.3760743446726328e-06
-17.931323273856503     1.1569974330853209e-07
-17.847011401973425     3.948885214444131e-09
-17.762699530090348     9.446699858631312e-11
-17.67838765820727     1.5839812950856164e-12
-17.594075786324193     1.861607976991669e-14
-17.509763914441116     1.5335590085010833e-16
-17.425452042558042     8.8551178717102e-19
-17.341140170674965     3.5840921795999475e-21
-17.256828298791888     1.0168726021453007e-23
-17.17251642690881     2.0224171488911897e-26
-17.088204555025733     2.819741523925428e-29
-17.003892683142656     2.7561560079646296e-32
-16.91958081125958     1.8887770989727918e-35
-16.835268939376505     9.075540608553467e-39
-16.750957067493424     3.0578694420009914e-42
-16.66664519561035     7.225511526416303e-46
-16.582333323727273     1.197514356805343e-49
-16.498021451844195     1.3922825449087128e-53
-16.413709579961118     1.1357843090304616e-57
-16.32939770807804     6.502669455839179e-62
-16.245085836194963     5.106339050998931e-64
-16.160773964311886     1.1282693866770534e-59
-16.076462092428812     1.7562474925370956e-55
-15.992150220545733     1.9160192462265952e-51
-15.907838348662658     1.4650598516922835e-47
-15.82352647677958     7.851495797931026e-44
-15.739214604896503     2.949112091081039e-40
-15.654902733013426     7.763767201509118e-37
-15.570590861130349     1.4325075310567297e-33
-15.486278989247271     1.852532747809188e-30
-15.401967117364196     1.6791200334296318e-27
-15.317655245481118     1.0667146971465551e-24
-15.233343373598043     4.749762000334432e-22
-15.149031501714965     1.4823918729133006e-19
-15.064719629831888     3.242943966216846e-17
-14.98040775794881     4.9731386641457595e-15
-14.896095886065734     5.346698345844742e-13
-14.811784014182656     4.0307635412650014e-11
-14.72747214229958     2.131443274953344e-09
-14.643160270416503     7.910003335502235e-08
-14.558848398533426     2.061973337856401e-06
-14.47453652665035     3.7812592240372815e-05
-14.390224654767273     0.0004889856016190549
-14.305912782884196     0.0044768576892564365
-14.221600911001119     0.029197482474454067
-14.137289039118041     0.1368918381968186
-14.052977167234964     0.4671242046007298
-13.968665295351888     1.1769524952193995
-13.884353423468811     2.2182579118171333
-13.800041551585736     3.148932645873557
-13.715729679702658     3.3585825285100235
-13.631417807819581     2.6635515932604217
-13.547105935936504     1.549687383156828
-13.462794064053426     0.6596234911556565
-13.378482192170349     0.24125841261267342
-13.294170320287273     0.2176891042783498
-13.209858448404196     0.491118963897592
-13.125546576521119     0.9644717473233644
-13.041234704638041     1.464284233142928
-12.956922832754966     1.9461025108811878
-12.872610960871889     2.618267516379124
-12.788299088988811     3.4291114317996163
-12.703987217105734     3.726113033854658
-12.619675345222658     3.0337267794420617
-12.535363473339581     1.7852701520802692
-12.451051601456504     0.7581768114947659
-12.366739729573426     0.24225130072107556
-12.282427857690351     0.06814674501978502
-12.198115985807274     0.022087623342181895
-12.113804113924196     0.008147432259582185
-12.029492242041119     0.002661718029591532
-11.945180370158042     0.0009898929761254778
-11.860868498274966     0.0015733623560140807
-11.776556626391889     0.004184784644243223
-11.692244754508812     0.008860750645669586
-11.607932882625734     0.01504220193727293
-11.523621010742659     0.022997093526887714
-11.439309138859581     0.034873261671515984
-11.354997266976504     0.050571290623546254
-11.270685395093427     0.06409475263093493
-11.186373523210351     0.07034391290614538
-11.102061651327274     0.07412045315308512
-11.017749779444197     0.08684084207048794
-10.93343790756112     0.11757293026799544
-10.849126035678044     0.1674647120573396
-10.764814163794966     0.22298435111957954
-10.680502291911889     0.2596696818175695
-10.596190420028812     0.26634409042368323
-10.511878548145734     0.25685112989539205
-10.427566676262659     0.26044450111689743
-10.343254804379582     0.3171934477292991
-10.258942932496504     0.44287271298657094
-10.174631060613427     0.5698297778753874
-10.090319188730351     0.5903601690413034
-10.006007316847274     0.4791380083984971
-9.921695444964197     0.30829262396445695
-9.83738357308112     0.15894060021140538
-9.753071701198044     0.06981004175947747
-9.668759829314967     0.048386015676016136
-9.58444795743189     0.09903249793507748
-9.500136085548812     0.22674463667977016
-9.415824213665736     0.40464626038867146
-9.331512341782659     0.5660154492893922
-9.247200469899582     0.6688251721266845
-9.162888598016504     0.7459084664075442
-9.078576726133427     0.8386808603556056
-8.994264854250352     0.9006715130792075
-8.909952982367274     0.8446422083603927
-8.825641110484197     0.6796309376778296
-8.74132923860112     0.5033951724336231
-8.657017366718044     0.36815707871268744
-8.572705494834967     0.25601140673493783
-8.48839362295189     0.1606142955557293
-8.404081751068812     0.10614752326124921
-8.319769879185737     0.10852675025830331
-8.23545800730266     0.15943934801870338
-8.151146135419582     0.25171876760122913
-8.066834263536505     0.44418090052485215
-7.982522391653429     0.8764832797286672
-7.898210519770352     1.6031309567843857
-7.8138986478872745     2.3660084909016903
-7.729586776004197     2.6741844722942716
-7.64527490412112     2.2698555769753574
-7.560963032238044     1.4364967085097389
-7.476651160354967     0.6913161045828317
-7.39233928847189     0.29757397506396005
-7.308027416588812     0.2209535274223411
-7.223715544705737     0.3762926556554409
-7.1394036728226595     0.6986241933545041
-7.055091800939582     1.043045546696125
-6.970779929056505     1.2834326168816155
-6.886468057173429     1.5680276491381704
-6.802156185290352     2.139375902292522
-6.717844313407275     2.7833365194533086
-6.633532441524197     2.890188971565115
-6.54922056964112     2.2453566000843335
-6.4649086977580446     1.3746929369193879
-6.380596825874967     1.0550315860306316
-6.29628495399189     1.8568582616097196
-6.211973082108813     3.9350669591557637
-6.127661210225737     6.598370972620814
-6.04334933834266     8.276744097514811
-5.959037466459582     7.808225047472072
-5.874725594576505     5.754197860131947
-5.79041372269343     3.7443364006057176
-5.706101850810352     2.8504754364448024
-5.621789978927275     3.1831439980151317
-5.537478107044198     4.305362732972233
-5.45316623516112     5.412918168143422
-5.368854363278043     5.87421381101505
-5.284542491394966     5.851435677311738
-5.200230619511892     5.665941555750299
-5.115918747628815     5.002496517257824
-5.031606875745737     3.6231504189539265
-4.94729500386266     2.066148409277264
-4.862983131979583     0.9711396784751761
-4.778671260096505     0.4326998015364447
-4.694359388213428     0.2365979933754231
-4.610047516330351     0.20577068635432544
-4.525735644447277     0.22990040200256087
-4.4414237725642     0.22677228203628558
-4.357111900681122     0.17026010321680377
-4.272800028798045     0.09435491437113423
-4.188488156914968     0.040714049013362966
-4.10417628503189     0.022483859818659035
-4.019864413148813     0.03412497385273711
-3.9355525412657357     0.06453428514707865
-3.8512406693826584     0.09334276970667893
-3.7669287974995846     0.09968011798503568
-3.6826169256165073     0.08789880386017247
-3.59830505373343     0.0852128594803135
-3.5139931818503527     0.10480356844469191
-3.4296813099672754     0.1279373719448361
-3.345369438084198     0.1275066658789741
-3.2610575662011207     0.09863967126698178
-3.1767456943180434     0.06195066587551274
-3.0924338224349697     0.041232037307614586
-3.0081219505518924     0.04419842641736188
-2.923810078668815     0.06288767129627462
-2.8394982067857377     0.08247265137248545
-2.7551863349026604     0.08950251103771119
-2.670874463019583     0.08156066686696437
-2.5865625911365058     0.06880864691563288
-2.5022507192534285     0.061505823881678086
-2.417938847370351     0.06104625287213847
-2.3336269754872774     0.0631378145656644
-2.2493151036042     0.06249569659490879
-2.1650032317211227     0.05597535609921849
-2.0806913598380454     0.04552772243625251
-1.9963794879549681     0.03691427536728667
-1.9120676160718908     0.03482729627510986
-1.8277557441888135     0.03966143331134038
-1.7434438723057362     0.04769212388514323
-1.6591320004226624     0.05486247096209285
-1.574820128539585     0.060402320136908674
-1.4905082566565078     0.0646682883131968
-1.4061963847734305     0.06603041478001663
-1.3218845128903531     0.06299770161415683
-1.2375726410072758     0.05671828174212795
-1.1532607691241985     0.04988508713504772
-1.0689488972411212     0.044897364720403024
-0.9846370253580439     0.04280661244281522
-0.9003251534749701     0.043019499156388155
-0.8160132815918928     0.044191173687166824
-0.7317014097088155     0.04543607449873406
-0.6473895378257382     0.04669795279378502
-0.5630776659426608     0.04819127456939486
-0.4787657940595835     0.049421533249893276
-0.3944539221765062     0.04874848623776731
-0.3101420502934289     0.044308467800484044
-0.22583017841035513     0.03569808246780403
-0.14151830652727782     0.02477582009608375
-0.0572064346442005     0.014630685037732972
0.027105437238876817     0.007445658097214838
0.11141730912195413     0.0033815332921278388
0.19572918100503145     0.0014111458696178508
0.28004105288810877     0.0005392449838638975
0.3643529247711861     0.000182785363977897
0.4486647966542634     5.254050977301181e-05
0.5329766685373372     1.2941916522733965e-05
0.6172885404204145     7.37487336785925e-06
0.7016004123034918     2.2568783176314597e-05
0.7859122841865691     6.661658924352867e-05
0.8702241560696464     0.0001408965973921298
0.9545360279527237     0.00021536333874800108
1.038847899835801     0.00025004809792759935
1.1231597717188784     0.00024300430772738075
1.2074716436019521     0.0002177992752696502
1.2917835154850295     0.0001773999168357662
1.3760953873681068     0.00011805170801022456
1.460407259251184     5.880946203308502e-05
1.5447191311342614     2.1037409819563758e-05
1.6290310030173387     5.3188957108814775e-06
1.713342874900416     9.452025758272508e-07
1.7976547467834934     1.1783753984714525e-07
1.8819666186665707     1.0299646825234633e-08
1.9662784905496444     6.310321439846543e-10
2.0505903624327217     2.733200089987261e-11
2.134902234315799     9.824248312855729e-12
2.2192141061988764     2.4273747179423124e-10
2.3035259780819537     4.584425395796202e-09
2.387837849965031     6.071945320382365e-08
2.4721497218481083     5.643519679126156e-07
2.5564615937311856     3.687384601655539e-06
2.6407734656142594     1.7010059209376868e-05
2.7250853374973367     5.5982965000190135e-05
2.809397209380414     0.00013471674647591987
2.8937090812634914     0.00024964853837399387
2.9780209531465687     0.000388004512786384
3.062332825029646     0.0005494845589962696
3.1466446969127233     0.0007255846400963873
3.2309565687958006     0.0008815772469445823
3.315268440678878     0.0009953452388049271
3.3995803125619517     0.0010701112220929138
3.483892184445029     0.0011148959772391612
3.5682040563281063     0.001148789426825461
3.6525159282111836     0.001171418331115469
3.736827800094261     0.0011416887167605804
3.8211396719773383     0.0010487610809004956
3.9054515438604156     0.0009506898231992079
3.989763415743493     0.0008945982390429726
4.074075287626567     0.0008553129766765432
4.158387159509644     0.0007983904819521558
4.242699031392721     0.0007444468857427492
4.327010903275799     0.0007193626792061055
4.411322775158876     0.0007073728572459315
4.495634647041953     0.0006789855518719228
4.579946518925031     0.0006041176740700276
4.664258390808108     0.00046044423946110905
4.748570262691185     0.00027743263940229997
4.832882134574259     0.00012512416341016713
4.917194006457336     4.101180413238746e-05
5.001505878340414     9.627900106341417e-06
5.085817750223491     1.607234858035241e-06
5.170129622106568     1.9006498868433786e-07
5.2544414939896456     1.588672722979e-08
5.338753365872723     9.372198375213154e-10
5.4230652377558     3.898177280105322e-11
5.507377109638874     1.1421791783678523e-12
5.591688981521951     2.355944399266677e-14
5.676000853405029     3.4190637821535488e-16
5.760312725288106     3.4893988249150205e-18
5.844624597171183     2.503309568278136e-20
5.9289364690542605     1.2619517366831715e-22
6.013248340937338     4.829929558632392e-25
6.097560212820415     1.9812147620269915e-23
6.1818720847034925     7.618801051006823e-21
6.266183956586566     2.053558771698255e-18
6.3504958284696436     3.879437000833428e-16
6.434807700352721     5.1365478056734485e-14
6.519119572235798     4.766669388918086e-12
6.6034314441188755     3.1002720086697715e-10
6.687743316001953     1.4132717050799513e-08
6.77205518788503     4.515363477490653e-07
6.8563670597681075     1.0111167193607045e-05
6.940678931651185     0.00015869112997594757
7.0249908035342585     0.0017456273277850834
7.109302675417336     0.013459092922834542
7.193614547300413     0.07274668909593973
7.2779264191834905     0.2758055556855126
7.362238291066568     0.7351599703877078
7.446550162949645     1.3898882955590588
7.530862034832722     1.9259542157136544
7.6151739067158     2.1732044095854395
7.6994857785988735     2.46000160324154
7.783797650481951     3.071313154847391
7.868109522365028     3.549164018216187
7.9524213942481055     3.2014532991216313
8.036733266131183     2.1098259372603576
8.12104513801426     0.9969404703112014
8.205357009897337     0.33822343006589334
8.289668881780415     0.09926555939904627
8.373980753663492     0.10882945434185463
8.458292625546566     0.3370577375069473
8.542604497429643     0.8304549722763919
8.62691636931272     1.4539580405139216
8.711228241195798     1.8483420025840402
8.795540113078875     1.8603981005264778
8.879851984961952     1.803181748314186
8.96416385684503     1.9679674415277815
9.048475728728107     2.2422945990108487
9.13278760061118     2.5286263428352216
9.217099472494258     2.9648769287853067
9.301411344377335     3.3896744272163506
9.385723216260413     3.2548688943798427
9.47003508814349     2.389031359816033
9.554346960026567     1.2907136696558905
9.638658831909645     0.5056409854172527
9.722970703792722     0.14246232527756272
9.8072825756758     0.028692330556330133
9.891594447558873     0.004110474104502026
9.97590631944195     0.0004172113298113735
10.060218191325028     2.991092610835211e-05
10.144530063208105     1.5112067027451698e-06
10.228841935091182     5.371812734828709e-08
10.31315380697426     1.3418709895614707e-09
10.397465678857337     2.3536165073899705e-11
10.481777550740414     2.897093086456584e-13
10.566089422623492     3.58880333550598e-15
10.650401294506565     8.007298260859138e-14
10.734713166389646     4.130924166539396e-12
10.81902503827272     1.494009892550547e-10
10.9033369101558     3.787362373316839e-09
10.987648782038875     6.730091864955637e-08
11.071960653921948     8.383885887762317e-07
11.15627252580503     7.322803524125256e-06
11.240584397688103     4.4857824143681116e-05
11.324896269571184     0.00019282850107286978
11.409208141454258     0.0005824672140835675
11.493520013337339     0.0012416299921539596
11.577831885220412     0.0018981548554456995
11.662143757103486     0.002220509712822268
11.746455628986567     0.0024577851745152413
11.83076750086964     0.003472175963276817
11.915079372752722     0.005738782193203737
11.999391244635795     0.008384913746635417
12.083703116518876     0.009589278000481613
12.16801498840195     0.008329422633246332
12.25232686028503     0.005580685866678025
12.336638732168105     0.0034845940740909635
12.420950604051178     0.0039151647959114935
12.50526247593426     0.007960853755930735
12.589574347817333     0.015446181770875787
12.673886219700414     0.0247825653338619
12.758198091583488     0.03492085882666755
12.842509963466568     0.046970081737647426
12.926821835349642     0.060968272527649074
13.011133707232723     0.07164753731592959
13.095445579115797     0.07202947388276838
13.17975745099887     0.06104833958173197
13.264069322881952     0.04434715633504232
13.348381194765025     0.029678371551514267
13.432693066648106     0.022494810649494622
13.51700493853118     0.022613232427686328
13.60131681041426     0.024772591422000407
13.685628682297335     0.024713278731269245
13.769940554180415     0.024300709796042524
13.85425242606349     0.028354606940654087
13.938564297946563     0.03718050730112382
14.022876169829644     0.04599198915557052
14.107188041712718     0.052821199910318195
14.191499913595798     0.06151430993725415
14.275811785478872     0.07345840152105429
14.360123657361953     0.08473941759612834
14.444435529245027     0.09480031673712372
14.5287474011281     0.10683796062212222
14.613059273011181     0.11876346551374127
14.697371144894255     0.12291630452114016
14.781683016777336     0.1138992752071903
14.86599488866041     0.09389645841133458
14.95030676054349     0.07161960270539938
15.034618632426564     0.05689500686689763
15.118930504309645     0.05610617033274018
15.20324237619272     0.06774787447258182
15.287554248075793     0.07863382183215871
15.371866119958874     0.07292782338239998
15.456177991841948     0.05032393229704367
15.540489863725028     0.025686125236380194
15.624801735608102     0.010434067841557258
15.709113607491183     0.005009673636947809
15.793425479374257     0.006249442805714204
15.877737351257338     0.01273154790112696
15.962049223140411     0.023406717598968223
16.046361095023485     0.034860365324974815
16.130672966906566     0.04138598269020459
16.21498483878964     0.03976040409671751
16.29929671067272     0.03519895218465342
16.383608582555794     0.039269856175463407
16.467920454438875     0.058716191859681244
16.55223232632195     0.0874079303889889
16.63654419820503     0.11109141456830562
16.720856070088104     0.11958938177603229
16.805167941971177     0.11185628062457956
16.88947981385426     0.09089383922679337
16.973791685737332     0.0636288255614791
17.058103557620413     0.05119185722113131
17.142415429503487     0.10507193197863209
17.226727301386568     0.33316115212988523
17.31103917326964     0.8999463024196467
17.395351045152715     1.9262058743564978
17.479662917035796     3.312343371528544
17.56397478891887     4.648563225371524
17.64828666080195     5.358266321115087
17.732598532685024     5.05594885022211
17.816910404568105     3.89624008719489
17.90122227645118     2.579479846493486
17.98553414833426     1.8500498536380625
18.069846020217334     1.9141511315957536
18.154157892100407     2.466055397610472
18.23846976398349     3.2072913901831073
18.322781635866562     4.066310553469319
18.407093507749643     4.914466378677845
18.491405379632717     5.361235008987282
18.575717251515798     4.987940250875337
18.66002912339887     3.7703906006293395
18.744340995281952     2.2208293447145344
18.828652867165026     0.9854139914519471
18.9129647390481     0.3213630757847885
18.99727661093118     0.07576454075996127
19.081588482814254     0.01277655993393754
19.165900354697335     0.0015307716781152556
19.25021222658041     0.00012974833942269297
19.33452409846349     7.948763793525395e-06
19.418835970346564     4.973391957878848e-06
19.503147842229644     7.956558146212613e-05
19.58745971411272     0.0009618799330341617
19.671771585995792     0.008230688584834172
19.756083457878873     0.049992511307940954
19.840395329761947     0.2164688756698028
19.924707201645028     0.6726242162557186
20.0090190735281     1.515467033537002
20.093330945411182     2.5154953969854223
20.177642817294256     3.1439799372499766
20.26195468917733     3.029677471872155
20.34626656106041     2.286705880660576
20.430578432943484     1.354697388174937
20.514890304826565     0.6524496384906348
20.59920217670964     0.3798737531330977
20.68351404859272     0.5306662660231211
20.767825920475794     0.9403832958520195
20.852137792358874     1.3222238912067656
20.936449664241948     1.5420605980673179
21.020761536125022     1.901038929768998
21.105073408008103     2.721265290375298
21.189385279891177     3.5943429239228686
21.27369715177426     3.640990750184394
