-21.247764702323842     2.1083864366238183e-05
-21.095423410715945     7.614122196154797e-05
-20.94308211910805     0.00014496271451833317
-20.790740827500155     0.00015029834464039786
-20.63839953589226     0.00012386049327799513
-20.48605824428436     0.00010730693348695274
-20.333716952676465     4.429489095076868e-05
-20.18137566106857     6.068746303651793e-06
-20.029034369460675     2.622381212597771e-07
-19.876693077852778     3.5534875942083324e-09
-19.72435178624488     1.5090271025008188e-11
-19.572010494636984     2.0081256768459308e-14
-19.41966920302909     8.37399569423271e-18
-19.267327911421194     1.0942641124487744e-21
-19.114986619813298     4.4808366370268275e-26
-18.9626453282054     5.749678889547988e-31
-18.810304036597508     2.3119348730875885e-36
-18.65796274498961     2.9130982085387917e-42
-18.505621453381714     1.1502233544910312e-48
-18.353280161773817     1.4231699388067417e-55
-18.20093887016592     5.517964054378419e-63
-18.048597578558027     6.7042237064408144e-71
-17.89625628695013     2.5524994242162258e-79
-17.743914995342234     3.045301758106563e-88
-17.59157370373434     1.1385249142376464e-97
-17.439232412126444     1.3338354914070648e-107
-17.286891120518547     6.870911675511551e-109
-17.13454982891065     6.397705270048756e-99
-16.982208537302753     1.8667315767034806e-89
-16.829867245694857     1.7068195464421825e-80
-16.677525954086963     4.890374398908639e-72
-16.525184662479067     4.390832528030825e-64
-16.37284337087117     1.2353931541901117e-56
-16.220502079263277     1.0892418328368939e-49
-16.06816078765538     3.0096791957142622e-43
-15.915819496047483     2.606321765464679e-37
-15.763478204439586     7.074979115569484e-32
-15.611136912831691     6.022567967926172e-27
-15.458795621223794     1.6090547279604243e-22
-15.3064543296159     1.351783335767874e-18
-15.154113038008003     3.5855144794317055e-15
-15.001771746400106     3.0285704183508283e-12
-14.849430454792211     8.291174576821102e-10
-14.697089163184316     7.614997819011035e-08
-14.54474787157642     2.5084334847606126e-06
-14.392406579968522     3.403509812381395e-05
-14.240065288360627     0.00024123569158157886
-14.087723996752732     0.0009801345167662545
-13.935382705144836     0.001856993375499921
-13.783041413536939     0.0015223195514777969
-13.630700121929042     0.0008303024623155419
-13.478358830321147     0.0003811468355854764
-13.326017538713252     8.149015034768838e-05
-13.173676247105355     0.000129348448913451
-13.021334955497458     0.0018890307738100827
-12.868993663889563     0.010180932774785297
-12.716652372281667     0.02908306117658508
-12.564311080673772     0.06801959410155613
-12.411969789065875     0.12643532359498397
-12.25962849745798     0.19866496197383304
-12.107287205850083     0.2228831209288537
-11.954945914242188     0.191645828273268
-11.802604622634291     0.3673679382574057
-11.650263331026396     0.976839916297617
-11.4979220394185     1.5594611963274307
-11.345580747810603     1.5329431254497978
-11.193239456202708     1.5119961726611961
-11.040898164594811     1.6848349495318757
-10.888556872986916     1.6210948741498885
-10.73621558137902     1.0871116180971319
-10.583874289771124     0.6629991376865039
-10.431532998163227     0.48782790390465824
-10.279191706555332     0.3351872869347396
-10.126850414947436     0.24660434400306544
-9.97450912333954     0.1663290063643417
-9.822167831731644     0.06228504327213342
-9.669826540123747     0.00970149236184506
-9.517485248515852     0.0005389814407184191
-9.365143956907955     9.915649086056792e-06
-9.21280266530006     5.853179341591644e-08
-9.060461373692164     2.5326097039365204e-10
-8.908120082084269     5.320512578549888e-08
-8.755778790476372     6.774133138387992e-06
-8.603437498868477     0.00036389560009109225
-8.45109620726058     0.011465838859895066
-8.298754915652685     0.20598621767080313
-8.146413624044788     1.6339741270848207
-7.994072332436891     5.451702861774866
-7.841731040828996     8.404151426038082
-7.6893897492211     7.389803782674436
-7.537048457613205     5.482763848020706
-7.384707166005308     4.811007791369462
-7.232365874397413     3.342454823489865
-7.080024582789516     1.0150425293049736
-6.927683291181621     0.10966832046971545
-6.775341999573724     0.0043887811894131835
-6.623000707965829     0.003242233138828003
-6.4706594163579325     0.010280229573755396
-6.318318124750036     0.018987256569345502
-6.165976833142141     0.02180251336533232
-6.013635541534244     0.012668177717026177
-5.861294249926349     0.004007898578386584
-5.708952958318452     0.0010284745013437032
-5.556611666710557     0.0001601523743170017
-5.40427037510266     9.385581337430115e-06
-5.251929083494765     1.7967261012040964e-07
-5.099587791886869     1.0952790153787278e-09
-4.947246500278972     3.569735699831334e-09
-4.794905208671075     1.0116742932818142e-06
-4.642563917063182     9.020674165095407e-05
-4.490222625455285     0.0025649156409573983
-4.337881333847388     0.024846146648381265
-4.1855400422394915     0.10297785908289261
-4.033198750631598     0.24550276797279327
-3.8808574590237015     0.32094675177129445
-3.7285161674158047     0.37235645483798463
-3.576174875807908     0.6250476006490318
-3.4238335842000147     0.5628171118584825
-3.271492292592118     0.19992390989786896
-3.119151000984221     0.16007921741569253
-2.9668097093763244     0.8644803419402768
-2.8144684177684276     2.384549769970226
-2.6621271261605344     3.892846310729742
-2.5097858345526376     4.581012847705088
-2.357444542944741     4.64698273385175
-2.205103251336844     4.321088298144997
-2.052761959728951     3.7693147906517077
-1.900420668121054     3.517974383946563
-1.7480793765131573     3.0561926355447273
-1.5957380849052605     2.1542523820697626
-1.4433967932973637     1.4178703314248946
-1.2910555016894705     1.2754928404221497
-1.1387142100815737     1.167993688497469
-0.9863729184736769     1.0811944563976401
-0.8340316268657801     1.0790606037417154
-0.6816903352578869     0.9681469340458655
-0.5293490436499901     0.8178446975284592
-0.37700775204209336     0.692635176504089
-0.22466646043419658     0.694967882760937
-0.0723251688262998     1.0351107513946598
0.08001612278159342     1.1614215877272038
0.2323574143894902     0.819279676526548
0.384698705997387     0.5892806047697255
0.5370399976052838     0.33754829131012304
0.689381289213177     0.08627979765585995
0.8417225808210738     0.007893693321363492
0.9940638724289705     0.0008095482979341016
1.1464051640368673     0.0012125795286694967
1.2987464556447605     0.000793732361656988
1.4510877472526573     0.0001631019434236656
1.603429038860554     1.050256323212023e-05
1.7557703304684509     2.1598140524133472e-07
1.9081116220763477     2.4537852462816234e-06
2.060452913684241     0.000468177515268846
2.2127942052921377     0.02826419213327404
2.3651354969000344     0.5403395232659594
2.517476788507931     3.2823712755833
2.6698180801158244     6.486719774973371
2.822159371723721     5.100626792268874
2.974500663331618     4.052359548226549
3.126841954939515     5.572032437968764
3.2791832465474116     7.216668120205949
3.431524538155305     8.020449544442505
3.5838658297632016     9.533112576019867
3.7362071213710983     9.90812272474489
3.888548412978995     9.666138332138802
4.040889704586888     11.576167016195898
4.193230996194785     12.941993831459293
4.345572287802682     10.113092284252946
4.497913579410579     4.657920135174775
4.650254871018472     1.0554974680814797
4.802596162626369     0.097321591747877
4.9549374542342655     0.0031929843837742783
5.107278745842162     3.4786287825126406e-05
5.259620037450059     1.219666567429296e-07
5.411961329057952     1.357097435057893e-10
5.564302620665849     4.761157677579919e-14
5.716643912273746     5.2505466366998885e-18
5.868985203881643     3.141082966840357e-20
6.021326495489536     1.8466873450435113e-16
6.173667787097433     3.421960494712621e-13
6.326009078705329     1.9870364497430552e-10
6.478350370313226     3.615759523144187e-08
6.630691661921123     2.0624373636559885e-06
6.783032953529016     3.697603122408846e-05
6.935374245136913     0.00021396618081498728
7.08771553674481     0.0005119216222552247
7.2400568283527065     0.0013152709348180918
7.3923981199606     0.003398901680371343
7.5447394115684965     0.004221576532970047
7.697080703176393     0.0024985483977132718
7.84942199478429     0.0009642969359430508
8.001763286392183     0.0002545154748453406
8.15410457800008     3.067561616957782e-05
8.306445869607977     1.2972093958938048e-06
8.458787161215874     1.7716358518485377e-08
8.61112845282377     7.643077831707902e-11
8.763469744431664     1.0354813738158449e-13
8.91581103603956     4.398603190383447e-17
9.068152327647457     5.8560188380343185e-21
9.220493619255354     2.443182600947682e-25
9.372834910863247     3.194198056998335e-30
9.525176202471144     1.3086292116060243e-35
9.67751749407904     1.6800386150652233e-41
9.829858785686937     6.758799127012686e-48
9.982200077294834     8.520544831688146e-55
10.134541368902727     2.0536071785106576e-59
10.286882660510624     3.6292581497340886e-52
10.439223952118521     2.0148319251931213e-45
10.591565243726418     3.509028742442367e-39
10.743906535334311     1.9179027411505902e-33
10.896247826942208     3.291450863924149e-28
11.048589118550105     1.774979014203178e-23
11.200930410158001     3.0109586761865963e-19
11.353271701765898     1.6090898069520262e-15
11.505612993373795     2.714937455859798e-12
11.657954284981692     1.4507035270373136e-09
11.810295576589581     2.4655800457772503e-07
11.962636868197478     1.3411525380284022e-05
12.114978159805375     0.00023592654426788731
12.267319451413272     0.0013823983641665682
12.419660743021169     0.0031162399127732288
12.572002034629065     0.0045381063289763246
12.724343326236962     0.005683460848498364
12.876684617844859     0.003979795265239033
13.029025909452756     0.0018721390615571481
13.181367201060645     0.0015967409282878005
13.333708492668542     0.0014858154388183282
13.486049784276439     0.0008831792102747825
13.638391075884336     0.0013714731208094829
13.790732367492232     0.003029150367746259
13.94307365910013     0.003049072722035508
14.095414950708026     0.0016704034045908662
14.247756242315923     0.0007401787706826012
14.400097533923812     0.00018539231961379774
14.55243882553171     1.7892047798437426e-05
14.704780117139606     5.844190801788807e-07
14.857121408747503     6.171520828470884e-09
15.0094627003554     2.0682211034162953e-11
15.161803991963296     2.182938053704389e-14
15.314145283571193     7.234378118935783e-18
15.46648657517909     7.518836795983963e-22
15.618827866786987     2.511000270477415e-26
15.771169158394876     1.9053010353862803e-23
15.923510450002773     1.8515348299609848e-19
16.07585174161067     5.647061000907618e-16
16.228193033218567     5.42067412009795e-13
16.380534324826463     1.6506960461125582e-10
16.53287561643436     1.6310244412926266e-08
16.685216908042257     5.573947474658894e-07
16.837558199650154     7.789686681636462e-06
16.98989949125805     6.098930300886557e-05
17.14224078286594     0.00033249691976000795
17.294582074473837     0.0011096771281967463
17.446923366081734     0.0018593444617305344
17.59926465768963     0.001406027364428123
17.751605949297527     0.00046662477019214586
17.903947240905424     7.218011331502154e-05
18.05628853251332     5.571518253887157e-06
18.208629824121218     1.9483279989216815e-07
18.360971115729114     2.584312179053645e-09
18.513312407337004     1.1654315108011814e-11
18.6656536989449     1.7248748101334387e-14
18.817994990552798     2.1404513612335573e-13
18.970336282160694     7.79109114107654e-11
19.12267757376859     8.90195908569681e-09
19.275018865376488     3.2255544056721294e-07
19.427360156984385     3.980079391086141e-06
19.57970144859228     2.429991668170357e-05
19.73204274020018     0.00013527758728053684
19.884384031808068     0.0005404826821320917
20.036725323415965     0.0011313143945030726
20.18906661502386     0.0011459626925857855
20.34140790663176     0.0005450827719679051
