-21.247764702323842     0.8901737019595055
-21.095423410715945     1.612058533316031
-20.94308211910805     2.3840755130149818
-20.790740827500155     2.0954047891851495
-20.63839953589226     1.1709507321096568
-20.48605824428436     0.6865311067873003
-20.333716952676465     0.2599163715852705
-20.18137566106857     0.0352359734044532
-20.029034369460675     0.0015209590005641252
-19.876693077852778     2.0610293857918577e-05
-19.72435178624488     8.753582896776998e-08
-19.572010494636984     1.1650437021665844e-10
-19.41966920302909     4.858967886258105e-14
-19.267327911421194     6.350241079856594e-18
-19.114986619813298     2.600642432110089e-22
-18.9626453282054     3.3374541375480964e-27
-18.810304036597508     1.3421288037859724e-32
-18.65796274498961     1.691287014943611e-38
-18.505621453381714     6.678588081787264e-45
-18.353280161773817     8.264112617471838e-52
-18.20093887016592     3.2044390814226714e-59
-18.048597578558027     3.8936063024679e-67
-17.89625628695013     1.4825053710741774e-75
-17.743914995342234     1.7688244670046937e-84
-17.59157370373434     6.61328775574622e-94
-17.439232412126444     7.748084069578337e-104
-17.286891120518547     5.558438971253022e-104
-17.13454982891065     5.178677271750286e-94
-16.982208537302753     1.511921764188411e-84
-16.829867245694857     1.3831978784644614e-75
-16.677525954086963     3.96537229235734e-67
-16.525184662479067     3.5622843434697545e-59
-16.37284337087117     1.002810404256663e-51
-16.220502079263277     8.846188817327062e-45
-16.06816078765538     2.4453666865401035e-38
-15.915819496047483     2.1183096143040094e-32
-15.763478204439586     5.750538342936343e-27
-15.611136912831691     4.892561917695337e-22
-15.458795621223794     1.3048189186191251e-17
-15.3064543296159     1.0912399364686016e-13
-15.154113038008003     2.8643065342992665e-10
-15.001771746400106     2.364093443783481e-07
-14.849430454792211     6.160787396152012e-05
-14.697089163184316     0.005114634755341697
-14.54474787157642     0.13799104138273144
-14.392406579968522     1.270343222871372
-14.240065288360627     4.578063157781186
-14.087723996752732     8.856600793645475
-13.935382705144836     11.249404333162236
-13.783041413536939     8.025488500551884
-13.630700121929042     4.165799544577048
-13.478358830321147     1.888697709933935
-13.326017538713252     0.3902703174797131
-13.173676247105355     0.02700591595686739
-13.021334955497458     0.0018997727709764904
-12.868993663889563     0.006193257070831203
-12.716652372281667     0.009658038865933714
-12.564311080673772     0.00664422971627943
-12.411969789065875     0.005780463882863539
-12.25962849745798     0.010077681606056588
-12.107287205850083     0.013192009542388292
-11.954945914242188     0.015481025794536151
-11.802604622634291     0.035297106951572246
-11.650263331026396     0.082841025383872
-11.4979220394185     0.1869150429894357
-11.345580747810603     0.37201547443768945
-11.193239456202708     0.644559144773633
-11.040898164594811     0.9382933190108195
-10.888556872986916     1.1508285232431157
-10.73621558137902     1.4424960216384868
-10.583874289771124     1.63566990046718
-10.431532998163227     1.3864813698374556
-10.279191706555332     1.1940095830331685
-10.126850414947436     1.2801775324075133
-9.97450912333954     1.0881921335202114
-9.822167831731644     0.4755647130449897
-9.669826540123747     0.08082580478692895
-9.517485248515852     0.004671106623576435
-9.365143956907955     8.731347272906186e-05
-9.21280266530006     5.186815127551108e-07
-9.060461373692164     3.578293955898374e-08
-8.908120082084269     1.2405052168517279e-05
-8.755778790476372     0.001402265584081126
-8.603437498868477     0.05108360893131962
-8.45109620726058     0.6237696613081635
-8.298754915652685     2.849075518415396
-8.146413624044788     6.404754967267456
-7.994072332436891     9.266019272597127
-7.841731040828996     7.685842924212232
-7.6893897492211     4.102078714589592
-7.537048457613205     2.0860206365968272
-7.384707166005308     0.6419671250857661
-7.232365874397413     0.10762487720899071
-7.080024582789516     0.016212454568503735
-6.927683291181621     0.050744898994367654
-6.775341999573724     0.8898242523345707
-6.623000707965829     5.643559064670738
-6.4706594163579325     15.04097107073163
-6.318318124750036     23.84018267693326
-6.165976833142141     25.036239998912045
-6.013635541534244     15.663153426445877
-5.861294249926349     7.8911694119844285
-5.708952958318452     2.923335751989778
-5.556611666710557     0.4707060207076834
-5.40427037510266     0.02653165813739741
-5.251929083494765     0.0004926953529923215
-5.099587791886869     2.9423884732722745e-06
-4.947246500278972     5.7412142826304905e-09
-4.794905208671075     4.5044918730745036e-08
-4.642563917063182     3.997739960580342e-06
-4.490222625455285     0.00011136095380129209
-4.337881333847388     0.0009798125031203636
-4.1855400422394915     0.002811390670038661
-4.033198750631598     0.003055267820098232
-3.8808574590237015     0.0023525123163455554
-3.7285161674158047     0.003681083148246526
-3.576174875807908     0.005263661763691085
-3.4238335842000147     0.003595949488519227
-3.271492292592118     0.001152011969432566
-3.119151000984221     0.0014213441456857544
-2.9668097093763244     0.009311294028118665
-2.8144684177684276     0.0271367318564085
-2.6621271261605344     0.04139700743429961
-2.5097858345526376     0.045281076335234705
-2.357444542944741     0.0479929841572457
-2.205103251336844     0.05229382479521735
-2.052761959728951     0.05010862352804453
-1.900420668121054     0.05584431285353951
-1.7480793765131573     0.0678565226503777
-1.5957380849052605     0.077682799641032
-1.4433967932973637     0.09419325107999615
-1.2910555016894705     0.11486302572014037
-1.1387142100815737     0.13517848646789704
-0.9863729184736769     0.13473723663329273
-0.8340316268657801     0.12441438354377254
-0.6816903352578869     0.1275024429006979
-0.5293490436499901     0.12078244155694655
-0.37700775204209336     0.09217606611795331
-0.22466646043419658     0.052511407754710776
-0.0723251688262998     0.021607993458011537
0.08001612278159342     0.0070217539438767376
0.2323574143894902     0.0022930988050541227
0.384698705997387     0.0014249691549154577
0.5370399976052838     0.0009004634200913322
0.689381289213177     0.00023984393218985601
0.8417225808210738     4.049154602835983e-05
0.9940638724289705     0.00012771760546799904
1.1464051640368673     0.0002661798884489587
1.2987464556447605     0.00017468222563016966
1.4510877472526573     3.5923278394121654e-05
1.603429038860554     2.314982610185955e-06
1.7557703304684509     4.675068142506739e-08
1.9081116220763477     1.8177057899467023e-09
2.060452913684241     2.8311052945703406e-07
2.2127942052921377     1.6649743932379352e-05
2.3651354969000344     0.00031066261785352736
2.517476788507931     0.0018550645524101623
2.6698180801158244     0.003719200163050452
2.822159371723721     0.0034271134260155127
2.974500663331618     0.003100027961862843
3.126841954939515     0.0029575117240662405
3.2791832465474116     0.0030441308723849194
3.431524538155305     0.0030886154409167305
3.5838658297632016     0.003541400701703801
3.7362071213710983     0.0034837303756422968
3.888548412978995     0.0033721337230587156
4.040889704586888     0.004787349684971295
4.193230996194785     0.006463967075226078
4.345572287802682     0.006198728377993068
4.497913579410579     0.00348246831809047
4.650254871018472     0.0010669068219183973
4.802596162626369     0.00016597840736685623
4.9549374542342655     1.0734999487623678e-05
5.107278745842162     2.44798530336687e-07
5.259620037450059     1.8276937672198918e-09
5.411961329057952     4.347911861913944e-12
5.564302620665849     3.263054059378809e-15
5.716643912273746     7.85980983406305e-19
5.868985203881643     3.0938255078209903e-16
6.021326495489536     1.8294381298575653e-12
6.173667787097433     3.3898777070306596e-09
6.326009078705329     1.968318351691652e-06
6.478350370313226     0.00035814418656070505
6.630691661921123     0.020423426701990904
6.783032953529016     0.36545756649233885
6.935374245136913     2.0764999674696343
7.08771553674481     4.215297152081547
7.2400568283527065     6.356356910505836
7.3923981199606     12.644360082886262
7.5447394115684965     15.065201416056075
7.697080703176393     10.059896420142273
7.84942199478429     5.296920616335374
8.001763286392183     1.7391078541354874
8.15410457800008     0.22571019232535378
8.306445869607977     0.00973921613322647
8.458787161215874     0.0001336900643577848
8.61112845282377     5.773560616249216e-07
8.763469744431664     7.821566210426903e-10
8.91581103603956     3.321330303924356e-13
9.068152327647457     4.419856608420732e-17
9.220493619255354     1.8431371488191128e-21
9.372834910863247     2.4085402216081965e-26
9.525176202471144     9.862684917882956e-32
9.67751749407904     1.2655547687842898e-37
9.829858785686937     5.088750237054877e-44
9.982200077294834     6.411884667424248e-51
10.134541368902727     7.423321613134354e-58
10.286882660510624     8.758740111088672e-51
10.439223952118521     4.925866598230951e-44
10.591565243726418     8.706695226460303e-38
10.743906535334311     4.840674378305586e-32
10.896247826942208     8.474117995481923e-27
11.048589118550105     4.677413695243867e-22
11.200930410158001     8.154475514279434e-18
11.353271701765898     4.5002509346068515e-14
11.505612993373795     7.884393875154458e-11
11.657954284981692     4.401195283974574e-08
11.810295576589581     7.864981253600512e-06
11.962636868197478     0.0004530025149264158
12.114978159805375     0.008519106915068247
12.267319451413272     0.054371099804402814
12.419660743021169     0.13764781345681265
12.572002034629065     0.21731572949705746
12.724343326236962     0.27887443380856813
12.876684617844859     0.2262053396068007
13.029025909452756     0.13892136517929426
13.181367201060645     0.09383839788655313
13.333708492668542     0.054423439665529115
13.486049784276439     0.036935098332985
13.638391075884336     0.05680331120596151
13.790732367492232     0.0999422432603346
13.94307365910013     0.10863638243379073
14.095414950708026     0.08006163315579569
14.247756242315923     0.04397441199353829
14.400097533923812     0.011659284965466218
14.55243882553171     0.0011414607847665306
14.704780117139606     3.7467648303209604e-05
14.857121408747503     3.964041384918422e-07
15.0094627003554     1.329360062790281e-09
15.161803991963296     1.4033920134322197e-12
15.314145283571193     4.650996186036428e-16
15.46648657517909     4.8335595779045613e-20
15.618827866786987     1.0798817681293893e-22
15.771169158394876     3.295509752327084e-18
15.923510450002773     3.1985255054478e-14
16.07585174161067     9.731556776778035e-11
16.228193033218567     9.287759269730919e-08
16.380534324826463     2.785874863083982e-05
16.53287561643436     0.0026407225412571683
16.685216908042257     0.08041412360998376
16.837558199650154     0.8281611804756525
16.98989949125805     3.3862773734779887
17.14224078286594     7.978572062805387
17.294582074473837     14.793967803941232
17.446923366081734     19.515132386329356
17.59926465768963     15.80104791191432
17.751605949297527     7.5931152379179645
17.903947240905424     2.0149402562108936
18.05628853251332     0.23668147204722462
18.208629824121218     0.010178600827630602
18.360971115729114     0.00014669732612980035
18.513312407337004     6.840795232229956e-07
18.6656536989449     1.04691800895194e-09
18.817994990552798     3.515509694869955e-08
18.970336282160694     1.2784639279965293e-05
19.12267757376859     0.0014571353783533665
19.275018865376488     0.052094005161609114
19.427360156984385     0.5878193238404051
19.57970144859228     2.1921636831379203
19.73204274020018     3.6545261705655654
19.884384031808068     6.076645217188615
20.036725323415965     9.661200048389901
20.18906661502386     9.758681360816178
20.34140790663176     6.1409982196728095
