-21.59465543222305     2.176113990483887
-21.54645044937256     2.7907580774803757
-21.498245466522068     3.4313667036633273
-21.45004048367158     4.081765180137245
-21.40183550082109     4.722845444409823
-21.353630517970597     5.324416749689945
-21.305425535120108     5.848906432350858
-21.25722055226962     6.269400975148331
-21.209015569419126     6.589714916935539
-21.160810586568637     6.8488982826505564
-21.112605603718148     7.103702821212105
-21.064400620867655     7.399303156641508
-21.016195638017166     7.745136804563288
-20.967990655166677     8.107244641126155
-20.919785672316184     8.421459136891668
-20.871580689465695     8.62664570982313
-20.823375706615206     8.70640350967642
-20.775170723764713     8.713017707815677
-20.726965740914224     8.748955010477173
-20.678760758063735     8.910476088302229
-20.630555775213242     9.232327754157533
-20.582350792362753     9.674289620063465
-20.53414580951226     10.153666214636733
-20.48594082666177     10.590377926318213
-20.437735843811282     10.9314517539135
-20.38953086096079     11.153083885633926
-20.3413258781103     11.260085833891425
-20.29312089525981     11.291127232882543
-20.24491591240932     11.315035127751521
-20.19671092955883     11.403320573926267
-20.14850594670834     11.589892786381316
-20.100300963857848     11.84946303518357
-20.05209598100736     12.115556332011764
-20.00389099815687     12.326022396266401
-19.955686015306377     12.460271330282074
-19.907481032455888     12.53963732595656
-19.8592760496054     12.592843964182073
-19.811071066754906     12.616463141819747
-19.762866083904417     12.564242572852748
-19.714661101053927     12.376848288051383
-19.666456118203435     12.030727420776067
-19.618251135352946     11.566104304462252
-19.570046152502456     11.067562078069159
-19.521841169651964     10.609780790350639
-19.473636186801475     10.213132345435527
-19.425431203950986     9.847091366810938
-19.377226221100493     9.476505225156114
-19.329021238250004     9.105617790421286
-19.280816255399515     8.77609985964448
-19.232611272549022     8.518747223207093
-19.184406289698533     8.304246525243856
-19.136201306848044     8.042641000502101
-19.08799632399755     7.638117014571105
-19.039791341147062     7.055579251808571
-18.991586358296573     6.345483708137363
-18.94338137544608     5.610462808076722
-18.89517639259559     4.943662740183708
-18.8469714097451     4.384283592210684
-18.79876642689461     3.9154089906225833
-18.75056144404412     3.4969406789089423
-18.70235646119363     3.106039380690453
-18.654151478343138     2.756898190587527
-18.60594649549265     2.487569658084616
-18.55774151264216     2.324703269640634
-18.509536529791667     2.253370272157615
-18.461331546941178     2.2160572362972473
-18.41312656409069     2.142935852601382
-18.364921581240196     1.991398526171181
-18.316716598389707     1.7664036079891507
-18.268511615539218     1.5093470708982402
-18.220306632688725     1.267384989264435
-18.172101649838236     1.066971723623908
-18.123896666987747     0.9072606214795242
-18.075691684137254     0.7713624108131963
-18.027486701286765     0.6424014892453138
-17.979281718436276     0.5131686356259634
-17.931076735585783     0.38672571391642296
-17.882871752735294     0.27158536189757354
-17.834666769884805     0.17606470547712583
-17.786461787034312     0.104555027873479
-17.738256804183823     0.05650708258568221
-17.690051821333334     0.027644275143520896
-17.64184683848284     0.012189061458599128
-17.593641855632352     0.004827667926701604
-17.545436872781863     0.0017131953585354214
-17.49723188993137     0.0005437144596253356
-17.44902690708088     0.00015411566400794677
-17.400821924230392     3.897805509520409e-05
-17.3526169413799     8.790207538455677e-06
-17.30441195852941     1.7667679178231076e-06
-17.25620697567892     3.1638741059148334e-07
-17.20800199282843     5.046841252198835e-08
-17.15979700997794     7.169892883287035e-09
-17.11159202712745     9.070916427719716e-10
-17.063387044276958     1.0218864631602923e-10
-17.01518206142647     1.0250491975835826e-11
-16.96697707857598     9.15507540579105e-13
-16.918772095725487     7.280205958795943e-14
-16.870567112874998     5.154453347115323e-15
-16.822362130024505     3.2491796992461486e-16
-16.774157147174016     1.823532688424696e-17
-16.725952164323527     9.111705877732033e-19
-16.677747181473034     4.053503086465449e-20
-16.629542198622545     1.6054798889067297e-21
-16.581337215772056     5.661376006909822e-23
-16.533132232921563     1.7773843992107975e-24
-16.484927250071074     4.9680115078617863e-26
-16.436722267220585     1.236304455963555e-27
-16.388517284370092     2.7391115155426174e-29
-16.340312301519603     5.403004270229467e-31
-16.29210731866911     9.48860009116024e-33
-16.24390233581862     1.4835772125565352e-34
-16.195697352968132     2.065186628181255e-36
-16.14749237011764     2.559467195661316e-38
-16.09928738726715     2.824132441193026e-40
-16.05108240441666     3.10919359536284e-42
-16.00287742156617     3.7156020617373884e-41
-15.95467243871568     3.6654283250303244e-39
-15.90646745586519     3.221402459038569e-37
-15.8582624730147     2.520613891377193e-35
-15.810057490164208     1.7559362007076398e-33
-15.76185250731372     1.0890610201512453e-31
-15.713647524463228     6.013631061136513e-30
-15.665442541612737     2.9563949189288113e-28
-15.617237558762248     1.2939849859644157e-26
-15.569032575911757     5.0423987310729755e-25
-15.520827593061266     1.7493887960222957e-23
-15.472622610210777     5.4035202178487775e-22
-15.424417627360286     1.4859651274070754e-20
-15.376212644509796     3.6381618769152366e-19
-15.328007661659306     7.930439089634897e-18
-15.279802678808815     1.5390567507660738e-16
-15.231597695958325     2.659223084959943e-15
-15.183392713107835     4.0907079074309455e-14
-15.135187730257345     5.60256561658923e-13
-15.086982747406854     6.831593817471308e-12
-15.038777764556365     7.416626943642779e-11
-14.990572781705874     7.16876220954892e-10
-14.942367798855383     6.169376196757202e-09
-14.894162816004894     4.72722842645958e-08
-14.845957833154403     3.2251761754257536e-07
-14.797752850303912     1.959302690574438e-06
-14.749547867453423     1.0599372760195711e-05
-14.701342884602932     5.106611856256143e-05
-14.65313790175244     0.00021914125296366784
-14.604932918901952     0.0008378179737444863
-14.55672793605146     0.002854636562522707
-14.50852295320097     0.008672333270401723
-14.46031797035048     0.023507737788872357
-14.412112987499988     0.056914295730816765
-14.363908004649499     0.12325718052369139
-14.31570302179901     0.23927898633108877
-14.267498038948517     0.41763241141691315
-14.219293056098028     0.658065849097662
-14.171088073247539     0.9413375848163633
-14.122883090397046     1.2314662250941086
-14.074678107546557     1.4876472991458316
-14.026473124696068     1.6808039041866487
-13.978268141845575     1.8064630144046536
-13.930063158995086     1.8872025571738735
-13.881858176144595     1.9616710802829946
-13.833653193294104     2.061828788573711
-13.785448210443615     2.1873887492780373
-13.737243227593124     2.2939837112117702
-13.689038244742633     2.3091983000021177
-13.640833261892144     2.172651488533112
-13.592628279041653     1.8751568837055275
-13.544423296191162     1.4692484937457573
-13.496218313340673     1.0446953056577635
-13.448013330490182     0.6886118221803035
-13.399808347639691     0.4566420431172082
-13.351603364789202     0.3665159883814275
-13.303398381938711     0.40600855401515973
-13.25519339908822     0.5415943506984854
-13.206988416237731     0.7229277587910299
-13.15878343338724     0.8890923255306344
-13.11057845053675     0.9834153059630761
-13.06237346768626     0.9741745934380818
-13.01416848483577     0.869243784531707
-12.965963501985279     0.7139662236469586
-12.91775851913479     0.5726207062968487
-12.869553536284299     0.5040381623213015
-12.821348553433808     0.5427107359388943
-12.773143570583319     0.690429902743758
-12.724938587732828     0.9182225931017625
-12.676733604882337     1.1770460374789045
-12.628528622031848     1.4142662339604517
-12.580323639181357     1.589125341206255
-12.532118656330866     1.6792188870477043
-12.483913673480377     1.6764797405842329
-12.435708690629886     1.580471992519895
-12.387503707779395     1.3980110778231742
-12.339298724928906     1.1488125849524193
-12.291093742078415     0.8679041424337333
-12.242888759227924     0.5977604359321207
-12.194683776377433     0.3736748726957447
-12.146478793526944     0.21256234710125943
-12.098273810676453     0.11189196503662587
-12.050068827825962     0.05707589061544515
-12.001863844975473     0.030877076531681775
-11.953658862124982     0.019720706873253654
-11.905453879274491     0.01571625614782949
-11.857248896424002     0.015859478483111554
-11.809043913573511     0.02032146572183744
-11.76083893072302     0.030995316990917208
-11.712633947872531     0.05064265284382743
-11.66442896502204     0.08242325701081163
-11.61622398217155     0.12930016616989357
-11.56801899932106     0.19288949382829057
-11.51981401647057     0.2719182586846101
-11.471609033620078     0.36128510781994577
-11.423404050769589     0.4529347502618626
-11.375199067919098     0.5387402365059405
-11.326994085068607     0.6139866388206969
-11.278789102218118     0.6794084434580338
-11.230584119367627     0.7407056384941829
-11.182379136517136     0.8059552676641909
-11.134174153666647     0.8820174432877241
-11.085969170816156     0.9711410578576587
-11.037764187965665     1.069525108067261
-10.989559205115174     1.170036753908079
-10.941354222264685     1.2694495230151004
-10.893149239414194     1.375945238298806
-10.844944256563704     1.5090088219678108
-10.796739273713214     1.68675709253407
-10.748534290862723     1.9059310812044539
-10.700329308012233     2.1296798161920445
-10.652124325161743     2.2971571032614224
-10.603919342311253     2.354052800001964
-10.555714359460762     2.2854332346430315
-10.507509376610273     2.128026402325459
-10.459304393759782     1.9535096780453576
-10.41109941090929     1.8346972612325405
-10.362894428058802     1.815081798500572
-10.31468944520831     1.8948832870350973
-10.26648446235782     2.034940422223592
-10.21827947950733     2.174214078017658
-10.17007449665684     2.2559623936009046
-10.121869513806349     2.255069930597699
-10.07366453095586     2.194983715793043
-10.025459548105369     2.1443057068240705
-9.977254565254878     2.1930376750870417
-9.929049582404389     2.4199306226743826
-9.880844599553898     2.865785234918981
-9.832639616703407     3.5208162391117814
-9.784434633852916     4.325501843770482
-9.736229651002427     5.183219992156356
-9.688024668151936     5.987296230922874
-9.639819685301445     6.661397416007332
-9.591614702450956     7.195627928241672
-9.543409719600465     7.649638897915586
-9.495204736749974     8.111311390641392
-9.446999753899485     8.637439416274589
-9.398794771048994     9.223226219496116
-9.350589788198503     9.825239707172555
-9.302384805348014     10.417668462523565
-9.254179822497523     11.036959169752576
-9.205974839647032     11.783370817239792
-9.157769856796543     12.779245756752028
-9.109564873946052     14.10432859274551
-9.061359891095561     15.733719373948569
-9.013154908245072     17.507395241819804
-8.964949925394581     19.16091897488533
-8.91674494254409     20.423732627463224
-8.868539959693601     21.141072848947164
-8.82033497684311     21.340724364375735
-8.77212999399262     21.19486526283873
-8.72392501114213     20.90680211668073
-8.67572002829164     20.609844584399866
-8.627515045441148     20.347801119689407
-8.579310062590658     20.13461735927962
-8.531105079740168     20.02872666599248
-8.482900096889677     20.149743963850995
-8.434695114039187     20.610693208078228
-8.386490131188697     21.406062266783696
-8.338285148338207     22.33957468709224
-8.290080165487716     23.060205139581022
-8.241875182637227     23.204510128256256
-8.193670199786736     22.56762930527411
-8.145465216936245     21.20210900446896
-8.097260234085756     19.389033810181147
-8.049055251235265     17.503983243164686
-8.000850268384774     15.85753123996547
-7.952645285534285     14.594376905191549
-7.904440302683794     13.690795757190582
-7.856235319833303     13.02881746583206
-7.808030336982814     12.48697377250266
-7.759825354132323     11.993723931442302
-7.711620371281832     11.52926301015544
-7.663415388431343     11.099564586235854
-7.615210405580852     10.715741495471544
-7.567005422730361     10.392836645794215
-7.518800439879872     10.156793252759766
-7.470595457029381     10.038063304503025
-7.42239047417889     10.042213164896795
-7.374185491328399     10.112817337918786
-7.32598050847791     10.119412459236536
-7.277775525627419     9.894194925707737
-7.229570542776928     9.306364126338044
-7.181365559926439     8.329838420260922
-7.133160577075948     7.060177620179023
-7.084955594225457     5.672515141968791
-7.036750611374968     4.352049397984971
-6.988545628524477     3.23828240843007
-6.940340645673986     2.40222797150632
-6.892135662823497     1.8497342694673515
-6.843930679973006     1.5371162083103123
-6.795725697122515     1.394147447943512
-6.747520714272026     1.3549360350403687
-6.699315731421535     1.3898745758791473
-6.651110748571044     1.5217855797851934
-6.602905765720555     1.8121313876089435
-6.554700782870064     2.3209955296398386
-6.506495800019573     3.063529221518358
-6.458290817169084     3.989177752384905
-6.410085834318593     4.994265790608423
-6.3618808514681024     5.955638002686603
-6.313675868617613     6.761684597683205
-6.265470885767122     7.326134764629554
-6.2172659029166315     7.589349102765801
-6.169060920066141     7.521525066610218
-6.1208559372156515     7.133624259422102
-6.072650954365161     6.486900972075334
-6.02444597151467     5.688213325378074
-5.9762409886641805     4.868440014628062
-5.92803600581369     4.1526978616390275
-5.879831022963199     3.633464298728037
-5.83162604011271     3.3537806500520557
-5.783421057262219     3.304610978749248
-5.735216074411728     3.4383021233650135
-5.687011091561239     3.6941255150344734
-5.638806108710748     4.0230232021858825
-5.590601125860257     4.396060310120302
-5.542396143009768     4.79167650490919
-5.494191160159275     5.174904054311338
-5.445986177308786     5.491287265087692
-5.397781194458297     5.687693482531561
-5.349576211607804     5.747592171274161
-5.301371228757315     5.710993667001077
-5.253166245906826     5.656840326756688
-5.204961263056333     5.654264192998562
-5.156756280205844     5.715094385917277
-5.108551297355355     5.781539533775331
-5.060346314504862     5.75933351319575
-5.012141331654373     5.576445237803063
-4.963936348803884     5.231412356904311
-4.915731365953391     4.801851400471281
-4.867526383102902     4.407128785671916
-4.819321400252413     4.146032202907197
-4.77111641740192     4.045524047590259
-4.722911434551431     4.050252540233873
-4.674706451700942     4.057006756144657
-4.626501468850449     3.970688514036136
-4.57829648599996     3.7484286108242406
-4.530091503149471     3.411447202071881
-4.481886520298978     3.026601067696508
-4.433681537448489     2.6736340719396567
-4.385476554598     2.414640332365568
-4.337271571747507     2.2760795493535286
-4.289066588897018     2.2475338429504315
-4.240861606046529     2.295225157062326
-4.1926566231960365     2.381288822580424
-4.144451640345547     2.476546203503582
-4.096246657495058     2.5604587743652574
-4.0480416746445655     2.6138434587315027
-3.9998366917940764     2.616346390498767
-3.9516317089435873     2.5543855543210903
-3.9034267260930946     2.432689976938316
-3.8552217432426055     2.2773413353787064
-3.8070167603921163     2.125882815470325
-3.7588117775416237     2.0119450975979265
-3.7106067946911345     1.9553649331276923
-3.6624018118406454     1.9614324302418193
-3.6141968289901527     2.02399035067182
-3.5659918461396636     2.1262763029530483
-3.5177868632891744     2.240066611444196
-3.4695818804386818     2.3289690447739337
-3.4213768975881926     2.3592707266196986
-3.3731719147377035     2.3142810859411
-3.324966931887211     2.2032290766529794
-3.2767619490367217     2.0578704029387094
-3.2285569661862326     1.9172920599577872
-3.18035198333574     1.8089670853975846
-3.1321470004852507     1.7371358666062924
-3.0839420176347616     1.6856132522148963
-3.035737034784269     1.6328793221807685
-2.98753205193378     1.5689594197807193
-2.939327069083287     1.5026174668147643
-2.891122086232798     1.4547318558664415
-2.842917103382309     1.443569807491544
-2.794712120531816     1.47251274975307
-2.746507137681327     1.5276697848225127
-2.698302154830838     1.585140663184124
-2.6500971719803452     1.6217374411794663
-2.601892189129856     1.6226669822062845
-2.553687206279367     1.5837889076538874
-2.5054822234288743     1.510114785483478
-2.457277240578385     1.4130675695254766
-2.409072257727896     1.3074360358189017
-2.3608672748774033     1.2077405456665238
-2.312662292026914     1.1242465478977395
-2.264457309176425     1.0600723024846244
-2.2162523263259324     1.0110745844421762
-2.1680473434754433     0.9689656118109502
-2.119842360624954     0.9262181836945287
-2.0716373777744614     0.8800753868702894
-2.0234323949239723     0.833398050095556
-1.9752274120734832     0.792063712671672
-1.9270224292229905     0.7608107240753983
-1.8788174463725014     0.7401958293042992
-1.8306124635220122     0.7262917786350964
-1.7824074806715196     0.7129162886548326
-1.7342024978210304     0.6948596195589707
-1.6859975149705413     0.6702769508596933
-1.6377925321200486     0.640955245580401
-1.5895875492695595     0.6103111090847859
-1.5413825664190703     0.5803976753149019
-1.4931775835685777     0.5500500233116766
-1.4449726007180885     0.5156405531247835
-1.3967676178675994     0.4739386332492813
-1.3485626350171067     0.42488340320139983
-1.3003576521666176     0.3722193192327744
-1.2521526693161285     0.32172086924277193
-1.2039476864656358     0.27846631700617136
-1.1557427036151466     0.2449320393454875
-1.1075377207646575     0.2206989242587375
-1.0593327379141648     0.20341211525100272
-1.0111277550636757     0.19015173774591182
-0.9629227722131866     0.1785410867233839
-0.9147177893626939     0.16729031763969263
-0.8665128065122047     0.15615799582362502
-0.8183078236617156     0.14550082162282968
-0.7701028408112229     0.13570687187850433
-0.7218978579607338     0.12681117060804098
-0.6736928751102447     0.1184383368425059
-0.625487892259752     0.11000628901721166
-0.5772829094092629     0.1010103415198552
-0.5290779265587702     0.09123340128339096
-0.48087294370828104     0.08081568714773485
-0.4326679608577919     0.07018433882838747
-0.3844629780072992     0.059883227269202255
-0.3362579951568101     0.050378476182738156
-0.28805301230632097     0.04193019997341104
-0.23984802945582828     0.03458417039646629
-0.19164304660533915     0.02826289902648154
-0.14343806375485002     0.0228813526394979
-0.09523308090435734     0.01841441540183215
-0.047028098053868206     0.014885039186103548
0.001176884796620925     0.01228988620957597
0.04938186764711361     0.010516295380737124
0.09758685049760274     0.009319070880161937
0.14579183334809187     0.008397669535637756
0.19399681619858455     0.007543867570954832
0.24220179904907368     0.006765906938656999
0.2904067818995628     0.006298974413620823
0.3386117647500555     0.006486883370223199
0.38681674760054463     0.00760165001418657
0.43502173045103376     0.009694851014564273
0.48322671330152644     0.012546732587726914
0.5314316961520156     0.015732197462911483
0.5796366790025047     0.018774820759689868
0.6278416618529974     0.021311968284985376
0.6760466447034865     0.023172813639059105
0.7242516275539757     0.024319792707182625
0.7724566104044683     0.024710509887924167
0.8206615932549575     0.02421068712569753
0.8688665761054466     0.02264904093136226
0.9170715589559393     0.01997949320401926
0.9652765418064284     0.0164184542205241
1.0134815246569175     0.01243996810794791
1.0616865075074102     0.00861995607839315
1.1098914903578994     0.0054282677742716464
1.1580964732083885     0.00309168196336172
1.2063014560588812     0.0015867003452943976
1.2545064389093703     0.0007316753609747712
1.3027114217598594     0.0003024866037623378
1.3509164046103521     0.0001119232290000249
1.3991213874608412     3.701654589654528e-05
1.4473263703113304     1.0932088980904923e-05
1.495531353161823     2.8808222434526653e-06
1.5437363360123122     6.770028179262186e-07
1.5919413188628013     1.4182119472325382e-07
1.640146301713294     2.6474803831716316e-08
1.6883512845637831     4.404340280791896e-09
1.7365562674142723     6.634806318200966e-10
1.784761250264765     1.7446361268273335e-10
1.832966233115254     6.320318629176957e-10
1.8811712159657468     3.8975999647546e-09
1.929376198816236     2.17434696063864e-08
1.977581181666725     1.0808037901921043e-07
2.0257861645172177     4.786752921558731e-07
2.073991147367707     1.889543112989796e-06
2.122196130218196     6.65132211652096e-06
2.1704011130686887     2.0893214881892944e-05
2.218606095919178     5.862746971255016e-05
2.266811078769667     0.00014718210540841904
2.3150160616201596     0.0003313040015206082
2.3632210444706487     0.000670821403755083
2.411426027321138     0.00122741103628524
2.4596310101716305     0.002042586552382927
2.5078359930221197     0.0031188321407555238
2.556040975872609     0.0044191604049419325
2.6042459587231015     0.005889270998402904
2.6524509415735906     0.007487085785157589
2.7006559244240798     0.009195371244021443
2.7488609072745724     0.011005293824356097
2.7970658901250616     0.012880642178979686
2.8452708729755507     0.01472424457921468
2.8934758558260434     0.0163664172691271
2.9416808386765325     0.017591690707081026
2.9898858215270216     0.018215544258348298
3.0380908043775143     0.018201727409642755
3.0862957872280035     0.017770252128419872
3.1345007700784926     0.01741801032639713
3.1827057529289853     0.01779694979167007
3.2309107357794744     0.019467555536676506
3.2791157186299635     0.02262156700067025
3.327320701480456     0.02689935657675707
3.3755256843309454     0.03140159725153032
3.4237306671814345     0.03492729221705386
3.471935650031927     0.03638000252783836
3.5201406328824163     0.035194657538718144
3.5683456157329054     0.03159290333220531
3.616550598583398     0.026525031532099185
3.6647555814338872     0.021302638730082327
3.7129605642843764     0.017091806927802752
3.761165547134869     0.01451279861666068
3.809370529985358     0.013525674550857795
3.8575755128358473     0.013618206272558112
3.90578049568634     0.01415873139221176
3.953985478536829     0.014717519791875794
4.002190461387318     0.01521126108482996
4.050395444237811     0.0158387701298694
4.0986004270883     0.016881328555376336
4.146805409938789     0.018486627264499404
4.195010392789282     0.020533863502690843
4.243215375639771     0.02262348705420575
4.29142035849026     0.02418833804296001
4.339625341340753     0.024689744364657717
4.387830324191242     0.023825371792442342
4.436035307041735     0.021648001181445917
4.484240289892224     0.018525166749713887
4.532445272742713     0.014967685283373744
4.580650255593206     0.01144163724676286
4.628855238443695     0.008267348268907626
4.677060221294184     0.005618062062496501
4.7252652041446765     0.003560068109014482
4.773470186995166     0.0020828270272207784
4.821675169845655     0.0011144058338781308
4.8698801526961475     0.0005409951766555004
4.918085135546637     0.00023686140190328511
4.966290118397126     9.31283551063123e-05
5.014495101247618     3.278508616564773e-05
5.062700084098108     1.0313848203352374e-05
5.110905066948597     2.8956811859536633e-06
5.159110049799089     7.249334100417533e-07
5.2073150326495785     1.617424183379836e-07
5.255520015500068     3.2149457131479454e-08
5.30372499835056     5.691770797400396e-09
5.3519299812010495     8.973889502293417e-10
5.400134964051539     1.259887921558286e-10
5.448339946902031     1.574976336041967e-11
5.49654492975252     1.7530311199643297e-12
5.5447499126030095     1.7372702198828583e-13
5.592954895453502     1.5328509730672407e-14
5.641159878303991     1.204155366560478e-15
5.6893648611544805     8.421937998434817e-17
5.737569844004973     5.244286976543061e-18
5.785774826855462     2.9073976092082024e-19
5.833979809705951     1.435043659133237e-20
5.882184792556444     6.306202949510722e-22
5.930389775406933     2.4672827233257827e-23
5.978594758257422     8.732881246109532e-25
6.026799741107915     4.99269640785175e-25
6.075004723958404     1.4327037776790478e-23
6.123209706808893     3.8664749687468133e-22
6.171414689659386     9.290899567857071e-21
6.219619672509875     1.9877758934577964e-19
6.267824655360364     3.786615690442687e-18
6.316029638210857     6.422708421758358e-17
6.364234621061346     9.700180106206175e-16
6.412439603911835     1.3045194272811749e-14
6.460644586762328     1.562244248253523e-13
6.508849569612817     1.666089702478674e-12
6.557054552463306     1.5824448782336682e-11
6.605259535313799     1.3386812285193457e-10
6.653464518164288     1.0087688678378226e-09
6.701669501014777     6.772235837652975e-09
6.74987448386527     4.051108723600018e-08
6.798079466715759     2.1597919462042897e-07
6.846284449566252     1.0265133545269091e-06
6.894489432416741     4.350902403926138e-06
6.94269441526723     1.6452744162273223e-05
6.9908993981177225     5.553478954044198e-05
7.039104380968212     0.00016742919693280491
7.087309363818701     0.0004511928918373481
7.1355143466691935     0.0010877849845246353
7.183719329519683     0.002348656674697245
7.231924312370172     0.004546702940019248
7.280129295220664     0.007901882781490992
7.328334278071154     0.012345749397828383
7.376539260921643     0.017365314655986532
7.424744243772135     0.022023866588516943
7.4729492266226245     0.025231776526821986
7.521154209473114     0.026185947114224173
7.569359192323606     0.02475730791441598
7.6175641751740955     0.02159856811741
7.665769158024585     0.017889823328968827
7.713974140875077     0.0148408956519009
7.762179123725566     0.013198316727447043
7.8103841065760555     0.012997769067254658
7.858589089426548     0.013677482047911079
7.906794072277037     0.014484170682025226
7.9549990551275265     0.014938742954086634
8.00320403797802     0.015078580605399867
8.051409020828508     0.015322160656240034
8.099614003678997     0.016060627597456707
8.14781898652949     0.017289907061327665
8.19602396937998     0.018573872963995687
8.244228952230468     0.019364622632396817
8.292433935080961     0.01940689211143195
8.34063891793145     0.018881903025735506
8.38884390078194     0.018177211742573713
8.437048883632432     0.017501210574550112
8.485253866482921     0.016689221547296167
8.53345884933341     0.01535937769000694
8.581663832183903     0.013260531787934304
8.629868815034392     0.010508404357316202
8.678073797884881     0.007539066561189715
8.726278780735374     0.004859484318518321
8.774483763585863     0.00280720611880236
8.822688746436352     0.0014679754226048153
8.870893729286845     0.0007512831041286705
8.919098712137334     0.0005318949529520862
8.967303694987823     0.0007692772255020021
9.015508677838316     0.0015607574379222695
9.063713660688805     0.003110270944028706
9.111918643539294     0.005603394095740419
9.160123626389787     0.009012377651820105
9.208328609240276     0.012927799535529043
9.256533592090769     0.01656896703350349
9.304738574941258     0.019068669922980945
9.352943557791747     0.019940149320971275
9.40114854064224     0.01944298018265649
9.449353523492729     0.01855494473612608
9.497558506343218     0.018483389351405838
9.54576348919371     0.01996238880312108
9.5939684720442     0.022755090758356834
9.642173454894689     0.02568912014076613
9.690378437745181     0.027241694553907746
9.73858342059567     0.02634228815283967
9.78678840344616     0.022908851723006225
9.834993386296652     0.01781163036836679
9.883198369147141     0.012350471486445982
9.93140335199763     0.007629649390172229
9.979608334848123     0.004197478225367882
10.027813317698612     0.002056187672215378
10.076018300549102     0.0008968051997881433
10.124223283399594     0.000348243203712772
10.172428266250083     0.00012039585141860206
10.220633249100572     3.7058068806729984e-05
10.268838231951065     1.0155370180072271e-05
10.317043214801554     2.4777404680723356e-06
10.365248197652043     5.385616464821382e-07
10.413453180502536     1.074235529281379e-07
10.461658163353022     4.5529190430624574e-08
10.509863146203514     2.0606722231285575e-07
10.558068129054007     1.3347275903623927e-06
10.6062731119045     7.805745282422222e-06
10.654478094754985     4.071266375500083e-05
10.702683077605478     0.00018940003028206196
10.75088806045597     0.0007862474763923286
10.799093043306456     0.002914155739991615
10.847298026156949     0.009650522861427415
10.895503009007442     0.028580478766566254
10.943707991857927     0.07578466414604224
10.99191297470842     0.18020341056074854
11.040117957558913     0.3850612871043471
11.088322940409398     0.7415737848462504
11.13652792325989     1.292563164146515
11.184732906110384     2.051427662229688
11.232937888960869     2.9907826922356793
11.281142871811362     4.055031213180673
11.329347854661854     5.195537549924007
11.37755283751234     6.404100371600735
11.425757820362833     7.711662191940146
11.473962803213325     9.140576697403871
11.522167786063811     10.639722361189769
11.570372768914304     12.057537199432376
11.618577751764796     13.189430642682314
11.666782734615282     13.880469033153737
11.714987717465775     14.11551358117478
11.763192700316267     14.030693072385068
11.811397683166753     13.835260775078037
11.859602666017246     13.6985660762995
11.907807648867738     13.679871954292427
11.956012631718224     13.741068935720905
12.004217614568716     13.816882023852639
12.05242259741921     13.879534728572153
12.100627580269695     13.954007622215613
12.148832563120187     14.092206457553003
12.19703754597068     14.34704694428162
12.245242528821166     14.772310227439357
12.293447511671658     15.434103965181148
12.341652494522151     16.40142626579671
12.389857477372637     17.70521807108597
12.43806246022313     19.290499175613196
12.486267443073622     20.996508598251687
12.534472425924108     22.578823561012754
12.5826774087746     23.762498755774352
12.630882391625093     24.309876894313334
12.679087374475579     24.092984053433923
12.727292357326071     23.155530635339915
12.775497340176564     21.732979501772924
12.82370232302705     20.19873509270129
12.871907305877542     18.93964227208154
12.920112288728035     18.213717628594214
12.96831727157852     18.063474022632136
13.016522254429013     18.329148722940854
13.064727237279506     18.749977914113675
13.112932220129991     19.09696297382455
13.161137202980484     19.269144116479563
13.209342185830977     19.307328785583667
13.257547168681462     19.324714572926876
13.305752151531955     19.404958816626436
13.353957134382448     19.544519522116715
13.402162117232933     19.68890456616136
13.450367100083426     19.838079947782063
13.498572082933919     20.129729396969346
13.546777065784404     20.81534818131839
13.594982048634897     22.13023368179212
13.64318703148539     24.150743700363154
13.691392014335875     26.743055671541313
13.739596997186368     29.628684752662082
13.78780198003686     32.50384849228117
13.836006962887346     35.1314646559194
13.884211945737839     37.37261919664572
13.932416928588331     39.17489017058839
13.980621911438817     40.54549268429211
14.02882689428931     41.52098779055907
14.077031877139802     42.134874020951564
14.125236859990288     42.390486537686876
14.17344184284078     42.2562418839241
14.221646825691273     41.696799246874086
14.269851808541759     40.73220148989171
14.318056791392252     39.4890689332934
14.366261774242744     38.19623056650296
14.41446675709323     37.09964047411677
14.462671739943723     36.323418593330196
14.510876722794215     35.75477247909417
14.5590817056447     35.04047173642722
14.607286688495194     33.73099192927287
14.655491671345686     31.517245395312866
14.703696654196172     28.433824652941492
14.751901637046664     24.90979210440025
14.800106619897157     21.636999240702192
14.848311602747643     19.332161591042524
14.896516585598135     18.511609758454565
14.944721568448628     19.35583928194138
14.992926551299114     21.671598823744105
15.041131534149606     24.930769604008177
15.089336517000099     28.381792023353455
15.137541499850585     31.236066443223347
15.185746482701077     32.8932090779823
15.23395146555157     33.11927804059691
15.282156448402056     32.09287380532814
15.330361431252548     30.29852274564112
15.378566414103041     28.325143920428374
15.426771396953527     26.663993840119794
15.47497637980402     25.584671765562064
15.523181362654512     25.124562409551295
15.571386345505005     25.177649500882477
15.61959132835549     25.620573629305298
15.667796311205983     26.386651590137618
15.716001294056476     27.429048436753952
15.764206276906961     28.608163399305415
15.812411259757454     29.625586430561533
15.860616242607946     30.108613636490304
15.908821225458432     29.814902674781738
15.957026208308925     28.798730006865355
16.005231191159417     27.395662538731393
16.053436174009903     26.033947605266903
16.101641156860396     25.016851060185367
16.14984613971089     24.415280004032287
16.198051122561374     24.09721840985468
16.246256105411867     23.828318430222506
16.29446108826236     23.373962741556284
16.342666071112845     22.574516430769343
16.390871053963338     21.38811817600577
16.43907603681383     19.89412491788799
16.487281019664316     18.256335381834237
16.53548600251481     16.664826952557267
16.5836909853653     15.285742954599815
16.631895968215787     14.236757589029423
16.68010095106628     13.584648580164918
16.728305933916772     13.348228175308394
16.776510916767258     13.49253383511439
16.82471589961775     13.917659021209532
16.872920882468243     14.466332568931728
16.92112586531873     14.974342852264526
16.96933084816922     15.352785798551361
17.017535831019714     15.646494081305347
17.0657408138702     16.011102413189548
17.113945796720692     16.610318531399816
17.162150779571185     17.50564072771834
17.21035576242167     18.622602009786824
17.258560745272163     19.815529645647068
17.306765728122656     20.97192359435495
17.35497071097314     22.067137396139078
17.403175693823634     23.123956105658777
17.451380676674127     24.11393821892054
17.499585659524612     24.889911406474326
17.547790642375105     25.214034850241795
17.595995625225598     24.863510464989947
17.644200608076083     23.734584514815328
17.692405590926576     21.8820647831876
17.74061057377707     19.496983343984613
17.788815556627554     16.86156786170837
17.837020539478047     14.300409085127933
17.88522552232854     12.1179992494215
17.933430505179025     10.522955525639327
17.981635488029518     9.569682190136549
18.02984047088001     9.151322589558907
18.078045453730496     9.048101909904368
18.12625043658099     9.008076824299506
18.17445541943148     8.832608181127142
18.222660402281967     8.442324266381087
18.27086538513246     7.899288710246146
18.319070367982953     7.3693911618434615
18.367275350833438     7.035667335556251
18.41548033368393     7.003008160605372
18.463685316534423     7.242485032708748
18.51189029938491     7.602432558852089
18.5600952822354     7.878041957392118
18.608300265085894     7.90168819853462
18.65650524793638     7.607222130493291
18.704710230786873     7.038236372195775
18.752915213637365     6.303971909683326
18.80112019648785     5.515511960015326
18.849325179338344     4.740359450150577
18.897530162188836     3.9950891948178007
18.945735145039322     3.269645986701005
18.993940127889815     2.5601784526383193
19.042145110740307     1.8874171872927539
19.090350093590793     1.2914189655843533
19.138555076441286     0.8107459880833918
19.186760059291778     0.4629981636634008
19.234965042142264     0.2390229672710358
19.283170024992756     0.11106195933865201
19.33137500784325     0.04634333575573475
19.379579990693735     0.017515532240268746
19.427784973544227     0.0067233972753292124
19.47598995639472     0.005097448303404486
19.524194939245206     0.011037110739797715
19.5723999220957     0.02964089413526111
19.62060490494619     0.07365465988627365
19.668809887796677     0.1643058479305407
19.71701487064717     0.3290573598668723
19.765219853497662     0.5940080088694298
19.813424836348148     0.9724128907958483
19.86162981919864     1.4556027747518387
19.909834802049133     2.0130970114110087
19.95803978489962     2.601778526055307
20.00624476775011     3.175304226474364
20.054449750600604     3.6853856383613066
20.10265473345109     4.078063391260532
20.150859716301582     4.297107679420587
20.199064699152075     4.300037430204798
20.24726968200256     4.0766420555274605
20.295474664853053     3.6550364887657416
20.343679647703546     3.0921442131622947
20.39188463055404     2.4583141423717048
20.440089613404524     1.8249132022440113
20.488294596255017     1.2547433824968506
20.53649957910551     0.7922788375982899
20.584704561955995     0.4559556229459999
20.632909544806488     0.2380960271696156
20.68111452765698     0.113976071392377
20.729319510507466     0.05529013755045849
20.77752449335796     0.04169136936239434
20.82572947620845     0.06719760362794308
20.873934459058937     0.14131801218894063
20.92213944190943     0.2849949956425723
20.970344424759922     0.5206730149810666
21.018549407610408     0.8575229303956965
21.0667543904609     1.2775469281218046
21.114959373311393     1.7314607812130622
21.16316435616188     2.1495524246648365
21.21136933901237     2.463297025159236
21.259574321862864     2.6269251716651465
21.30777930471335     2.6305833918125607
21.355984287563842     2.5033648495862155
21.404189270414335     2.3061652332741334
21.45239425326482     2.111922149854517
21.500599236115313     1.9746959433030724
21.548804218965806     1.9015677335736685
21.59700920181629     1.8483367746366857
21.64521418466678     1.7474883809796975
