-21.59465543222305     1.0177716660943042e-05
-21.54645044937256     1.4902865551707765e-05
-21.498245466522068     2.1159585886149873e-05
-21.45004048367158     2.9633607498138026e-05
-21.40183550082109     4.117344127180033e-05
-21.353630517970597     5.632078181417074e-05
-21.305425535120108     7.474982397122083e-05
-21.25722055226962     9.511892519872498e-05
-21.209015569419126     0.00011570114676143534
-21.160810586568637     0.00013553594929163705
-21.112605603718148     0.00015518757237520113
-21.064400620867655     0.00017621651942997514
-21.016195638017166     0.00019941739595308487
-20.967990655166677     0.0002230941273075748
-20.919785672316184     0.000242997258033584
-20.871580689465695     0.00025446298825727273
-20.823375706615206     0.0002554697327293161
-20.775170723764713     0.0002483275293468568
-20.726965740914224     0.00023858453705798
-20.678760758063735     0.00023187963585525893
-20.630555775213242     0.0002310414882724837
-20.582350792362753     0.0002353476733764804
-20.53414580951226     0.0002419609359006012
-20.48594082666177     0.0002479803108506832
-20.437735843811282     0.00025162567966759044
-20.38953086096079     0.0002523601364819432
-20.3413258781103     0.000250665484208794
-20.29312089525981     0.00024789949464008604
-20.24491591240932     0.000245948626001094
-20.19671092955883     0.00024640476049241533
-20.14850594670834     0.00024969686198523757
-20.100300963857848     0.00025491255524371785
-20.05209598100736     0.0002604149128992117
-20.00389099815687     0.0002645778962925076
-19.955686015306377     0.00026604165788350983
-19.907481032455888     0.00026368184603900094
-19.8592760496054     0.00025690698214834344
-19.811071066754906     0.00024637693057699553
-19.762866083904417     0.00023443635649316485
-19.714661101053927     0.0002244762797374123
-19.666456118203435     0.0002192248406889432
-19.618251135352946     0.0002189107475452217
-19.570046152502456     0.00022057929144881565
-19.521841169651964     0.00021929868777883612
-19.473636186801475     0.00021083213216833193
-19.425431203950986     0.00019427954520331007
-19.377226221100493     0.00017304118645302205
-19.329021238250004     0.00015346315781824445
-19.280816255399515     0.00014198681250276944
-19.232611272549022     0.00014248251948883211
-19.184406289698533     0.00015519419906652378
-19.136201306848044     0.00017762118404554265
-19.08799632399755     0.0002063968829726042
-19.039791341147062     0.00023857523548848902
-18.991586358296573     0.0002713026971909969
-18.94338137544608     0.00030042514200369623
-18.89517639259559     0.00031984521835990375
-18.8469714097451     0.00032301477307816577
-18.79876642689461     0.00030599380074199903
-18.75056144404412     0.0002699044471934848
-18.70235646119363     0.00022095333890218317
-18.654151478343138     0.0001680498249555613
-18.60594649549265     0.00011959702036944612
-18.55774151264216     8.115556100276615e-05
-18.509536529791667     5.479287800300135e-05
-18.461331546941178     4.001879081345726e-05
-18.41312656409069     3.5722798558855836e-05
-18.364921581240196     4.232370170095885e-05
-18.316716598389707     6.318051186626503e-05
-18.268511615539218     0.00010419954187431953
-18.220306632688725     0.00017084415113140293
-18.172101649838236     0.00026292550064189183
-18.123896666987747     0.00036962019141993283
-18.075691684137254     0.0004687368460314825
-18.027486701286765     0.0005330595120841375
-17.979281718436276     0.0005420030614154847
-17.931076735585783     0.0004919368330158097
-17.882871752735294     0.00039819363767257834
-17.834666769884805     0.0002872819184402082
-17.786461787034312     0.00018466811036976148
-17.738256804183823     0.00010574015549604738
-17.690051821333334     5.3923952210389495e-05
-17.64184683848284     2.4488896472620625e-05
-17.593641855632352     9.903065625654182e-06
-17.545436872781863     3.565829459541517e-06
-17.49723188993137     1.1432113291132812e-06
-17.44902690708088     3.263299270819327e-07
-17.400821924230392     8.293625626237437e-08
-17.3526169413799     1.8766534107048e-08
-17.30441195852941     3.78070147403735e-09
-17.25620697567892     6.781206888473372e-10
-17.20800199282843     1.0828947834046999e-10
-17.15979700997794     1.5396041150246908e-11
-17.11159202712745     1.948833001621108e-12
-17.063387044276958     2.196253242121863e-13
-17.01518206142647     2.2035964673635036e-14
-16.96697707857598     1.9684451997932036e-15
-16.918772095725487     1.5655106490862008e-16
-16.870567112874998     1.1084855602463391e-17
-16.822362130024505     6.987877588648236e-19
-16.774157147174016     3.9219469500798613e-20
-16.725952164323527     1.9597437151268673e-21
-16.677747181473034     8.71842343744701e-23
-16.629542198622545     3.453168174457645e-24
-16.581337215772056     1.2176951673387917e-25
-16.533132232921563     3.8229666352213114e-27
-16.484927250071074     1.0685712850763173e-28
-16.436722267220585     2.6591788852256185e-30
-16.388517284370092     5.891592048216378e-32
-16.340312301519603     1.1621410410223117e-33
-16.29210731866911     2.0409203968897214e-35
-16.24390233581862     3.191055434693031e-37
-16.195697352968132     4.442052490624945e-39
-16.14749237011764     5.505212380229517e-41
-16.09928738726715     6.074434703251192e-43
-16.05108240441666     6.027330262976474e-45
-16.00287742156617     6.707886071499484e-45
-15.95467243871568     6.570114620395743e-43
-15.90646745586519     5.774215291056694e-41
-15.8582624730147     4.518084395716394e-39
-15.810057490164208     3.1474351198884467e-37
-15.76185250731372     1.9520922087473316e-35
-15.713647524463228     1.0779161625371754e-33
-15.665442541612737     5.299205769858906e-32
-15.617237558762248     2.3194113155286046e-30
-15.569032575911757     9.038284625599623e-29
-15.520827593061266     3.1357079550504248e-27
-15.472622610210777     9.685603802400558e-26
-15.424417627360286     2.6635417409369234e-24
-15.376212644509796     6.521302595302515e-23
-15.328007661659306     1.4215158828641072e-21
-15.279802678808815     2.758749800488435e-20
-15.231597695958325     4.766693325065922e-19
-15.183392713107835     7.332768781523866e-18
-15.135187730257345     1.0043082020953055e-16
-15.086982747406854     1.2246663191206677e-15
-15.038777764556365     1.3296137607623712e-14
-14.990572781705874     1.2852805972794912e-13
-14.942367798855383     1.1062331449745458e-12
-14.894162816004894     8.477910120949426e-12
-14.845957833154403     5.785619678613385e-11
-14.797752850303912     3.5161530688108015e-10
-14.749547867453423     1.9032625644659524e-09
-14.701342884602932     9.177534088136397e-09
-14.65313790175244     3.9434190670548764e-08
-14.604932918901952     1.5105019222010964e-07
-14.55672793605146     5.161050237399283e-07
-14.50852295320097     1.5743931021384686e-06
-14.46031797035048     4.293492227781724e-06
-14.412112987499988     1.0486648229578726e-05
-14.363908004649499     2.299973388918994e-05
-14.31570302179901     4.545890533064419e-05
-14.267498038948517     8.135421023460859e-05
-14.219293056098028     0.00013262370256220119
-14.171088073247539     0.00019839124078359715
-14.122883090397046     0.0002746652240855307
-14.074678107546557     0.0003554403232605391
-14.026473124696068     0.0004350582946618682
-13.978268141845575     0.0005111190183082259
-13.930063158995086     0.0005864376528027113
-13.881858176144595     0.0006676995753739034
-13.833653193294104     0.0007592507411073853
-13.785448210443615     0.0008543389275750068
-13.737243227593124     0.0009307416712762286
-13.689038244742633     0.0009573341333330506
-13.640833261892144     0.0009103180176990802
-13.592628279041653     0.0007886170286533526
-13.544423296191162     0.0006169112120961979
-13.496218313340673     0.0004340223914761129
-13.448013330490182     0.000275339255290625
-13.399808347639691     0.00016079146135076307
-13.351603364789202     9.362568757155038e-05
-13.303398381938711     6.748379526164938e-05
-13.25519339908822     7.735769342829974e-05
-13.206988416237731     0.00013486753943406097
-13.15878343338724     0.00029553479952942077
-13.11057845053675     0.0007084688673196355
-13.06237346768626     0.0016889542975303898
-13.01416848483577     0.0037854708962008756
-12.965963501985279     0.007772328259169011
-12.91775851913479     0.014482536694591153
-12.869553536284299     0.024452374482958575
-12.821348553433808     0.03748659776548766
-12.773143570583319     0.0523838875014692
-12.724938587732828     0.06704886412541698
-12.676733604882337     0.0790185006677334
-12.628528622031848     0.08618441551419528
-12.580323639181357     0.0873935680467093
-12.532118656330866     0.08270994598164057
-12.483913673480377     0.07330277090380954
-12.435708690629886     0.06106982990856141
-12.387503707779395     0.04817520853777869
-12.339298724928906     0.03667410038880939
-12.291093742078415     0.028295190474778936
-12.242888759227924     0.024296097240559585
-12.194683776377433     0.0252381414141667
-12.146478793526944     0.030659636939275033
-12.098273810676453     0.038901925260027406
-12.050068827825962     0.04751011768740676
-12.001863844975473     0.054435219979282266
-11.953658862124982     0.05970875655803838
-11.905453879274491     0.06669680650446057
-11.857248896424002     0.08192371699466483
-11.809043913573511     0.11299412822819907
-11.76083893072302     0.1651896801375105
-11.712633947872531     0.23844615877166508
-11.66442896502204     0.3268922059187245
-11.61622398217155     0.422115603822308
-11.56801899932106     0.5188153075541687
-11.51981401647057     0.6191453551693533
-11.471609033620078     0.7321523737965027
-11.423404050769589     0.8677277339234568
-11.375199067919098     1.0282216618456874
-11.326994085068607     1.2026004840211557
-11.278789102218118     1.3670469960607976
-11.230584119367627     1.4930797595437129
-11.182379136517136     1.5604251749618085
-11.134174153666647     1.5681709821886278
-11.085969170816156     1.5368473240370069
-11.037764187965665     1.49845394864464
-10.989559205115174     1.479409757399926
-10.941354222264685     1.4868967300262803
-10.893149239414194     1.5069825282489198
-10.844944256563704     1.5145069831026212
-10.796739273713214     1.4869585582060183
-10.748534290862723     1.4135761677972787
-10.700329308012233     1.2963935738045786
-10.652124325161743     1.1461294985341959
-10.603919342311253     0.9775866007845987
-10.555714359460762     0.8066470307444312
-10.507509376610273     0.6480197794981863
-10.459304393759782     0.5126390277516106
-10.41109941090929     0.40536456330874643
-10.362894428058802     0.3246522861218334
-10.31468944520831     0.2647490173574132
-10.26648446235782     0.21900746894124584
-10.21827947950733     0.18226800105156266
-10.17007449665684     0.15142330617774194
-10.121869513806349     0.12483526879368534
-10.07366453095586     0.10172002789787911
-10.025459548105369     0.08194708137513484
-9.977254565254878     0.06595687494707062
-9.929049582404389     0.05442365248933064
-9.880844599553898     0.04770643060981443
-9.832639616703407     0.0454478848503875
-9.784434633852916     0.04658432876665848
-9.736229651002427     0.04969783626261415
-9.688024668151936     0.05343683821884546
-9.639819685301445     0.056791435237485345
-9.591614702450956     0.059172815806597216
-9.543409719600465     0.06033616635313093
-9.495204736749974     0.0602224211727062
-9.446999753899485     0.05884947246634634
-9.398794771048994     0.05638434257717377
-9.350589788198503     0.05337031127862699
-9.302384805348014     0.050879967680072975
-9.254179822497523     0.0503649306203457
-9.205974839647032     0.05321042908772348
-9.157769856796543     0.060217773727809176
-9.109564873946052     0.07122107405706937
-9.061359891095561     0.08491573018415316
-9.013154908245072     0.09897053039814804
-8.964949925394581     0.11056680901581559
-8.91674494254409     0.11736705708594966
-8.868539959693601     0.11851091121483402
-8.82033497684311     0.11498400535567317
-8.77212999399262     0.10902139177364452
-8.72392501114213     0.10291538123965312
-8.67572002829164     0.09804584368747901
-8.627515045441148     0.09473857850671112
-8.579310062590658     0.09293885802067996
-8.531105079740168     0.09321223404491337
-8.482900096889677     0.09754335373161364
-8.434695114039187     0.10972764676434955
-8.386490131188697     0.1356473712199745
-8.338285148338207     0.18413786433590879
-8.290080165487716     0.26902327490986383
-8.241875182637227     0.4117428148706856
-8.193670199786736     0.642080029640664
-8.145465216936245     0.9936221171182715
-8.097260234085756     1.4930048184195333
-8.049055251235265     2.147462967595036
-8.000850268384774     2.9389192676803524
-7.952645285534285     3.829357400763499
-7.904440302683794     4.773115944373045
-7.856235319833303     5.726476191930895
-7.808030336982814     6.649690041402128
-7.759825354132323     7.504612191372433
-7.711620371281832     8.251242886719869
-7.663415388431343     8.840998996373933
-7.615210405580852     9.207358944618113
-7.567005422730361     9.267603662670378
-7.518800439879872     8.952447540967878
-7.470595457029381     8.257042541083807
-7.42239047417889     7.275026543400591
-7.374185491328399     6.176318994543954
-7.32598050847791     5.131750919651562
-7.277775525627419     4.2360901885913895
-7.229570542776928     3.4856348337270195
-7.181365559926439     2.820659300410752
-7.133160577075948     2.1912935991493425
-7.084955594225457     1.5951259926475436
-7.036750611374968     1.06819990981802
-6.988545628524477     0.6504034707035207
-6.940340645673986     0.3577097562761873
-6.892135662823497     0.17716513688463545
-6.843930679973006     0.07901023252094533
-6.795725697122515     0.03191312849622198
-6.747520714272026     0.01206111897515486
-6.699315731421535     0.004986983846582686
-6.651110748571044     0.003358295917471484
-6.602905765720555     0.003978633298434494
-6.554700782870064     0.005569376484328683
-6.506495800019573     0.007559687101434856
-6.458290817169084     0.009585041269579939
-6.410085834318593     0.01135711187363045
-6.3618808514681024     0.012672966905822187
-6.313675868617613     0.013436540508115503
-6.265470885767122     0.013647069780495881
-6.2172659029166315     0.013364014616497812
-6.169060920066141     0.012677824366796615
-6.1208559372156515     0.011704358493663171
-6.072650954365161     0.010597729705257877
-6.02444597151467     0.009561160263139723
-5.9762409886641805     0.0088327265103794
-5.92803600581369     0.008630204259926746
-5.879831022963199     0.009061337705183924
-5.83162604011271     0.01004492089049472
-5.783421057262219     0.011317116671808236
-5.735216074411728     0.0125669659465254
-5.687011091561239     0.01364376271607311
-5.638806108710748     0.014681760267133831
-5.590601125860257     0.016005957210756035
-5.542396143009768     0.017842776770002563
-5.494191160159275     0.020043302356367185
-5.445986177308786     0.022061934795281932
-5.397781194458297     0.023257686482660477
-5.349576211607804     0.02332482353100375
-5.301371228757315     0.02253372294774815
-5.253166245906826     0.021591738489183387
-5.204961263056333     0.021223123467610783
-5.156756280205844     0.021785494297771966
-5.108551297355355     0.02321961383351028
-5.060346314504862     0.025393606425591797
-5.012141331654373     0.02862303535986763
-4.963936348803884     0.03399864146736324
-4.915731365953391     0.04321216560592676
-4.867526383102902     0.05781355823716398
-4.819321400252413     0.07816132289043792
-4.77111641740192     0.10258428761255467
-4.722911434551431     0.12728919684799594
-4.674706451700942     0.14725866714223546
-4.626501468850449     0.15790830688990173
-4.57829648599996     0.15684893116179807
-4.530091503149471     0.14494348816429947
-4.481886520298978     0.12607641763722482
-4.433681537448489     0.10564731146655963
-4.385476554598     0.0885065134124325
-4.337271571747507     0.07740251547043707
-4.289066588897018     0.07268200799231789
-4.240861606046529     0.07316296948514664
-4.1926566231960365     0.07739989627016167
-4.144451640345547     0.08446975247454681
-4.096246657495058     0.09390329590361077
-4.0480416746445655     0.10504512542922476
-3.9998366917940764     0.11651037731204898
-3.9516317089435873     0.12631427629176875
-3.9034267260930946     0.13274750093207083
-3.8552217432426055     0.13545486609181512
-3.8070167603921163     0.13588006682310416
-3.7588117775416237     0.13655806011031427
-3.7106067946911345     0.13952653199902426
-3.6624018118406454     0.14483540234202846
-3.6141968289901527     0.15020020079025784
-3.5659918461396636     0.15215691829000727
-3.5177868632891744     0.1480900335310377
-3.4695818804386818     0.1379504045087283
-3.4213768975881926     0.12478870884004581
-3.3731719147377035     0.11413002666246647
-3.324966931887211     0.11291451608660422
-3.2767619490367217     0.12863536847539783
-3.2285569661862326     0.16859815072621712
-3.18035198333574     0.2387164405415467
-3.1321470004852507     0.34166026765680657
-3.0839420176347616     0.4753663193235914
-3.035737034784269     0.6337748561902156
-2.98753205193378     0.8107968284746947
-2.939327069083287     1.0057908324077562
-2.891122086232798     1.226287903453111
-2.842917103382309     1.4843477787032457
-2.794712120531816     1.7875596553185285
-2.746507137681327     2.130941087948511
-2.698302154830838     2.496632071681848
-2.6500971719803452     2.862565007032882
-2.601892189129856     3.213648549138928
-2.553687206279367     3.5465406231333154
-2.5054822234288743     3.8645878674074394
-2.457277240578385     4.16810520050845
-2.409072257727896     4.448745077358174
-2.3608672748774033     4.692062836166216
-2.312662292026914     4.8845130528632055
-2.264457309176425     5.017823824043459
-2.2162523263259324     5.087547478683613
-2.1680473434754433     5.0889137482449875
-2.119842360624954     5.015572546683642
-2.0716373777744614     4.863648059961521
-2.0234323949239723     4.638302156434977
-1.9752274120734832     4.35745108232189
-1.9270224292229905     4.049126626089628
-1.8788174463725014     3.7432539061016548
-1.8306124635220122     3.462035774204679
-1.7824074806715196     3.2137881582891694
-1.7342024978210304     2.9931928190212598
-1.6859975149705413     2.787747423107301
-1.6377925321200486     2.5869704207589774
-1.5895875492695595     2.3891546258276675
-1.5413825664190703     2.201649136783714
-1.4931775835685777     2.034722205345505
-1.4449726007180885     1.8934628680082597
-1.3967676178675994     1.7735360499951944
-1.3485626350171067     1.6637078576063289
-1.3003576521666176     1.5531034360483629
-1.2521526693161285     1.4379636561303724
-1.2039476864656358     1.3234891302866936
-1.1557427036151466     1.2201525927601304
-1.1075377207646575     1.1374578514919345
-1.0593327379141648     1.0791162618810157
-1.0111277550636757     1.0420206911346408
-0.9629227722131866     1.0188845522386552
-0.9147177893626939     1.0025708866801566
-0.8665128065122047     0.9896675857203994
-0.8183078236617156     0.9816630352745518
-0.7701028408112229     0.9834735536266829
-0.7218978579607338     1.000248088034218
-0.6736928751102447     1.0339116747507366
-0.625487892259752     1.0809086910218597
-0.5772829094092629     1.1322129477180762
-0.5290779265587702     1.1758150320352652
-0.48087294370828104     1.2006961886402803
-0.4326679608577919     1.200395724879462
-0.3844629780072992     1.1744063003034289
-0.3362579951568101     1.1268309965336836
-0.28805301230632097     1.0632375926558453
-0.23984802945582828     0.9875556600588578
-0.19164304660533915     0.9007938717786262
-0.14343806375485002     0.8023670945550953
-0.09523308090435734     0.6932033891017501
-0.047028098053868206     0.5783295209125958
0.001176884796620925     0.4666060909860323
0.04938186764711361     0.36731688127415657
0.09758685049760274     0.2860255916766937
0.14579183334809187     0.22293680886149192
0.19399681619858455     0.174935305217613
0.24220179904907368     0.13943158084355542
0.2904067818995628     0.11693243793768628
0.3386117647500555     0.11064618383053186
0.38681674760054463     0.12372219244290407
0.43502173045103376     0.15599897319777586
0.48322671330152644     0.20206103422335636
0.5314316961520156     0.25168680031883117
0.5796366790025047     0.2927643020910376
0.6278416618529974     0.3154569526646786
0.6760466447034865     0.3154346546258272
0.7242516275539757     0.2944208385331753
0.7724566104044683     0.25815566425031833
0.8206615932549575     0.213544666496484
0.8688665761054466     0.16673724020428524
0.9170715589559393     0.12251102100438596
0.9652765418064284     0.08425477257184172
1.0134815246569175     0.053918576646049696
1.0616865075074102     0.031940790667489435
1.1098914903578994     0.017442761716733098
1.1580964732083885     0.00875223050787685
1.2063014560588812     0.004023591027063971
1.2545064389093703     0.0016899781777763617
1.3027114217598594     0.0006466087519812529
1.3509164046103521     0.0002246760681241201
1.3991213874608412     7.067757477564196e-05
1.4473263703113304     2.0069333736743702e-05
1.495531353161823     5.130355422072884e-06
1.5437363360123122     1.177921329474243e-06
1.5919413188628013     2.424427009599476e-07
1.640146301713294     4.474683912432524e-08
1.6883512845637831     8.239372255133217e-09
1.7365562674142723     8.943005538006672e-09
1.784761250264765     6.225178110197594e-08
1.832966233115254     4.369414329145078e-07
1.8811712159657468     2.737066068098687e-06
1.929376198816236     1.52698722148384e-05
1.977581181666725     7.587782837512307e-05
2.0257861645172177     0.00033589647820699123
2.073991147367707     0.001325028034208349
2.122196130218196     0.0046595480770887845
2.1704011130686887     0.01461527391390936
2.218606095919178     0.040923115190151335
2.266811078769667     0.1024094964726605
2.3150160616201596     0.22943460085505352
2.3632210444706487     0.46130165893812364
2.411426027321138     0.835284345838722
2.4596310101716305     1.368836514932946
2.5078359930221197     2.04418428757481
2.556040975872609     2.8078953849214656
2.6042459587231015     3.590822729427084
2.6524509415735906     4.339230505723489
2.7006559244240798     5.038420672702921
2.7488609072745724     5.714560802186942
2.7970658901250616     6.413578334966678
2.8452708729755507     7.166549658639633
2.8934758558260434     7.955877150459536
2.9416808386765325     8.700071067407318
2.9898858215270216     9.27495445437485
3.0380908043775143     9.575124893781137
3.0862957872280035     9.590686310629494
3.1345007700784926     9.4510567120308
3.1827057529289853     9.395437635968433
3.2309107357794744     9.67022243127086
3.2791157186299635     10.399874929163172
3.327320701480456     11.497624561201954
3.3755256843309454     12.665662595051334
3.4237306671814345     13.49449000149856
3.471935650031927     13.626667182713073
3.5201406328824163     12.916753605228754
3.5683456157329054     11.511435783058715
3.616550598583398     9.803135328174266
3.6647555814338872     8.27035864149745
3.7129605642843764     7.27848348019375
3.761165547134869     6.938724220526484
3.809370529985358     7.093585203033717
3.8575755128358473     7.4292989210268905
3.90578049568634     7.648157994930897
3.953985478536829     7.605877618630467
4.002190461387318     7.347076797099078
4.050395444237811     7.036178408490253
4.0986004270883     6.839354601764417
4.146805409938789     6.830437432910559
4.195010392789282     6.965252968973564
4.243215375639771     7.12046746757521
4.29142035849026     7.159592911225488
4.339625341340753     6.9872668670373805
4.387830324191242     6.572788665629256
4.436035307041735     5.943945775765712
4.484240289892224     5.162865381502851
4.532445272742713     4.299634518401988
4.580650255593206     3.4172651124783586
4.628855238443695     2.5708704180381514
4.677060221294184     1.811255190990815
4.7252652041446765     1.1814963712781699
4.773470186995166     0.7062134911467034
4.821675169845655     0.3835487095281546
4.8698801526961475     0.18806927054181433
4.918085135546637     0.08287954863473483
4.966290118397126     0.03272205793662316
5.014495101247618     0.011549759291535126
5.062700084098108     0.003639388527091797
5.110905066948597     0.0010228225124973727
5.159110049799089     0.0002562248016559154
5.2073150326495785     5.718944256602893e-05
5.255520015500068     1.1370240882810705e-05
5.30372499835056     2.0132953964097595e-06
5.3519299812010495     3.1745357483495814e-07
5.400134964051539     4.457133422440717e-08
5.448339946902031     5.572019525977125e-09
5.49654492975252     6.202079851229854e-10
5.5447499126030095     6.146398371601284e-11
5.592954895453502     5.423213471382681e-12
5.641159878303991     4.260311920649316e-13
5.6893648611544805     2.979697673750553e-14
5.737569844004973     1.8554420768398954e-15
5.785774826855462     1.0286458173694618e-16
5.833979809705951     5.077230090533174e-18
5.882184792556444     2.2311555513521857e-19
5.930389775406933     8.729202143218478e-21
5.978594758257422     3.0406140068587735e-22
6.026799741107915     9.442860798121056e-24
6.075004723958404     6.656041847668969e-25
6.123209706808893     1.0942952077726681e-23
6.171414689659386     2.6277675252501705e-22
6.219619672509875     5.62147343574614e-21
6.267824655360364     1.0707182045730319e-19
6.316029638210857     1.8157973300557322e-18
6.364234621061346     2.7417877540631942e-17
6.412439603911835     3.686239975372423e-16
6.460644586762328     4.412941593208113e-15
6.508849569612817     4.7041607477456266e-14
6.557054552463306     4.465437963535766e-13
6.605259535313799     3.774830125345474e-12
6.653464518164288     2.8419210885229692e-11
6.701669501014777     1.9056608101900277e-10
6.74987448386527     1.1382715499230955e-09
6.798079466715759     6.057215751515496e-09
6.846284449566252     2.872121823030919e-08
6.894489432416741     1.2137532490316878e-07
6.94269441526723     4.5727193623876255e-07
6.9908993981177225     1.5363251651681194e-06
7.039104380968212     4.605099268038811e-06
7.087309363818701     1.2321579485703213e-05
7.1355143466691935     2.94467842377574e-05
7.183719329519683     6.290439399245992e-05
7.231924312370172     0.00012022206929859443
7.280129295220664     0.00020577972240406597
7.328334278071154     0.00031583888673704423
7.376539260921643     0.00043530932746387756
7.424744243772135     0.0005397418784845953
7.4729492266226245     0.0006036442823049933
7.521154209473114     0.0006118860341836669
7.569359192323606     0.0005680061959260883
7.6175641751740955     0.0004943401431199817
7.665769158024585     0.000423349759925403
7.713974140875077     0.0003841280745345117
7.762179123725566     0.0003901915611101369
7.8103841065760555     0.00043411835606394866
7.858589089426548     0.0004920126925159901
7.906794072277037     0.0005364262905261643
7.9549990551275265     0.0005512808291013498
8.00320403797802     0.0005398006532053544
8.051409020828508     0.0005199132764389888
8.099614003678997     0.0005100852674169142
8.14781898652949     0.0005158561618897405
8.19602396937998     0.0005269275309492958
8.244228952230468     0.0005263016044821736
8.292433935080961     0.0005034786305783361
8.34063891793145     0.00046113018260268034
8.38884390078194     0.00041092940602598815
8.437048883632432     0.00036346388874935445
8.485253866482921     0.0003211986618709161
8.53345884933341     0.0002794343948316106
8.581663832183903     0.00023276960779200633
8.629868815034392     0.00018070011817105356
8.678073797884881     0.00012821547506528596
8.726278780735374     8.224427310889483e-05
8.774483763585863     4.771143291491726e-05
8.822688746436352     2.6158897205358686e-05
8.870893729286845     1.7337756130486874e-05
8.919098712137334     2.2464384745388378e-05
8.967303694987823     4.7529873786465036e-05
9.015508677838316     0.00010504125029896554
9.063713660688805     0.00021208466310898924
9.111918643539294     0.00038268079027923755
9.160123626389787     0.0006151273091387012
9.208328609240276     0.0008805149001295037
9.256533592090769     0.0011226001828418249
9.304738574941258     0.001275487992593987
9.352943557791747     0.0012933135632087693
9.40114854064224     0.0011743606693608052
9.449353523492729     0.0009627955300684678
9.497558506343218     0.0007261215161692413
9.54576348919371     0.0005232690581300969
9.5939684720442     0.000382765204997126
9.642173454894689     0.00030067989984841777
9.690378437745181     0.0002541521860808659
9.73858342059567     0.00021888595548119177
9.78678840344616     0.00018065258813173977
9.834993386296652     0.00013736925258995512
9.883198369147141     9.437965777054766e-05
9.93140335199763     5.808564506719513e-05
9.979608334848123     3.1907270041364674e-05
10.027813317698612     1.562049788435864e-05
10.076018300549102     6.81116075093196e-06
10.124223283399594     2.6446087661396057e-06
10.172428266250083     9.14265600076949e-07
10.220633249100572     2.814079565340317e-07
10.268838231951065     7.711631782689116e-08
10.317043214801554     1.8814793251155632e-08
10.365248197652043     4.087008662349897e-09
10.413453180502536     7.91383630634765e-10
10.461658163353022     1.445109240128074e-10
10.509863146203514     8.33228536938709e-11
10.558068129054007     4.160601837936808e-10
10.6062731119045     2.441337508768151e-09
10.654478094754985     1.2884734693805215e-08
10.702683077605478     6.081737863356829e-08
10.75088806045597     2.5692735319304224e-07
10.799093043306456     9.724410090932854e-07
10.847298026156949     3.301316083567801e-06
10.895503009007442     1.0065710745533287e-05
10.943707991857927     2.7603538737141686e-05
10.99191297470842     6.819586017760734e-05
11.040117957558913     0.00015207138941543738
11.088322940409398     0.0003067890507465944
11.13652792325989     0.0005616400589823418
11.184732906110384     0.0009370676203924886
11.232937888960869     0.001433980508707046
11.281142871811362     0.0020317858538245227
11.329347854661854     0.0027012362390593505
11.37755283751234     0.0034265474729217827
11.425757820362833     0.004218081840456471
11.473962803213325     0.005096700545931023
11.522167786063811     0.006051339047554667
11.570372768914304     0.007000016519451391
11.618577751764796     0.007794200959386939
11.666782734615282     0.008280563785887683
11.714987717465775     0.008387845857966312
11.763192700316267     0.008178808419991943
11.811397683166753     0.007826509896577762
11.859602666017246     0.007529173361117296
11.907807648867738     0.007423255175614262
11.956012631718224     0.007549649877673932
12.004217614568716     0.00787755532487415
12.05242259741921     0.008343158987264565
12.100627580269695     0.008862338402527285
12.148832563120187     0.009322024466834923
12.19703754597068     0.00958978857003616
12.245242528821166     0.00956381365459722
12.293447511671658     0.00923482980391732
12.341652494522151     0.00870588097486435
12.389857477372637     0.00814490520785909
12.43806246022313     0.007699303184652889
12.486267443073622     0.007428606406265195
12.534472425924108     0.007291812895558042
12.5826774087746     0.007185127401378753
12.630882391625093     0.006999174347200323
12.679087374475579     0.006665034730865784
12.727292357326071     0.006174498885322732
12.775497340176564     0.0055754548213172335
12.82370232302705     0.004950939063555539
12.871907305877542     0.0043914955989915435
12.920112288728035     0.003969021226341384
12.96831727157852     0.003718556710415005
13.016522254429013     0.0036328271933231395
13.064727237279506     0.0036716148841609785
13.112932220129991     0.0037828687565994276
13.161137202980484     0.0039257961660685275
13.209342185830977     0.004083041726168212
13.257547168681462     0.004254935833954451
13.305752151531955     0.0044424692527236945
13.353957134382448     0.004636697894675503
13.402162117232933     0.004828855655983214
13.450367100083426     0.005036649561838388
13.498572082933919     0.005322529402286338
13.546777065784404     0.0057786136749096795
13.594982048634897     0.006476289758220663
13.64318703148539     0.007409424132268276
13.691392014335875     0.00847150628623947
13.739596997186368     0.009486719433572035
13.78780198003686     0.010278374021772457
13.836006962887346     0.010734775140413112
13.884211945737839     0.010839310285913797
13.932416928588331     0.010659320891470005
13.980621911438817     0.010312477573296635
14.02882689428931     0.009932212155387934
14.077031877139802     0.009639632630864202
14.125236859990288     0.009518450014988277
14.17344184284078     0.00959469322032793
14.221646825691273     0.009834285693225768
14.269851808541759     0.010167975469152312
14.318056791392252     0.010530780612473535
14.366261774242744     0.01088419107657447
14.41446675709323     0.011198868064121579
14.462671739943723     0.011411650716932505
14.510876722794215     0.011401399595022566
14.5590817056447     0.011020377161751433
14.607286688495194     0.010172005682243149
14.655491671345686     0.00888165149720895
14.703696654196172     0.007307142224887859
14.751901637046664     0.005681038088149509
14.800106619897157     0.0042247651855769315
14.848311602747643     0.0030847520696215143
14.896516585598135     0.0023130823046490683
14.944721568448628     0.0018825168893033875
14.992926551299114     0.001714231351037576
15.041131534149606     0.001704981709122461
15.089336517000099     0.0017516560212222899
15.137541499850585     0.0017737705910108282
15.185746482701077     0.0017301639126435255
15.23395146555157     0.001623249065240654
15.282156448402056     0.0014877926094278742
15.330361431252548     0.0013690077513818274
15.378566414103041     0.001300430198807477
15.426771396953527     0.0012914208838104282
15.47497637980402     0.0013281784815870282
15.523181362654512     0.0013849605729709831
15.571386345505005     0.0014377162824752284
15.61959132835549     0.0014725040784616327
15.667796311205983     0.0014854291776760142
15.716001294056476     0.001476543184674069
15.764206276906961     0.0014435468265088785
15.812411259757454     0.0013803003825161655
15.860616242607946     0.001281084915900942
15.908821225458432     0.0011471634431854637
15.957026208308925     0.0009903589535168284
16.005231191159417     0.000830383593862241
16.053436174009903     0.0006871615041655225
16.101641156860396     0.0005729606562450177
16.14984613971089     0.0004890079480010912
16.198051122561374     0.0004278223785084627
16.246256105411867     0.00037883243822768066
16.29446108826236     0.0003336143383243715
16.342666071112845     0.0002884331985993696
16.390871053963338     0.00024394461884463882
16.43907603681383     0.00020328115147268447
16.487281019664316     0.0001698867386680565
16.53548600251481     0.00014590245382720314
16.5836909853653     0.00013134862263019473
16.631895968215787     0.0001241178776653898
16.68010095106628     0.00012074367267221608
16.728305933916772     0.00011772401805098893
16.776510916767258     0.00011283566855694438
16.82471589961775     0.00010575186551397669
16.872920882468243     9.770752502283668e-05
16.92112586531873     9.068493085491552e-05
16.96933084816922     8.691839893971832e-05
17.017535831019714     8.905006446192748e-05
17.0657408138702     0.00010042128444769979
17.113945796720692     0.00012458250576943236
17.162150779571185     0.00016361332641064418
17.21035576242167     0.00021597874910636242
17.258560745272163     0.00027554932124452777
17.306765728122656     0.0003331569233674634
17.35497071097314     0.0003803955666277924
17.403175693823634     0.0004133613952692298
17.451380676674127     0.00043355396821123166
17.499585659524612     0.0004451420729711207
17.547790642375105     0.0004507391963067374
17.595995625225598     0.0004489924698939334
17.644200608076083     0.00043558327841759336
17.692405590926576     0.00040645221976395396
17.74061057377707     0.000360763576565663
17.788815556627554     0.00030195751484399317
17.837020539478047     0.00023681240873677198
17.88522552232854     0.00017335908902214105
17.933430505179025     0.00011860728818169586
17.981635488029518     7.686139806125828e-05
18.02984047088001     4.912908679314398e-05
18.078045453730496     3.371014501516391e-05
18.12625043658099     2.7617843802642264e-05
18.17445541943148     2.8275852796137858e-05
18.222660402281967     3.4956008131542926e-05
18.27086538513246     4.945058680897717e-05
18.319070367982953     7.544340134506779e-05
18.367275350833438     0.00011626818749557662
18.41548033368393     0.00017158205923536521
18.463685316534423     0.00023470905490295826
18.51189029938491     0.00029294992964406017
18.5600952822354     0.0003318732679733975
18.608300265085894     0.0003417836050919773
18.65650524793638     0.00032239123358398044
18.704710230786873     0.0002824776696854746
18.752915213637365     0.00023484573678900344
18.80112019648785     0.00019011706517558968
18.849325179338344     0.00015321370992337342
18.897530162188836     0.0001237996126604018
18.945735145039322     9.914105836601136e-05
18.993940127889815     7.691819087626352e-05
19.042145110740307     5.648238546762119e-05
19.090350093590793     3.854037371683204e-05
19.138555076441286     2.4123628506774944e-05
19.186760059291778     1.3731237272828992e-05
19.234965042142264     7.0654034820822866e-06
19.283170024992756     3.2731656873568474e-06
19.33137500784325     1.3631815638338869e-06
19.379579990693735     5.182662485239648e-07
19.427784973544227     2.147900556719607e-07
19.47598995639472     2.1218492063585984e-07
19.524194939245206     5.208086676030046e-07
19.5723999220957     1.4229369323214705e-06
19.62060490494619     3.5563566667903657e-06
19.668809887796677     7.999293233722095e-06
19.71701487064717     1.625313223484019e-05
19.765219853497662     3.0068357455653826e-05
19.813424836348148     5.121752884467211e-05
19.86162981919864     8.143149207861666e-05
19.909834802049133     0.00012250360641313747
19.95803978489962     0.00017602974402541083
20.00624476775011     0.00024201722980945299
20.054449750600604     0.0003164464769535019
20.10265473345109     0.0003895041138116026
20.150859716301582     0.00044686099035096084
20.199064699152075     0.0004745858454535498
20.24726968200256     0.00046517131543262594
20.295474664853053     0.0004207863508073674
20.343679647703546     0.00035184661752469724
20.39188463055404     0.0002723770903622563
20.440089613404524     0.0001952479524169338
20.488294596255017     0.00012934543897837899
20.53649957910551     7.887464967506681e-05
20.584704561955995     4.4041872119466936e-05
20.632909544806488     2.239550970869575e-05
20.68111452765698     1.033045131996841e-05
20.729319510507466     4.3494726316573255e-06
20.77752449335796     1.806538514162574e-06
20.82572947620845     1.1191984672727328e-06
20.873934459058937     1.6661787222772e-06
20.92213944190943     3.6330508237056725e-06
20.970344424759922     7.952862727963526e-06
21.018549407610408     1.6301067511298457e-05
21.0667543904609     3.091129192982142e-05
21.114959373311393     5.3875787484867905e-05
21.16316435616188     8.577753722192381e-05
21.21136933901237     0.00012410584004575012
21.259574321862864     0.00016263060927794844
21.30777930471335     0.00019293010891781328
21.355984287563842     0.00020798288498281495
21.404189270414335     0.00020582385067563085
21.45239425326482     0.00019055520478032488
21.500599236115313     0.00016966250637426744
21.548804218965806     0.00014947723651366073
21.59700920181629     0.00013210931456047117
21.64521418466678     0.00011581577974409022
