-21.247764702323842     5.348071448253755
-21.09542370974215     9.611247393723684
-20.943082717160458     14.07622550022812
-20.790741724578766     12.296866459845916
-20.638400731997073     6.848138899498556
-20.48605973941538     4.008876096538508
-20.333718746833686     1.5166608028952036
-20.181377754251994     0.20548239836853205
-20.0290367616703     0.008864313492950348
-19.87669576908861     0.000120047649685678
-19.724354776506917     5.095646657429658e-07
-19.572013783925225     6.778001350302901e-10
-19.419672791343533     2.825214474627762e-13
-19.26733179876184     3.690179953683373e-17
-19.11499080618015     1.5103927528196342e-21
-18.962649813598457     1.9372177981132468e-26
-18.81030882101676     7.785978756895961e-32
-18.65796782843507     9.806051818666595e-38
-18.505626835853377     3.8700926103328995e-44
-18.353285843271685     4.7862428986810195e-51
-18.200944850689993     1.854873578150069e-58
-18.0486038581083     2.252579340850733e-66
-17.89626286552661     8.572195748620811e-75
-17.743921872944917     1.022233862480393e-83
-17.591580880363225     3.8199233354673074e-93
-17.439239887781532     4.473065214907442e-103
-17.28689889519984     2.6515660599396648e-104
-17.13455790261815     2.470444518498675e-94
-16.982216910036456     7.21263911552253e-85
-16.82987591745476     6.598721546025816e-76
-16.67753492487307     1.891786130073999e-67
-16.525193932291376     1.6995392862798957e-59
-16.372852939709684     4.784515714939791e-52
-16.220511947127992     4.2207910244959526e-45
-16.0681709545463     1.1668151819827906e-38
-15.915829961964608     1.0108107448042661e-32
-15.763488969382914     2.7441828411614815e-27
-15.611147976801222     2.3348907424473884e-22
-15.45880698421953     6.227406352903391e-18
-15.306465991637836     5.208393439007223e-14
-15.154124999056144     1.3671833276384992e-10
-15.001784006474452     1.1284615930489207e-07
-14.84944301389276     2.94070320775725e-05
-14.697102021311068     0.002441024638219708
-14.544761028729376     0.06583314131122925
-14.392420036147684     0.6055598155026455
-14.240079043565991     2.179676092697143
-14.087738050984298     4.216584107901693
-13.935397058402605     5.3657739100152035
-13.783056065820913     3.827499325112134
-13.63071507323922     1.9730627787790733
-13.478374080657527     0.8892988420342101
-13.326033088075835     0.1834739169795273
-13.173692095494143     0.013087921246004545
-13.021351102912451     0.006861116244158588
-12.869010110330759     0.031054804143976607
-12.716669117749067     0.04842191062988399
-12.564328125167373     0.03263454474377523
-12.411987132585681     0.025236105759568903
-12.259646140003989     0.04781094152591789
-12.107305147422297     0.0775428254894787
-11.954964154840605     0.09422095242187103
-11.80262316225891     0.20967357243299797
-11.650282169677219     0.5901494282828313
-11.497941177095527     1.6246051711343297
-11.345600184513835     3.5922714571432017
-11.193259191932142     6.5397913862957875
-11.040918199350449     9.755842767701413
-10.888577206768757     11.868373552811246
-10.736236214187064     14.23388874176634
-10.583895221605372     15.48953984428117
-10.43155422902368     12.637659510048014
-10.279213236441986     10.285516285392728
-10.126872243860294     10.490213218237388
-9.974531251278602     8.58380041436932
-9.82219025869691     3.6889552184619108
-9.669849266115218     0.6258613934662074
-9.517508273533526     0.036296922129885036
-9.365167280951832     0.000681788463780999
-9.21282628837014     4.0707909936937826e-06
-9.060485295788448     5.0244957961065526e-08
-8.908144303206756     1.517233976458755e-05
-8.755803310625064     0.001715056244294254
-8.60346231804337     0.062463517032974716
-8.451121325461678     0.7622106321549915
-8.298780332879986     3.476880066991625
-8.146439340298294     7.805561860404559
-7.994098347716601     11.288593510323928
-7.841757355134909     9.36188339331219
-7.6894163625532155     4.997920417287027
-7.537075369971523     2.5439412285343037
-7.384734377389831     0.7826619482548025
-7.232393384808139     0.1303054538316859
-7.080052392226447     0.018168444017411557
-6.927711399644753     0.005064697157687075
-6.775370407063061     0.06318419833801212
-6.623029414481369     0.4067042842759222
-6.470688421899677     1.1056921608002548
-6.318347429317985     1.7514014103929907
-6.166006436736291     1.807380107661674
-6.013665444154599     1.1277294387694043
-5.861324451572907     0.5761649305961942
-5.708983458991215     0.21519581558761275
-5.556642466409523     0.0347392744514315
-5.404301473827829     0.0019601731164533075
-5.251960481246137     3.64160760695493e-05
-5.099619488664445     2.174928259817577e-07
-4.9472784960827525     1.163921203164596e-09
-4.79493750350106     2.1279090113533048e-07
-4.642596510919368     1.8885642923208537e-05
-4.490255518337676     0.0005254262027851277
-4.337914525755984     0.0045891475313921005
-4.185573533174292     0.012678626760987804
-4.033232540592596     0.011520576110947412
-3.8808915480109043     0.004396870611755187
-3.728550555429212     0.003177268106202221
-3.57620956284752     0.005823083214407877
-3.423868570265828     0.005552392812313213
-3.271527577684136     0.002285494325952559
-3.119186585102444     0.005049907659284772
-2.9668455925207518     0.03330355190480007
-2.8145045999390597     0.0850951536708603
-2.6621636073573676     0.09601881293085912
-2.509822614775672     0.08071004164563196
-2.35748162219398     0.08220382230146359
-2.2051406296122877     0.08515848415657981
-2.0527996370305956     0.08059069875949648
-1.9004586444489036     0.09922814507569352
-1.7481176518672115     0.13372524442377537
-1.5957766592855194     0.15802791785115455
-1.4434356667038273     0.2063289033705869
-1.2910946741221352     0.29023943455414897
-1.138753681540443     0.39545331652896865
-0.986412688958751     0.4510421026894402
-0.8340716963770554     0.4648054781518828
-0.6817307037953633     0.5096496694800969
-0.5293897112136712     0.503035339519909
-0.3770487186319791     0.31845497465239336
-0.224707726050287     0.11930057290529279
-0.0723667334685949     0.03149608323876357
0.07997425911309719     0.009553636928813024
0.23231525169478928     0.004648801279085176
0.3846562442764814     0.0047446528707395935
0.5369972368581735     0.0035310042769662866
0.6893382294398691     0.0009812438849492089
0.8416792220215612     9.973262911945026e-05
0.9940202146032533     7.051399344981352e-05
1.1463612071849454     0.0001422471968640734
1.2987021997666375     9.334887851601153e-05
1.4510431923483296     1.919967646876439e-05
1.6033841849300217     1.2374438534889607e-06
1.7557251775117138     2.4997256704117288e-08
1.9080661700934058     3.183719388901391e-09
2.060407162675098     5.662385976098929e-07
2.21274815525679     3.360187995282748e-05
2.3650891478384857     0.0006351080648543433
2.5174301404201778     0.0038689679166357257
2.66977113300187     0.008150302276842299
2.822112125583562     0.008920162032694835
2.974453118165254     0.0096138120120349
3.126794110746946     0.008169378884189617
3.2791351033286382     0.006564252981994465
3.4314760959103303     0.007032995065589024
3.5838170884920224     0.009981745073237321
3.7361580810737145     0.012186245898071591
3.8884990736554066     0.013645637072590875
4.040840066237102     0.015959127942284913
4.193181058818794     0.017246696417591363
4.345522051400486     0.015739820661149963
4.4978630439821785     0.01044189147216531
4.650204036563871     0.004280084052472629
4.802545029145563     0.0008077967322157934
4.954886021727255     5.6192498706314505e-05
5.107227014308947     1.3083498620900206e-06
5.259568006890639     9.819355800810416e-09
5.411908999472331     2.3386894536929902e-11
5.564249992054023     1.7555531478209225e-14
5.716590984635719     4.149808695706992e-18
5.868931977217411     1.7478013323604677e-16
6.021272969799103     1.0339093502941568e-12
6.173613962380795     1.916548933805743e-09
6.325954954962487     1.1132798237527965e-06
6.478295947544179     0.00020264781367826132
6.630636940125871     0.011560828491148492
6.782977932707563     0.20695209089288108
6.9353189252892555     1.1762369877976955
7.087659917870948     2.387470923540609
7.240000910452643     3.6075569928208213
7.392341903034335     7.224923029396237
7.5446828956160275     8.643209775246884
7.6970238881977195     5.779209954034908
7.849364880779412     3.0488202952163723
8.001705873361104     1.0026098000421941
8.154046865942796     0.13018688680920454
8.306387858524488     0.005617545630497578
8.45872885110618     7.710274101003306e-05
8.611069843687872     3.3292637150187e-07
8.763410836269564     4.5095132507725917e-10
8.91575182885126     1.9146100747336781e-13
9.068092821432952     2.5474781516482002e-17
9.220433814014644     1.0621744706503363e-21
9.372774806596336     1.387809917388549e-26
9.525115799178028     5.68212904519078e-32
9.67745679175972     7.290187622365481e-38
9.829797784341412     2.9309789669874477e-44
9.982138776923104     3.6926066876640556e-51
10.134479769504797     2.7273140298153936e-56
10.286820762086489     4.8596954044603606e-49
10.439161754668184     2.7343669843753847e-42
10.591502747249876     4.8352430409716335e-36
10.743843739831568     2.6892832841584325e-30
10.89618473241326     4.709252661836483e-25
11.048525724994953     2.5997442649145525e-20
11.200866717576645     4.532095602131145e-16
11.353207710158337     2.5002727329900863e-12
11.505548702740029     4.377058706759542e-09
11.657889695321721     2.4400796918279373e-06
11.810230687903413     0.0004351772348532623
11.962571680485105     0.025002341418111203
12.114912673066797     0.4691812782325012
12.26725366564849     2.996340781780116
12.419594658230181     7.614204165422667
12.571935650811874     11.793674029574234
12.724276643393566     14.30386615027518
12.876617635975258     10.967233176909573
13.028958628556957     6.608475245228293
13.181299621138649     4.809712032035037
13.333640613720341     3.252960574478487
13.485981606302033     2.5275022962571376
13.638322598883725     3.793913851350605
13.790663591465417     6.316580237655337
13.94300458404711     6.690941926799052
14.095345576628802     4.8644036088542295
14.247686569210494     2.7191982489498865
14.400027561792186     0.7369067302775554
14.552368554373878     0.07304942432959508
14.70470954695557     0.002411482986860135
14.857050539537262     2.5574354422181832e-05
15.009391532118954     8.58491911078248e-08
15.161732524700646     9.066769247244536e-11
15.314073517282338     3.0054014295723764e-14
15.46641450986403     3.1237009668760373e-18
15.618755502445723     1.080096331217796e-22
15.771096495027415     1.935378225766365e-19
15.923437487609107     1.8791921423321956e-15
16.0757784801908     5.719596828146493e-12
16.228119472772498     5.460180828987951e-09
16.38046046535419     1.6376990333919624e-06
16.532801457935882     0.00015509819101571903
16.685142450517574     0.004709149683114658
16.837483443099266     0.04818417894156672
16.98982443568096     0.1960244580993632
17.14216542826265     0.46987573811629113
17.294506420844343     0.8863728346849995
17.446847413426035     1.1522996933846201
17.599188406007727     0.9251345509102167
17.75152939858942     0.4531803989664294
17.90387039117111     0.12325785330772276
18.056211383752803     0.014679042928890287
18.208552376334495     0.0006351830645063166
18.360893368916187     9.181432258590754e-06
18.51323436149788     4.288252598561384e-08
18.66557535407957     6.409435392402089e-11
18.817916346661264     3.563216691994651e-10
18.970257339242956     1.29635308042402e-07
19.122598331824648     1.47826407389667e-05
19.27493932440634     0.000528792257678523
19.42728031698804     0.005972542826858884
19.57962130956973     0.022344713137931883
19.731962302151423     0.03755453590733336
19.884303294733115     0.06177150829750802
20.036644287314807     0.09569654753831718
20.1889852798965     0.09555384760263755
20.34132627247819     0.05986718104113922
