-21.247764702323842     0.007345956795754404
-21.09542370974215     0.014666142038465436
-20.943082717160458     0.02240688360134698
-20.790741724578766     0.0196114519840729
-20.638400731997073     0.01088884300810724
-20.48605973941538     0.006341313803307566
-20.333718746833686     0.002394642844704093
-20.181377754251994     0.0003243462879578445
-20.0290367616703     1.3991537209323708e-05
-19.87669576908861     1.894839472613628e-07
-19.724354776506917     8.042996606331513e-10
-19.572013783925225     1.069843367362524e-12
-19.419672791343533     4.459333509801866e-16
-19.26733179876184     5.824599425356576e-20
-19.11499080618015     2.3840117859193506e-24
-18.962649813598457     3.057714575800886e-29
-18.81030882101676     1.22894287585815e-34
-18.65796782843507     1.5477922058515915e-40
-18.505626835853377     6.108573722291612e-47
-18.353285843271685     7.554629811315746e-54
-18.200944850689993     2.9277417104815684e-61
-18.0486038581083     3.555482411432714e-69
-17.89626286552661     1.3530396113671034e-77
-17.743921872944917     1.6134989570367573e-86
-17.591580880363225     6.029385715729722e-96
-17.439239887781532     7.060307993151867e-106
-17.28689889519984     1.469978238431582e-106
-17.13455790261815     1.369550282031371e-96
-16.982216910036456     3.998450130224631e-87
-16.82987591745476     3.658071592241814e-78
-16.67753492487307     1.0487209805602041e-69
-16.525193932291376     9.42140971191087e-62
-16.372852939709684     2.652296537580593e-54
-16.220511947127992     2.339823487659146e-47
-16.0681709545463     6.468581057532169e-41
-15.915829961964608     5.604308813683151e-35
-15.763488969382914     1.521847164198141e-29
-15.611147976801222     1.2955774302635797e-24
-15.45880698421953     3.4596717136031737e-20
-15.306465991637836     2.9013608253299517e-16
-15.154124999056144     7.661008114965277e-13
-15.001784006474452     6.404594917801231e-10
-14.84944301389276     1.7148401586185492e-07
-14.697102021311068     1.5043552591660867e-05
-14.544761028729376     0.0004505906822046034
-14.392420036147684     0.00494389000542037
-14.240079043565991     0.022614024340405187
-14.087738050984298     0.053736788053874864
-13.935397058402605     0.07461031717257777
-13.783056065820913     0.05461616489242604
-13.63071507323922     0.02602823310597774
-13.478374080657527     0.01059641998734618
-13.326033088075835     0.0032407626801562407
-13.173692095494143     0.05339439586379867
-13.021351102912451     0.7978533963181401
-12.869010110330759     3.8581515960574078
-12.716669117749067     6.991376591076122
-12.564328125167373     8.014052323604531
-12.411987132585681     9.902258343348954
-12.259646140003989     13.495081962655837
-12.107305147422297     13.012936740712437
-11.954964154840605     7.910294700615536
-11.80262316225891     8.389511238294991
-11.650282169677219     16.829593263438824
-11.497941177095527     29.09518477007724
-11.345600184513835     40.183116694128714
-11.193259191932142     53.22767769872961
-11.040918199350449     61.47420659981616
-10.888577206768757     55.15567636879218
-10.736236214187064     37.14812997746229
-10.583895221605372     26.717159657444157
-10.43155422902368     21.049927101858923
-10.279213236441986     13.38002928118497
-10.126872243860294     9.449164455575936
-9.974531251278602     7.0388441893167375
-9.82219025869691     2.8301158440155874
-9.669849266115218     0.44924584905221143
-9.517508273533526     0.024856238545825776
-9.365167280951832     0.0004525970685595563
-9.21282628837014     2.6435069453042604e-06
-9.060485295788448     5.474407339845187e-09
-8.908144303206756     2.0848653716097527e-07
-8.755803310625064     2.4458736890036924e-05
-8.60346231804337     0.0010033709127955188
-8.451121325461678     0.018135655739993074
-8.298780332879986     0.20473949770810634
-8.146439340298294     1.3901245166959493
-7.994098347716601     4.523357466020807
-7.841757355134909     6.846753435775402
-7.6894163625532155     5.736536846801007
-7.537075369971523     4.1971903130265105
-7.384734377389831     3.5981638705611703
-7.232393384808139     2.4017558780105217
-7.080052392226447     0.7650667853869113
-6.927711399644753     0.09330059286846584
-6.775370407063061     0.01585872717847705
-6.623029414481369     0.08556646674369603
-6.470688421899677     0.2579850514724907
-6.318347429317985     0.4296830859913032
-6.166006436736291     0.44781853074264893
-6.013665444154599     0.26148480754647563
-5.861324451572907     0.11097910208160951
-5.708983458991215     0.039542364838301085
-5.556642466409523     0.006675842381337173
-5.404301473827829     0.00039238812627860755
-5.251960481246137     7.4735926935960685e-06
-5.099619488664445     4.558915680499482e-08
-4.9472784960827525     3.057296829958331e-07
-4.79493750350106     8.657447506899428e-05
-4.642596510919368     0.007690260965466222
-4.490255518337676     0.2148974233551199
-4.337914525755984     1.919278180648585
-4.185573533174292     5.898916072541098
-4.033232540592596     8.05423407836147
-3.8808915480109043     7.783937748600778
-3.728550555429212     10.071443626260173
-3.57620956284752     13.871005388637617
-3.423868570265828     9.596212350214216
-3.271527577684136     2.899740882659631
-3.119186585102444     1.3981911155258944
-2.9668455925207518     7.0475098526525635
-2.8145045999390597     19.498081185265406
-2.6621636073573676     30.068320213989054
-2.509822614775672     33.94180079051917
-2.35748162219398     37.08509876638006
-2.2051406296122877     40.41924733880941
-2.0527996370305956     40.18769630833976
-1.9004586444489036     43.189563024154694
-1.7481176518672115     46.12279409513984
-1.5957766592855194     42.53439062071652
-1.4434356667038273     42.1421301159061
-1.2910946741221352     53.79475172547686
-1.138753681540443     70.57847846664981
-0.986412688958751     86.35326063344161
-0.8340716963770554     99.82671303302901
-0.6817307037953633     113.67538961127036
-0.5293897112136712     121.98083191389115
-0.3770487186319791     106.44942893522531
-0.224707726050287     70.30724590571165
-0.0723667334685949     46.60800719346963
0.07997425911309719     33.08366770159827
0.23231525169478928     20.89549350114571
0.3846562442764814     17.253932670488556
0.5369972368581735     11.370691697056264
0.6893382294398691     3.0756742109308304
0.8416792220215612     0.6766691386291823
0.9940202146032533     2.6711313791158373
1.1463612071849454     5.5777753066984275
1.2987021997666375     3.660950150805193
1.4510431923483296     0.7529722765004674
1.6033841849300217     0.048530039595452684
1.7557251775117138     0.000980144111799649
1.9080661700934058     7.803484148977388e-06
2.060407162675098     0.000304754532849089
2.21274815525679     0.018366377387522684
2.3650891478384857     0.35141902958130633
2.5174301404201778     2.148066921316026
2.66977113300187     4.321546325950062
2.822112125583562     3.569077310695124
2.974453118165254     3.043078040871551
3.126794110746946     4.3677938525497915
3.2791351033286382     5.889955686643583
3.4314760959103303     6.913721722425761
3.5838170884920224     8.576000886993985
3.7361580810737145     9.003462124772781
3.8884990736554066     8.816644913133556
4.040840066237102     10.541240597209331
4.193181058818794     12.054911022668907
4.345522051400486     9.475886966460624
4.4978630439821785     4.582200400348279
4.650204036563871     1.4070759824013894
4.802545029145563     0.23179715778168722
4.954886021727255     0.015440145518794038
5.107227014308947     0.00035511649792545905
5.259568006890639     2.6558714541217566e-06
5.411908999472331     6.3187355968016204e-09
5.564249992054023     4.741486269973787e-12
5.716590984635719     1.1181503150893373e-15
5.868931977217411     6.669467684019182e-19
6.021272969799103     3.4558863835694703e-15
6.173613962380795     6.4061469478874784e-12
6.325954954962487     3.7211951153864354e-09
6.478295947544179     6.773787369600517e-07
6.630636940125871     3.8653121976991466e-05
6.782977932707563     0.0006934831477944177
6.9353189252892555     0.004023517833126049
7.087659917870948     0.00961643913963249
7.240000910452643     0.022683015526127552
7.392341903034335     0.05250208051073965
7.5446828956160275     0.06478673538912638
7.6970238881977195     0.045181021552152624
7.849364880779412     0.022696679259504526
8.001705873361104     0.006946743444892935
8.154046865942796     0.0008750553642454129
8.306387858524488     3.741308560765281e-05
8.45872885110618     5.121965889066321e-07
8.611069843687872     2.210104721923122e-09
8.763410836269564     2.9930390906387928e-12
8.91575182885126     1.27069336116208e-15
9.068092821432952     1.6906927893672347e-19
9.220433814014644     7.049336660287425e-24
9.372774806596336     9.210468300838442e-29
9.525115799178028     3.7710515092599875e-34
9.67745679175972     4.83826671809628e-40
9.829797784341412     1.9451968170439077e-46
9.982138776923104     2.450663321649674e-53
10.134479769504797     1.3306877530652704e-57
10.286820762086489     2.367484229655834e-50
10.439161754668184     1.3218857164645044e-43
10.591502747249876     2.3152484659602645e-37
10.743843739831568     1.2725237149431476e-31
10.89618473241326     2.1960496530232826e-26
11.048525724994953     1.190920761607961e-21
11.200866717576645     2.0319490103677162e-17
11.353207710158337     1.0927103632934942e-13
11.505548702740029     1.8569171874137332e-10
11.657889695321721     1.0009596387013156e-07
11.810230687903413     1.7207711903298593e-05
11.962571680485105     0.0009508126287182628
12.114912673066797     0.017105824568043965
12.26725366564849     0.10378551574011491
12.419594658230181     0.24952016631002455
12.571935650811874     0.39878427958991414
12.724276643393566     0.520667424123376
12.876617635975258     0.38985845941572683
13.028958628556957     0.24003805462891323
13.181299621138649     0.20011790534492796
13.333640613720341     0.15150699754487323
13.485981606302033     0.11831104816596344
13.638322598883725     0.17946447790285303
13.790663591465417     0.3208948890853889
13.94300458404711     0.37084457401286974
14.095345576628802     0.292781504681381
14.247686569210494     0.1597527029532879
14.400027561792186     0.041023006113463996
14.552368554373878     0.003934117398372567
14.70470954695557     0.0001278790558266665
14.857050539537262     1.3473809068718688e-06
15.009391532118954     4.511056855921553e-09
15.161732524700646     4.7592676883164604e-12
15.314073517282338     1.5769234581325798e-15
15.46641450986403     1.6387281638480868e-19
15.618755502445723     5.448649516609407e-24
15.771096495027415     3.420803989082119e-21
15.923437487609107     3.322563700956361e-17
16.0757784801908     1.0121795653905959e-13
16.228119472772498     9.686937148375337e-11
16.38046046535419     2.925768806122079e-08
16.532801457935882     2.824814552090829e-06
16.685142450517574     9.037872690069321e-05
16.837483443099266     0.0010561218430054117
16.98982443568096     0.005621719287170595
17.14216542826265     0.01821267657633447
17.294506420844343     0.039175869997962326
17.446847413426035     0.052558020150308415
17.599188406007727     0.041875508308165915
17.75152939858942     0.01837831867558912
17.90387039117111     0.004127746203437783
18.056211383752803     0.00041689393066784254
18.208552376334495     1.622267796604111e-05
18.360893368916187     2.1997049413445194e-07
18.51323436149788     9.887828043217162e-10
18.66557535407957     1.519122411572428e-12
18.817916346661264     9.468879862120901e-11
18.970257339242956     3.4452684743622284e-08
19.122598331824648     3.929354602689259e-06
19.27493932440634     0.00014071436255957872
19.42728031698804     0.0016015980989252394
19.57962130956973     0.006293811269808576
19.731962302151423     0.012849760212844341
19.884303294733115     0.024862599681956397
20.036644287314807     0.037738479019222476
20.1889852798965     0.03636850540179554
20.34132627247819     0.020338301800278444
