-21.26809160656252     0.0036657778060195005
-21.115749617226818     0.00732756634790636
-20.96340762789111     0.01120179389203506
-20.81106563855541     0.009806657796930017
-20.658723649219706     0.00544496903444315
-20.506381659884     0.003170440454645372
-20.354039670548296     0.0011973256164243937
-20.201697681212593     0.00016219967424476212
-20.049355691876887     6.998077747535457e-06
-19.897013702541184     9.478846837013215e-08
-19.744671713205477     4.0240883794887566e-10
-19.592329723869774     5.353441646801308e-13
-19.43998773453407     2.231735781005468e-16
-19.287645745198365     2.9153824240781775e-20
-19.13530375586266     1.193414228327437e-24
-18.98296176652696     1.530840002195286e-29
-18.830619777191252     6.153345519383228e-35
-18.67827778785555     7.75060690124827e-41
-18.525935798519846     3.0591658897022724e-47
-18.37359380918414     3.7836700246607405e-54
-18.221251819848437     1.4664470607301808e-61
-18.06890983051273     1.7809939050650186e-69
-17.916567841177027     6.77799721121712e-78
-17.764225851841324     8.08319856039501e-87
-17.611883862505618     3.0207029336647836e-96
-17.459541873169915     3.5373309690110853e-106
-17.307199883834212     7.11129481989979e-107
-17.154857894498505     6.629535009728159e-97
-17.002515905162802     1.936691865211714e-87
-16.8501739158271     1.7728878510119288e-78
-16.697831926491393     5.085641187701888e-70
-16.54548993715569     4.5714592542231955e-62
-16.393147947819983     1.2876884800629125e-54
-16.24080595848428     1.1366278254502323e-47
-16.088463969148577     3.144036708574965e-41
-15.936121979812873     2.725470741674746e-35
-15.783779990477168     7.405085086563282e-30
-15.631438001141465     6.307585500167057e-25
-15.479096011805758     1.6853190236481776e-20
-15.326754022470055     1.4142132405043974e-16
-15.17441203313435     3.7368726548142356e-13
-15.022070043798646     3.126923837784763e-10
-14.869728054462943     8.38384498501993e-08
-14.717386065127238     7.3707656948009815e-06
-14.565044075791533     0.00022152177551149047
-14.41270208645583     0.0024420021950939887
-14.260360097120126     0.011228934171372034
-14.108018107784421     0.026789210289484822
-13.955676118448718     0.03725393855539866
-13.803334129113013     0.027271349108056026
-13.650992139777308     0.012973216800503864
-13.498650150441605     0.00527251825454182
-13.346308161105899     0.001614555462751225
-13.193966171770196     0.02668121206182725
-13.041624182434491     0.39879648804915824
-12.889282193098786     1.9292089183737837
-12.736940203763083     3.498433747652476
-12.584598214427379     4.009282332967944
-12.432256225091674     4.931530681771643
-12.279914235755971     6.669471992130834
-12.127572246420266     6.459077673137091
-11.975230257084561     4.0214387112716174
-11.822888267748857     4.172197557482653
-11.670546278413154     8.158414244045115
-11.518204289077449     14.231534339570777
-11.365862299741744     19.955962762328284
-11.213520310406041     26.450352556783994
-11.061178321070336     30.32660915123614
-10.908836331734632     27.109714822536787
-10.756494342398927     18.276070753433128
-10.604152353063224     12.820967892594009
-10.45181036372752     11.167590020306488
-10.299468374391815     8.085197810042736
-10.147126385056112     5.23190892653541
-9.994784395720407     3.592786761841539
-9.842442406384702     1.438376637408306
-9.690100417048997     0.23089957586662857
-9.537758427713294     0.012950814181722052
-9.38541643837759     0.0002391948821159289
-9.233074449041885     1.4175902433997803e-06
-9.08073245970618     2.9547647624144583e-09
-8.928390470370477     1.0467119496797827e-07
-8.776048481034772     1.230529223507731e-05
-8.623706491699068     0.0005052554119192938
-8.471364502363365     0.009107947673682117
-8.31902251302766     0.10211977860256935
-8.166680523691955     0.6898093427208497
-8.01433853435625     2.242858347911029
-7.861996545020547     3.3801708546235174
-7.709654555684843     2.76783425265708
-7.557312566349138     2.085115603527375
-7.404970577013435     1.8763525733897297
-7.25262858767773     1.265143284549804
-7.100286598342025     0.4291186235493899
-6.947944609006321     0.057275489857785036
-6.795602619670618     0.008595554229986969
-6.643260630334913     0.042847071026734025
-6.490918640999208     0.1291029605938247
-6.338576651663505     0.2149021705103532
-6.1862346623278     0.22391359508970482
-6.033892672992096     0.13071202629577386
-5.881550683656391     0.05545307178770446
-5.729208694320688     0.019771812955427973
-5.576866704984983     0.0033429666111405277
-5.424524715649278     0.00019681668384363333
-5.272182726313575     3.754999520040485e-06
-5.119840736977871     2.2943898674810024e-08
-4.967498747642168     1.534557193075589e-07
-4.815156758306461     4.3424303115157014e-05
-4.662814768970758     0.003854629302656033
-4.510472779635052     0.10764253095891284
-4.358130790299349     0.960851847513824
-4.205788800963646     2.952591255065981
-4.053446811627939     4.030596852891081
-3.901104822292236     3.8849158783936617
-3.7487628329565332     4.994098588644504
-3.5964208436208267     6.86117658517134
-3.4440788542851237     4.823115014227235
-3.2917368649494207     1.5163084973271834
-3.139394875613714     0.6955210276592645
-2.9870528862780112     3.4241286396529103
-2.8347108969423083     9.513605103902288
-2.6823689076066017     14.617275887844695
-2.5300269182708988     16.434635823439223
-2.3776849289351922     18.348052862473146
-2.2253429395994893     20.61243609122702
-2.0730009502637863     20.333292763705323
-1.9206589609280798     21.49347302596262
-1.7683169715923768     23.03211737070248
-1.6159749822566738     21.278895016826983
-1.4636329929209673     20.864600582000996
-1.3112910035852643     26.697326169715147
-1.1589490142495613     34.89319567637543
-1.0066070249138548     43.00858198854602
-0.8542650355781518     50.20439537019837
-0.7019230462424453     56.693143227780126
-0.5495810569067423     60.056831863227536
-0.39723906757103933     52.48542187122346
-0.2448970782353328     35.067725491047796
-0.09255508889962982     23.39511374637771
0.059786900436073154     17.517251944656348
0.21212888977177968     11.59770745154891
0.36447087910748266     9.385914906315167
0.5168128684431856     6.0690898975897865
0.6691548577788922     1.6188414172318875
0.8214968471145951     0.3438478982964468
0.9738388364502981     1.3345180275011668
1.1261808257860046     2.7885954328792453
1.2785228151217076     1.8317210495694858
1.4308648044574142     0.3770354455120727
1.5832067937931171     0.02431912591403541
1.73554878312882     0.0004915387348209028
1.8878907724645266     3.863368427019811e-06
2.0402327618002296     0.00014332032147789623
2.1925747511359326     0.00868284479127832
2.344916740471639     0.16766001266260386
2.497258729807342     1.0408016219805947
2.649600719143045     2.145272652589143
2.8019427084787516     1.816553649680431
2.9542846978144546     1.5173299674383551
3.106626687150161     2.146732620987441
3.258968676485864     2.916638207286474
3.411310665821567     3.47676827095882
3.5636526551572736     4.324130667924267
3.7159946444929766     4.498461264053708
3.8683366338286795     4.353976209553986
4.020678623164386     5.141606432642887
4.173020612500089     5.999621782245728
4.325362601835792     4.724474676661525
4.4777045911714985     2.39945539493813
4.6300465805072015     0.9174559764667766
4.7823885698429045     0.18712409078635958
4.934730559178611     0.013985064425337153
5.087072548514314     0.00033933022552649233
5.2394145378500205     2.6006443961154165e-06
5.3917565271857235     6.257352186627714e-09
5.5440985165214265     4.719961019826036e-12
5.696440505857133     1.11577686126079e-15
5.848782495192836     3.7785062071052863e-19
6.001124484528539     1.7461783570909561e-15
6.1534664738642455     3.2367637932989374e-12
6.3058084631999485     1.8800882976419915e-09
6.4581504525356515     3.422202530009909e-07
6.610492441871358     1.952688832271748e-05
6.762834431207061     0.00035030668614431367
6.915176420542764     0.0020319477709704313
7.0675184098784705     0.004849313481789346
7.219860399214173     0.011395313103262233
7.37220238854988     0.026314241447420776
7.524544377885583     0.03242735812589218
7.676886367221286     0.022599633387408953
7.8292283565569925     0.011353159316602471
7.981570345892695     0.0034747420041247915
8.133912335228398     0.00043757731788785084
8.286254324564105     1.8701337171960165e-05
8.438596313899808     2.559169294779302e-07
8.59093830323551     1.1037770149337467e-09
8.743280292571217     1.4941102965942484e-12
8.89562228190692     6.340290298010225e-16
9.047964271242627     8.431944180588704e-20
9.20030626057833     3.514005937577316e-24
9.352648249914033     4.589060188105586e-29
9.50499023924974     1.8779710524153938e-34
9.657332228585442     2.408225794576339e-40
9.809674217921145     9.677172740558715e-47
9.962016207256852     1.2185481954032984e-53
10.114358196592555     6.1007325637356284e-58
10.266700185928258     1.09270529520029e-50
10.419042175263964     6.14242033640365e-44
10.571384164599667     1.083098965124523e-37
10.72372615393537     5.993202823611301e-32
10.876068143271077     1.0412564598221913e-26
11.02841013260678     5.684892380831555e-22
11.180752121942483     9.765098955305997e-18
11.333094111278186     5.286746477560254e-14
11.485436100613896     9.044318874579655e-11
11.637778089949599     4.9073733669606396e-08
11.790120079285302     8.489805805832997e-06
11.942462068621005     0.00047186103636475866
12.094804057956708     0.00853262379107273
12.247146047292418     0.05197482284010954
12.39948803662812     0.12519238188078416
12.551830025963824     0.19979588917999783
12.704172015299527     0.2604298916075307
12.85651400463523     0.19489393432088756
13.008855993970933     0.11999310261996861
13.161197983306643     0.10022260405247976
13.313539972642346     0.07631625607087003
13.465881961978049     0.05955689170748306
13.618223951313752     0.08983482676811429
13.770565940649455     0.16048641304176478
13.922907929985165     0.1854185276990994
14.075249919320868     0.14639301287980724
14.22759190865657     0.07989446091538405
14.379933897992274     0.020520507436658737
14.532275887327977     0.0019682585504099564
14.68461787666368     6.398575942347772e-05
14.83695986599939     6.742219172758776e-07
14.989301855335093     2.2573865302203074e-09
15.141643844670796     2.3816307507428125e-12
15.293985834006499     7.89125001136235e-16
15.446327823342202     8.200466603092972e-20
15.598669812677905     2.7268169871088886e-24
15.751011802013615     1.7193214829014192e-21
15.903353791349318     1.669150508622541e-17
16.05569578068502     5.082423093945807e-14
16.208037770020724     4.861729192254905e-11
16.360379759356427     1.4677139860916745e-08
16.512721748692137     1.4164823381667757e-06
16.66506373802784     4.5307318820521326e-05
16.817405727363543     0.0005294312356574205
16.969747716699246     0.00281829871283912
17.12208970603495     0.009125110689936815
17.27443169537065     0.01961017319349682
17.42677368470636     0.026295658917795388
17.579115674042065     0.020951701405921785
17.731457663377768     0.009200166811404885
17.88379965271347     0.002067394931683471
18.036141642049174     0.00020878047719117206
18.188483631384884     8.119438993505137e-06
18.340825620720587     1.1000963213580582e-07
18.49316761005629     4.941111107223877e-10
18.645509599391993     7.58782693738493e-13
18.797851588727696     4.751521276743811e-11
18.9501935780634     1.727873683707371e-08
19.10253556739911     1.9695258473907014e-06
19.25487755673481     7.04900765302113e-05
19.407219546070515     0.0008018548112939689
19.559561535406218     0.0031495675348443605
19.71190352474192     0.0064297252416347225
19.86424551407763     0.012440997430026527
20.016587503413334     0.01888043590056835
20.168929492749037     0.018194715366117258
20.32127148208474     0.01018167126122895
