-21.247764702323842     2.674463060869061
-21.09542370974215     4.806649189970949
-20.943082717160458     7.038572343683027
-20.790741724578766     6.147681839356273
-20.638400731997073     3.4234186516111516
-20.48605973941538     2.004171640136322
-20.333718746833686     0.7581505479570795
-20.181377754251994     0.10269994357654966
-20.0290367616703     0.004429636917080971
-19.87669576908861     5.998005154824824e-05
-19.724354776506917     2.545574675155588e-07
-19.572013783925225     3.385515693950354e-10
-19.419672791343533     1.4109594669145984e-13
-19.26733179876184     1.842696828896177e-17
-19.11499080618015     7.541239938403242e-22
-18.962649813598457     9.671217148083902e-27
-18.81030882101676     3.886592551272198e-32
-18.65796782843507     4.894478181083813e-38
-18.505626835853377     1.931493642756012e-44
-18.353285843271685     2.388524347964309e-51
-18.200944850689993     9.255834185326167e-59
-18.0486038581083     1.1239602760128347e-66
-17.89626286552661     4.27696663399985e-75
-17.743921872944917     5.100001050156804e-84
-17.591580880363225     1.905698412827057e-93
-17.439239887781532     2.2314521701381764e-103
-17.28689889519984     1.3398015174226697e-104
-17.13455790261815     1.2475466807472426e-94
-16.982216910036456     3.6401786726996726e-85
-16.82987591745476     3.32842070946829e-76
-16.67753492487307     9.53681784982382e-68
-16.525193932291376     8.56285960334635e-60
-16.372852939709684     2.4092667958991726e-52
-16.220511947127992     2.1242380600800525e-45
-16.0681709545463     5.869173653733224e-39
-15.915829961964608     5.0817512676228126e-33
-15.763488969382914     1.3788859559194032e-27
-15.611147976801222     1.1726182159703163e-22
-15.45880698421953     3.125899032619596e-18
-15.306465991637836     2.6130749602298866e-14
-15.154124999056144     6.855789670313647e-11
-15.001784006474452     5.6559022684125394e-08
-14.84944301389276     1.4731662774307026e-05
-14.697102021311068     0.00122224740802427
-14.544761028729376     0.032947408494783656
-14.392420036147684     0.3029266685857236
-14.240079043565991     1.0899915650887264
-14.087738050984298     2.1083142898690745
-13.935397058402605     2.6828226377984756
-13.783056065820913     1.9136315680095948
-13.63071507323922     0.9864595213345655
-13.478374080657527     0.444522762808099
-13.326033088075835     0.09168230555487562
-13.173692095494143     0.0065383705328380115
-13.021351102912451     0.003431858749025705
-12.869010110330759     0.015530639434695194
-12.716669117749067     0.024211200121494234
-12.564328125167373     0.016338672211299907
-12.411987132585681     0.012824033419331443
-12.259646140003989     0.024607069722931318
-12.107305147422297     0.03894244413471699
-11.954964154840605     0.04635083968025298
-11.80262316225891     0.10755247286716312
-11.650282169677219     0.316681069954829
-11.497941177095527     0.8749613736476256
-11.345600184513835     1.8102891863883328
-11.193259191932142     3.1443873791464276
-11.040918199350449     4.76881492858637
-10.888577206768757     5.8884816188730476
-10.736236214187064     7.141474250237156
-10.583895221605372     7.93208495279569
-10.43155422902368     6.43382459966158
-10.279213236441986     5.0511862063383965
-10.126872243860294     5.205183523028822
-9.974531251278602     4.293366327347814
-9.82219025869691     1.832588130374642
-9.669849266115218     0.30690603024928076
-9.517508273533526     0.0175277907219833
-9.365167280951832     0.00032379565540038624
-9.21282628837014     1.8993285654818723e-06
-9.060485295788448     2.510201860146001e-08
-8.908144303206756     7.67352797928189e-06
-8.755803310625064     0.0008650469555939339
-8.60346231804337     0.03141841834400863
-8.451121325461678     0.3823361258063684
-8.298780332879986     1.7399811906196585
-8.146439340298294     3.9018076611274672
-7.994098347716601     5.643096133975643
-7.841757355134909     4.680640526318587
-7.6894163625532155     2.4994779759331687
-7.537075369971523     1.2722633431204124
-7.384734377389831     0.39137510805212233
-7.232393384808139     0.0649471805927108
-7.080052392226447     0.008649300123705588
-6.927711399644753     0.002418076499616567
-6.775370407063061     0.031614582772599695
-6.623029414481369     0.20336269241034588
-6.470688421899677     0.5526646385273403
-6.318347429317985     0.8755200353990623
-6.166006436736291     0.9036481297118376
-6.013665444154599     0.5639311435277043
-5.861324451572907     0.2880870347609012
-5.708983458991215     0.10748713110912411
-5.556642466409523     0.01732450744834384
-5.404301473827829     0.0009758259248933376
-5.251960481246137     1.809634025749895e-05
-5.099619488664445     1.0788723990796908e-07
-4.9472784960827525     5.78545130993505e-10
-4.79493750350106     1.0606523194578505e-07
-4.642596510919368     9.420189810550206e-06
-4.490255518337676     0.00026227024674367404
-4.337914525755984     0.0022923235412768282
-4.185573533174292     0.00633733200600047
-4.033232540592596     0.005761954003060155
-3.8808915480109043     0.002204281874910979
-3.728550555429212     0.001625220165911728
-3.57620956284752     0.0029882910964047025
-3.423868570265828     0.0027697572990029663
-3.271527577684136     0.0010933744010161379
-3.119186585102444     0.0025590345479921802
-2.9668455925207518     0.016892645762486346
-2.8145045999390597     0.04314037720253202
-2.6621636073573676     0.04941629886498085
-2.509822614775672     0.042623333046720495
-2.35748162219398     0.0413343042052943
-2.2051406296122877     0.03987060572776496
-2.0527996370305956     0.03856014428139798
-1.9004586444489036     0.04942165048857328
-1.7481176518672115     0.06645580395353493
-1.5957766592855194     0.07897211925942056
-1.4434356667038273     0.10534035133883173
-1.2910946741221352     0.1505810021591419
-1.138753681540443     0.20513547868865467
-0.986412688958751     0.22630517466354444
-0.8340716963770554     0.22486960559066474
-0.6817307037953633     0.25052203626240593
-0.5293897112136712     0.2513504776581873
-0.3770487186319791     0.15863681045206526
-0.224707726050287     0.05837336231686072
-0.0723667334685949     0.015016827979762191
0.07997425911309719     0.004338825088284463
0.23231525169478928     0.0019450613170957335
0.3846562442764814     0.0021580136012388424
0.5369972368581735     0.001693557456213476
0.6893382294398691     0.0004788262990487642
0.8416792220215612     4.906045641894577e-05
0.9940202146032533     3.527055440994057e-05
1.1463612071849454     7.114498454875566e-05
1.2987021997666375     4.665196382270158e-05
1.4510431923483296     9.587743665061248e-06
1.6033841849300217     6.174655287812544e-07
1.7557251775117138     1.2463903185923147e-08
1.9080661700934058     1.698333623336691e-09
2.060407162675098     3.022609774308019e-07
2.21274815525679     1.7853354971953683e-05
2.3650891478384857     0.0003345332680929947
2.5174301404201778     0.00200601475893682
2.66977113300187     0.004115815528555147
2.822112125583562     0.004397464334957325
2.974453118165254     0.004775011326307502
3.126794110746946     0.004061911669456279
3.2791351033286382     0.0032775852896466677
3.4314760959103303     0.00353646269802344
3.5838170884920224     0.004994743441316195
3.7361580810737145     0.006102506245240155
3.8884990736554066     0.0068473276915335625
4.040840066237102     0.008129557605736276
4.193181058818794     0.008976324587621185
4.345522051400486     0.008427929193668237
4.4978630439821785     0.004986329664711228
4.650204036563871     0.0013609085703901787
4.802545029145563     0.00013965376893658332
4.954886021727255     4.84382436835934e-06
5.107227014308947     5.427974061392142e-08
5.259568006890639     1.930629974058288e-10
5.411908999472331     2.164130393946896e-13
5.564249992054023     7.622150009164808e-17
5.716590984635719     1.3050665723012085e-20
5.868931977217411     8.735317143078301e-17
6.021272969799103     5.16751485823706e-13
6.173613962380795     9.579313395957932e-10
6.325954954962487     5.564642965244182e-07
6.478295947544179     0.0001012970239512709
6.630636940125871     0.00577921478844315
6.782977932707563     0.10346136227721371
6.9353189252892555     0.5880777428878222
7.087659917870948     1.1937116172934321
7.240000910452643     1.8034941693299638
7.392341903034335     3.611772560905129
7.5446828956160275     4.32160411467742
7.6970238881977195     2.8900684084339083
7.849364880779412     1.524825688394909
8.001705873361104     0.5015820957079579
8.154046865942796     0.06515472191353855
8.306387858524488     0.0028126082899660393
8.45872885110618     3.862093355563284e-05
8.611069843687872     1.6683819158924734e-07
8.763410836269564     2.2608653049357634e-10
8.91575182885126     9.603429727093028e-14
9.068092821432952     1.2783821552965056e-17
9.220433814014644     5.332777832354567e-22
9.372774806596336     6.971050076608844e-27
9.525115799178028     2.8555717052928366e-32
9.67745679175972     3.665537081330324e-38
9.829797784341412     1.4744556551725325e-44
9.982138776923104     1.8585546249628226e-51
10.134479769504797     1.4818130581455955e-56
10.286820762086489     2.6254454545471e-49
10.439161754668184     1.4681610316421355e-42
10.591502747249876     2.5799782712773728e-36
10.743843739831568     1.4258542091885246e-30
10.89618473241326     2.480828254723969e-25
11.048525724994953     1.360682913705445e-20
11.200866717576645     2.356673643725744e-16
11.353207710158337     1.2917567621913498e-12
11.505548702740029     2.2471188171346225e-09
11.657889695321721     1.2451099122602114e-06
11.810230687903413     0.00022080329454399498
11.962571680485105     0.012621368277661818
12.114912673066797     0.2358189197645295
12.26725366564849     1.5008654105876496
12.419594658230181     3.8056895574563274
12.571935650811874     5.892734104274016
12.724276643393566     7.151045240720859
12.876617635975258     5.485118396443471
13.028958628556957     3.307384796296415
13.181299621138649     2.4094156539651888
13.333640613720341     1.6250143012677154
13.485981606302033     1.2598703583194393
13.638322598883725     1.8955913656504568
13.790663591465417     3.1578377687258947
13.94300458404711     3.346037487255068
14.095345576628802     2.432861959894538
14.247686569210494     1.3598627035339552
14.400027561792186     0.368488955729729
14.552368554373878     0.03652493846401519
14.70470954695557     0.0012056674691227113
14.857050539537262     1.2785837082634483e-05
15.009391532118954     4.2919039966291756e-08
15.161732524700646     4.53274886059336e-11
15.314073517282338     1.502489851518991e-14
15.46641450986403     1.5616453933284236e-18
15.618755502445723     5.398414781781055e-23
15.771096495027415     9.635398405221036e-20
15.923437487609107     9.360180923121903e-16
16.0757784801908     2.8503022250578895e-12
16.228119472772498     2.722376086859254e-09
16.38046046535419     8.16946691819393e-07
16.532801457935882     7.740817647023762e-05
16.685142450517574     0.0023514785310402475
16.837483443099266     0.024071537952200135
16.98982443568096     0.0979596664145114
17.14216542826265     0.23483846222439347
17.294506420844343     0.44307547718126045
17.446847413426035     0.5761530923679217
17.599188406007727     0.462685477795225
17.75152939858942     0.2266907268141129
17.90387039117111     0.061670416541044146
18.056211383752803     0.007347462361413915
18.208552376334495     0.00031810707986598913
18.360893368916187     4.600923031188686e-06
18.51323436149788     2.150224244821245e-08
18.66557535407957     3.2157286968568364e-11
18.817916346661264     1.7758472844379267e-10
18.970257339242956     6.46447323082461e-08
19.122598331824648     7.375843329825975e-06
19.27493932440634     0.00026399594327207487
19.42728031698804     0.0029834830679673235
19.57962130956973     0.011167819745520141
19.731962302151423     0.018773581037314156
19.884303294733115     0.030876035934749836
20.036644287314807     0.047843138049663315
20.1889852798965     0.04778718559607689
20.34132627247819     0.029946647931095145
