-21.776754017450962     0.0001892291187393027
-21.621342025758818     0.0001090523117911826
-21.465930034066673     0.00010440403895334523
-21.310518042374525     0.00046634991367170054
-21.15510605068238     0.0012470516653030517
-20.999694058990237     0.0028224637029815947
-20.84428206729809     0.004952899229970769
-20.688870075605944     0.005683201250897667
-20.5334580839138     0.00630188142945037
-20.378046092221656     0.007667896191220865
-20.22263410052951     0.0047625311096820165
-20.067222108837363     0.0010736706402547183
-19.91181011714522     8.080087314281677e-05
-19.756398125453074     1.9398669818136584e-06
-19.600986133760927     1.4415588867577542e-08
-19.445574142068782     3.258477275381024e-11
-19.290162150376638     2.2201476140226973e-14
-19.134750158684493     4.5394624846120626e-18
-18.97933816699235     2.779478097926415e-22
-18.8239261753002     5.091271611149043e-27
-18.668514183608057     2.7886348427157227e-32
-18.513102191915912     4.5663102447716537e-38
-18.357690200223765     2.2351354672279923e-44
-18.20227820853162     3.270292787174121e-51
-18.046866216839476     1.43022489653116e-58
-17.89145422514733     1.8696166004915513e-66
-17.736042233455187     7.305152126244297e-75
-17.58063024176304     8.531659483689716e-84
-17.425218250070895     2.9782768578718563e-93
-17.26980625837875     8.536227780309155e-90
-17.114394266686602     1.5604826979982742e-80
-16.958982274994458     8.526653983241702e-72
-16.803570283302314     1.392595669244344e-63
-16.64815829161017     6.798266106265901e-56
-16.492746299918025     9.919687698725444e-49
-16.337334308225877     4.326378960025359e-42
-16.181922316533733     5.639983526088716e-36
-16.02651032484159     2.197646482059263e-30
-15.871098333149442     2.559555483163169e-25
-15.715686341457296     8.910416058753589e-21
-15.560274349765152     9.271673668909247e-17
-15.404862358073007     2.883666359464681e-13
-15.249450366380861     2.680764130006569e-10
-15.094038374688715     7.44901619754855e-08
-14.93862638299657     6.186799604633931e-06
-14.783214391304426     0.00015359006415588113
-14.62780239961228     0.0011399759724106794
-14.472390407920134     0.002550709268734733
-14.31697841622799     0.0022107080832326274
-14.161566424535845     0.0043289613303996895
-14.006154432843699     0.011267487611650038
-13.850742441151553     0.016876983774122944
-13.695330449459409     0.018940165565466804
-13.539918457767264     0.022249878920345693
-13.384506466075118     0.01959473335588987
-13.229094474382972     0.006675994630624164
-13.073682482690828     0.0007226374995637555
-12.918270490998683     2.401131168422942e-05
-12.762858499306537     2.429974030077569e-07
-12.607446507614391     7.701983386131162e-10
-12.452034515922247     3.236769423038546e-08
-12.296622524230102     1.31501873814879e-05
-12.141210532537956     0.0016104948118219465
-11.98579854084581     0.05971260995336767
-11.830386549153665     0.6926276641186779
-11.674974557461521     2.921435543344324
-11.519562565769375     6.6047818701873044
-11.364150574077229     10.515659198001586
-11.208738582385084     13.454621326546624
-11.05332659069294     15.887229512883131
-10.897914599000794     19.480833999449416
-10.742502607308648     28.809885224522493
-10.587090615616503     34.55859734522759
-10.431678623924359     35.616898334441615
-10.276266632232213     28.045808053895318
-10.120854640540067     13.87782980536752
-9.965442648847922     5.43199627843337
-9.810030657155778     2.6550744819372145
-9.654618665463632     1.1218092640132546
-9.499206673771486     0.2508420659944666
-9.343794682079341     0.021795283079792758
-9.188382690387197     0.0006258220546561103
-9.03297069869505     0.00025630108892532333
-8.877558707002905     0.0026417240206713043
-8.72214671531076     0.008322825733117477
-8.566734723618616     0.008170122755398043
-8.41132273192647     0.0061232608848288015
-8.255910740234324     0.01619400850548187
-8.10049874854218     0.05658708046280161
-7.945086756850035     0.4350388721271875
-7.789674765157889     1.8455861848553086
-7.634262773465743     3.364855019670436
-7.478850781773598     3.393740477033657
-7.323438790081454     2.431539126438862
-7.168026798389308     1.152560882100636
-7.012614806697162     0.2550425229982769
-6.857202815005017     0.026981991668547988
-6.701790823312873     0.025835385374060334
-6.546378831620727     0.03674272030079712
-6.390966839928581     0.04365486540684408
-6.235554848236436     0.09426410915400492
-6.080142856544292     0.13544202532755367
-5.924730864852146     0.12040723812462904
-5.76931887316      0.11770269981424719
-5.613906881467855     0.07884211917505224
-5.458494889775711     0.019306458624452336
-5.3030828980835665     0.001494342982836985
-5.1476709063914186     3.556902991447927e-05
-4.992258914699274     2.581669571305226e-07
-4.83684692300713     5.687451101180313e-10
-4.681434931314982     3.7898333102756553e-13
-4.5260229396228375     7.61734173396488e-17
-4.370610947930693     4.607940487507898e-21
-4.215198956238549     5.652899948792682e-23
-4.059786964546404     2.3385905597384454e-18
-3.9043749728542565     2.9223519630463396e-14
-3.748962981162112     1.1051499012928661e-10
-3.5935509894699678     1.2703011020624508e-07
-3.43813899777782     4.4617832509176495e-05
-3.2827270060856755     0.004818143957339849
-3.127315014393531     0.16099717842394293
-2.9719030227013867     1.6774512788811777
-2.8164910310092424     5.5957552366996275
-2.6610790393170944     7.408487325230899
-2.50566704762495     9.783391803646278
-2.3502550559328057     15.550204340924823
-2.194843064240658     15.385954869662138
-2.0394310725485134     10.638839595967996
-1.884019080856369     11.009365481971331
-1.7286070891642247     15.894540504268408
-1.5731950974720803     19.067257812133374
-1.4177831057799324     21.060011336964095
-1.262371114087788     23.046717431763977
-1.1069591223956436     24.47133498600454
-0.9515471307034957     28.397380868844067
-0.7961351390113514     35.692166987930484
-0.640723147319207     45.876301274371954
-0.4853111556270626     62.15355129444655
-0.32989916393491825     82.80477820764229
-0.17448717224277033     92.60742629698984
-0.01907518055062596     74.58231660525827
0.1363368111415184     33.65155216970078
0.29174880283366633     7.560292881175309
0.4471607945258107     0.890414532557946
0.6025727862179551     0.04973380713596859
0.7579847779100994     0.0010362034434735399
0.9133967696022438     6.973197685316052e-06
1.0688087612943917     1.438739309700074e-08
1.224220752986536     8.950310015357253e-12
1.3796327446786805     1.6695590233645671e-15
1.5350447363708284     9.35804387908996e-20
1.6904567280629728     1.0954199839454846e-17
1.8458687197551171     9.481081477358562e-14
2.0012807114472615     2.4528461086253996e-10
2.156692703139406     1.8969447119186648e-07
2.312104694831554     4.387450933100752e-05
2.467516686523698     0.0030427464779345195
2.6229286782158425     0.06420784145114758
2.7783406699079904     0.4468987376113288
2.933752661600135     1.4211747090974856
3.089164653292279     3.1893071474615207
3.2445766449844236     4.373736011048982
3.399988636676568     3.706766786838236
3.555400628368716     3.2828025113687067
3.71081262006086     3.320372609317835
3.8662246117530046     3.609301709202165
4.0216366034451525     4.547980864897314
4.177048595137297     5.230942699314743
4.332460586829441     5.012422744940015
4.487872578521586     4.17259148519911
4.64328457021373     2.6793260632565468
4.798696561905878     0.994440652823819
4.954108553598022     0.15094611482490042
5.109520545290167     0.007800574572594948
5.264932536982315     0.00012778259719284848
5.420344528674459     6.440805500807315e-07
5.575756520366603     9.84984360536769e-10
5.731168512058748     4.838528662940909e-13
5.886580503750892     4.34857997154032e-11
6.04199249544304     1.879469568601058e-08
6.197404487135184     2.428010055429945e-06
6.352816478827329     9.37545563281864e-05
6.508228470519477     0.001082084072239364
6.663640462211621     0.0037329867743230737
6.819052453903765     0.0038495395211454284
6.97446444559591     0.0012107523138820979
7.129876437288054     0.0008015800920693372
7.285288428980202     0.006333257569623324
7.440700420672346     0.01931545278153465
7.596112412364491     0.02199972338811183
7.751524404056639     0.014822675170028722
7.906936395748783     0.01248388740545619
8.062348387440927     0.01581105539505101
8.217760379133072     0.012109987343259377
8.373172370825216     0.004401751044376961
8.528584362517364     0.00204516736633813
8.683996354209508     0.0012420211296741684
8.839408345901653     0.001150806832239284
8.9948203375938     0.0006128053719684678
9.150232329285945     0.00010391472005478386
9.30564432097809     5.288673655167572e-06
9.461056312670234     8.047490973484955e-08
9.616468304362378     8.964313520176497e-10
9.771880296054526     8.960171548775099e-08
9.92729228774667     4.524149362805857e-06
10.082704279438815     6.82790450453098e-05
10.238116271130963     0.00030804928867016104
10.393528262823104     0.0004192801742605738
10.548940254515252     0.00028403891047061396
10.7043522462074     0.00104330246127135
10.85976423789954     0.002682782637923385
11.015176229591688     0.002101499744523011
11.170588221283829     0.0004921689938029168
11.326000212975977     3.445303210828137e-05
11.481412204668125     7.209249556384269e-07
11.636824196360266     1.727317216103456e-08
11.792236188052414     1.294270079773555e-06
11.947648179744562     3.928582983273444e-05
12.103060171436702     0.00036300794627977593
12.25847216312885     0.001224240622746102
12.413884154820998     0.003855148812843216
12.569296146513139     0.017281840220315123
12.724708138205287     0.05885145555866944
12.880120129897428     0.11826868183003575
13.035532121589576     0.14957861947179235
13.190944113281724     0.15001635196801588
13.346356104973864     0.130001146975537
13.501768096666012     0.07682353703608823
13.657180088358153     0.028067406563313906
13.812592080050301     0.03889714662864736
13.968004071742449     0.058580616788310266
14.12341606343459     0.06681378380893076
14.278828055126738     0.09843364856295328
14.434240046818886     0.12892475531213912
14.589652038511026     0.08573457533392806
14.745064030203174     0.019703387259725015
14.900476021895322     0.0014081075251026528
15.055888013587463     3.067434251613348e-05
15.211300005279611     2.0273771006621027e-07
15.366711996971752     4.0559755058113855e-10
15.5221239886639     2.4513055308291916e-13
15.677535980356048     7.304613757229782e-17
15.832947972048188     1.0292293217011276e-13
15.988359963740336     1.1160874425658023e-10
16.143771955432477     3.619292169091295e-08
16.299183947124625     3.516049425979676e-06
16.454595938816773     0.00010315514230819001
16.610007930508914     0.0009468972808202098
16.765419922201062     0.0031068869839070167
16.92083191389321     0.004961841576017304
17.07624390558535     0.005242902471349513
17.2316558972775     0.005096789246790952
17.387067888969646     0.006552076709359733
17.542479880661787     0.011843599958110696
17.697891872353935     0.015650363828556824
17.853303864046076     0.01298512095367121
18.008715855738224     0.0077803035729570825
18.164127847430372     0.0028671152220620796
18.319539839122513     0.00048224311687106825
18.47495183081466     2.999865717666911e-05
18.6303638225068     6.139814144821732e-07
18.78577581419895     3.910560273647513e-09
18.941187805891097     7.568043460698865e-12
19.096599797583238     2.574545254380544e-13
19.252011789275386     2.6711718609517154e-10
19.407423780967534     8.437386324188311e-08
19.562835772659675     7.996202992398784e-06
19.718247764351823     0.0002296971255732354
19.87365975604397     0.0020846006421727844
20.02907174773611     0.006986917157740938
20.18448373942826     0.01225150943239369
20.3398957311204     0.01406021485782383
20.495307722812548     0.013020007009626577
20.6507197145047     0.009857141468822855
