-21.769270886707137     0.7734872443975964
-21.61386377910965     0.43123274962787195
-21.458456671512163     0.19614503369111994
-21.303049563914676     0.6155897641589451
-21.147642456317186     1.165583011369549
-20.9922353487197     1.4222962414987277
-20.836828241122213     1.5489084148607384
-20.681421133524726     1.4817004395242177
-20.52601402592724     1.4338656254761657
-20.370606918329752     1.6159972045902955
-20.215199810732265     1.0239374609121625
-20.059792703134775     0.23813962046560433
-19.90438559553729     0.01830988467583549
-19.7489784879398     0.00044476494380292465
-19.593571380342315     3.32341266598522e-06
-19.438164272744828     7.528478659355864e-09
-19.28275716514734     5.132140875906865e-12
-19.127350057549855     1.0490922389112474e-15
-18.971942949952364     6.419830794971201e-20
-18.816535842354877     1.1751353547108953e-24
-18.66112873475739     6.432035521897314e-30
-18.505721627159904     1.0525236851956604e-35
-18.350314519562417     5.1487791453888504e-42
-18.19490741196493     7.529218004304127e-49
-18.039500304367444     3.291254222664057e-56
-17.884093196769953     4.300664548571152e-64
-17.728686089172466     1.679850888704803e-72
-17.57327898157498     1.9614001410505047e-81
-17.417871873977493     6.845764687800117e-91
-17.262464766380006     3.1320133453105215e-87
-17.107057658782516     5.720852379005426e-78
-16.951650551185033     3.1236154516261396e-69
-16.796243443587542     5.098167114736073e-61
-16.640836335990056     2.4873119460430274e-53
-16.48542922839257     3.627489197263898e-46
-16.330022120795082     1.5813998144436114e-39
-16.174615013197595     2.0608051115129908e-33
-16.019207905600105     8.027713154317537e-28
-15.863800798002618     9.347736303548467e-23
-15.708393690405131     3.253724241045764e-18
-15.552986582807645     3.385436848283952e-14
-15.397579475210158     1.0529515168168466e-10
-15.242172367612671     9.789527166088821e-08
-15.086765260015182     2.720662954122128e-05
-14.931358152417696     0.002260203409342225
-14.775951044820207     0.05612836111108671
-14.62054393722272     0.41673102394083195
-14.465136829625234     0.9305519644787833
-14.309729722027747     0.7499337814198284
-14.15432261443026     1.0873176007590162
-13.998915506832772     2.332431958203063
-13.843508399235285     2.598057765736871
-13.688101291637798     2.300325933758055
-13.53269418404031     2.3221519065048235
-13.377287076442823     1.8923531103962377
-13.221879968845336     0.6264961927939126
-13.066472861247847     0.06671480248927925
-12.91106575365036     0.002188572187231741
-12.755658646052874     2.1911170723601754e-05
-12.600251538455385     6.686523324911692e-08
-12.444844430857898     1.678304114347816e-07
-12.289437323260412     4.2348369525283983e-05
-12.134030215662925     0.0032014038971496656
-11.978623108065436     0.07254639814922349
-11.82321600046795     0.4948866175387212
-11.667808892870463     1.0623879393010998
-11.512401785272974     1.1200953671553022
-11.356994677675488     1.7117390146650255
-11.201587570078     2.1811501127092328
-11.046180462480514     1.8268037802532753
-10.890773354883025     1.5546513161162976
-10.735366247285539     1.7738280473063102
-10.579959139688052     2.6075658011195673
-10.424552032090563     3.3540252434723823
-10.269144924493077     3.150252716897709
-10.11373781689559     2.5984049458586735
-9.958330709298101     2.6855556701643275
-9.802923601700614     2.1911243972027283
-9.647516494103128     1.0251565117194872
-9.492109386505641     0.24538474096765184
-9.336702278908152     0.023126755146503676
-9.181295171310666     0.0011090080879337333
-9.025888063713179     0.013968343051953788
-8.87048095611569     0.14741174179154007
-8.715073848518204     0.46573890631488074
-8.559666740920717     0.45665158246716964
-8.404259633323228     0.31716105106884906
-8.248852525725741     0.724019936184446
-8.093445418128255     1.040067359406583
-7.938038310530768     0.9754858867468809
-7.782631202933279     1.085802794439884
-7.627224095335793     1.1254492002054284
-7.471816987738306     1.1166016891858481
-7.316409880140817     0.641333859478971
-7.1610027725433305     0.1442813700140376
-7.005595664945844     0.04948971715160623
-6.850188557348357     0.440505189034112
-6.694781449750868     1.7095498353438143
-6.539374342153382     2.5158255972609256
-6.383967234555895     3.1696402044786534
-6.228560126958406     5.731477706224413
-6.07315301936092     6.95863049509775
-5.917745911763433     6.297545330786649
-5.762338804165946     6.121378340003712
-5.606931696568459     3.8994402899130707
-5.451524588970969     0.9306947569512605
-5.296117481373482     0.07100422545581833
-5.140710373775995     0.0016711075607807456
-4.985303266178509     1.200555509283994e-05
-4.829896158581022     2.619529386888394e-08
-4.674489050983535     1.729859241193278e-11
-4.519081943386048     3.4478013906325445e-15
-4.363674835788558     2.0694102525108135e-19
-4.208267728191071     3.787440909090415e-24
-4.052860620593584     2.0233729419023055e-21
-3.8974535129960977     2.30107635557492e-17
-3.742046405398611     7.93154139946238e-14
-3.586639297801124     8.359017453780248e-11
-3.431232190203634     2.7308760079276563e-08
-3.275825082606147     2.8210784158888236e-06
-3.1204179750086602     9.441698433622776e-05
-2.9650108674111735     0.0010480840079894963
-2.8096037598136867     0.0039635171186100165
-2.6541966522162     0.005793907648566944
-2.498789544618713     0.00601200551264649
-2.343382437021223     0.007630461232221833
-2.187975329423736     0.007441657864076727
-2.0325682218262493     0.007058024908892271
-1.8771611142287625     0.010784562112764611
-1.7217540066312758     0.015578385219186449
-1.566346899033789     0.02137875804240596
-1.4109397914363022     0.026784309732836895
-1.255532683838812     0.027411037754820962
-1.1001255762413251     0.028003615285827926
-0.9447184686438383     0.02993714706254034
-0.7893113610463516     0.03171436806652909
-0.6339042534488648     0.03676311371202221
-0.47849714585137804     0.04348146858040292
-0.32309003825389127     0.041979577336947134
-0.16768293065640094     0.030989355414680453
-0.01227582305891417     0.015597226850142726
0.1431312845385726     0.004734757563677288
0.29853839213605937     0.000786890387883256
0.45394549973354614     6.190883917663917e-05
0.6093526073310329     2.0378228040186656e-06
0.7647597149285232     2.5667161782850378e-08
0.92016682252601     1.1466435676760761e-10
1.0755739301234968     1.7062113857254007e-13
1.2309810377209836     8.086844431329002e-17
1.3863881453184703     1.1872552811513389e-20
1.541795252915957     7.262376612596011e-25
1.6972023605134439     5.5274019975985455e-21
1.8526094681109342     4.6848249725699295e-17
2.008016575708421     1.186957084083743e-13
2.1634236833059077     8.990590668217008e-11
2.3188307909033945     2.0369658596667634e-08
2.4742378985008813     1.384535130237785e-06
2.629645006098368     2.870598349662515e-05
2.785052113695855     0.00019858981375944898
2.940459221293345     0.0006461625472336689
3.095866328890832     0.001473931483772822
3.2512734364883187     0.0019530884614207722
3.4066805440858055     0.0015332285705649945
3.5620876516832922     0.0015016333469128232
3.717494759280779     0.0019988360541189076
3.8729018668782658     0.002327587082209488
4.028308974475756     0.003197810127823255
4.183716082073243     0.004150294541212657
4.33912318967073     0.0034102574194973803
4.494530297268216     0.0019148179315600098
4.649937404865703     0.0008490087718050002
4.80534451246319     0.0002827557902191412
4.96075162006068     4.329937967840007e-05
5.116158727658167     2.248768326798856e-06
5.271565835255654     3.630761325426728e-08
5.426972942853141     1.7791614633981759e-10
5.582380050450627     2.6243500983985646e-13
5.737787158048114     6.695012844059065e-14
5.893194265645601     9.74155813752816e-11
6.048601373243091     4.244425243383068e-08
6.204008480840578     5.5280127315238195e-06
6.359415588438065     0.0002152181351954895
6.5148226960355515     0.00250465769630021
6.670229803633038     0.008713216978203002
6.825636911230525     0.009066322638985267
6.981044018828012     0.0032996279015508915
7.136451126425502     0.013125968502044618
7.291858234022989     0.10481118199426884
7.447265341620476     0.2629858464618558
7.6026724492179625     0.20787528927071192
7.758079556815449     0.06157202365543029
7.913486664412936     0.020184605834286985
8.068893772010423     0.039887377071354445
8.224300879607913     0.29868861049781503
8.3797079872054     1.2684476661962703
8.535115094802887     1.823311492633819
8.690522202400373     1.6038172180375163
8.84592930999786     1.8487439229445217
9.001336417595347     1.0017910835543413
9.156743525192837     0.16862867980015023
9.312150632790324     0.008505946862332095
9.46755774038781     0.00012827871373323151
9.622964847985298     2.7697977672619223e-06
9.778371955582784     0.000373635404720681
9.933779063180271     0.01904168206066497
10.089186170777758     0.29008368188232825
10.244593278375245     1.3210193465493525
10.400000385972735     1.8007389025236737
10.555407493570218     0.8067958419243884
10.710814601167709     0.7529005737083067
10.866221708765199     1.7577932817793709
11.021628816362682     1.386126822999906
11.177035923960172     0.3273227403657142
11.332443031557656     0.02310573523929716
11.487850139155146     0.0004876212864681581
11.64325724675263     2.574847233639225e-05
11.79866435435012     0.002303512555746961
11.95407146194761     0.06997158386269477
12.109478569545093     0.6370070646667068
12.264885677142583     1.7877585029640544
12.420292784740067     2.06994276389847
12.575699892337557     3.0044941219782615
12.73110699993504     5.863932579009276
12.88651410753253     8.658417804409659
13.04192121513002     8.75814274421318
13.197328322727504     7.648021555252205
13.352735430324994     7.011952430517543
13.508142537922478     4.3629610076255085
13.663549645519968     1.7555989048393177
13.818956753117451     2.6935141344566187
13.974363860714941     3.526541552178016
14.129770968312432     2.8088607195275013
14.285178075909915     3.2439725284381065
14.440585183507405     4.078955393570086
14.595992291104888     2.6952244485091805
14.751399398702379     0.6195954461143711
14.90680650629987     0.04435482761603207
15.062213613897352     0.0009681186870970778
15.217620721494843     6.4115584902785524e-06
15.373027829092326     1.285360437854122e-08
15.528434936689816     7.785053657398551e-12
15.6838420442873     2.0499443664455774e-14
15.83924915188479     6.952822896802436e-11
15.99465625948228     7.5751300863873e-08
16.150063367079763     2.467819935876906e-05
16.305470474677254     0.0024067149158837646
16.460877582274737     0.07063364539875235
16.616284689872227     0.6389384314385407
16.77169179746971     1.9672559074625509
16.9270989050672     2.800474180255236
17.08250601266469     3.1212382845203823
17.237913120262174     4.010596817352235
17.393320227859665     5.592411334036929
17.548727335457148     8.172650850456357
17.704134443054638     9.700595591825715
17.85954155065212     8.384748166728635
18.01494865824961     5.5602280308935
18.170355765847102     2.229083620979181
18.325762873444585     0.39350235222411245
18.481169981042076     0.02510827692094907
18.63657708863956     0.0005209151896606632
18.79198419623705     3.3444151630664753e-06
18.947391303834532     6.508107718463051e-09
19.102798411432023     8.032258211685677e-11
19.258205519029513     8.142285394619054e-08
19.413612626626996     2.598126444525503e-05
19.569019734224486     0.0025027342201134665
19.72442684182197     0.07437686786992306
19.87983394941946     0.7294259634516194
20.035241057016943     2.787448879640073
20.190648164614434     5.139496116323151
20.346055272211924     5.270627631046582
20.501462379809407     4.9465145713374055
20.656869487406897     4.185073829705541
