-21.769270886707137     3.5374511804680733
-21.61386377910965     1.9724501070370737
-21.458456671512163     0.9031520220595837
-21.303049563914676     2.8533046617478126
-21.147642456317186     5.408537661026058
-20.9922353487197     6.510401362905505
-20.836828241122213     6.880357382821228
-20.681421133524726     6.465540941162542
-20.52601402592724     6.228932499748733
-20.370606918329752     7.02959064140386
-20.215199810732265     4.463296910840762
-20.059792703134775     1.039338141217323
-19.90438559553729     0.07997321366325237
-19.7489784879398     0.0019437562843805777
-19.593571380342315     1.453196672802844e-05
-19.438164272744828     3.293591623780463e-08
-19.28275716514734     2.2463535726191997e-11
-19.127350057549855     4.5941151894224535e-15
-18.971942949952364     2.812607200780134e-19
-18.816535842354877     5.150592482364588e-24
-18.66112873475739     2.8202440271092937e-29
-18.505721627159904     4.6166129887777374e-35
-18.350314519562417     2.2590879136190107e-41
-18.19490741196493     3.3044540201802786e-48
-18.039500304367444     1.4448268488556782e-55
-17.884093196769953     1.8883302985978964e-63
-17.728686089172466     7.377081604395419e-72
-17.57327898157498     8.61459642205598e-81
-17.417871873977493     3.0069676824665303e-90
-17.262464766380006     4.262494720419604e-87
-17.107057658782516     7.788945546323504e-78
-16.951650551185033     4.254384792403147e-69
-16.796243443587542     6.946053684023224e-61
-16.640836335990056     3.3898677477588146e-53
-16.48542922839257     4.9450491363151695e-46
-16.330022120795082     2.156262806373588e-39
-16.174615013197595     2.8104507908214793e-33
-16.019207905600105     1.0949479717490694e-27
-15.863800798002618     1.2751291633342002e-22
-15.708393690405131     4.4387232246991415e-18
-15.552986582807645     4.6185445920582826e-14
-15.397579475210158     1.4364661740296716e-10
-15.242172367612671     1.335453755441265e-07
-15.086765260015182     3.711124254708869e-05
-14.931358152417696     0.0030826583778891664
-14.775951044820207     0.07654040289735896
-14.62054393722272     0.5681650188401366
-14.465136829625234     1.2680717739376735
-14.309729722027747     1.015286185915212
-14.15432261443026     1.4394203629660625
-13.998915506832772     3.060378876834759
-13.843508399235285     3.321379154303922
-13.688101291637798     2.8596589962577417
-13.53269418404031     2.8474018357368385
-13.377287076442823     2.3047708405998986
-13.221879968845336     0.7613641958825152
-13.066472861247847     0.08099216677284127
-12.91106575365036     0.0026549392568944123
-12.755658646052874     2.656626280347754e-05
-12.600251538455385     8.153569812591098e-08
-12.444844430857898     6.120391448207646e-07
-12.289437323260412     0.00015412850557302866
-12.134030215662925     0.011619867030601371
-11.978623108065436     0.26248563025626687
-11.82321600046795     1.7844574265281081
-11.667808892870463     3.8157128575304062
-11.512401785272974     3.9979919674308793
-11.356994677675488     6.083069593094735
-11.201587570078     7.68299583610288
-11.046180462480514     6.316770832787027
-10.890773354883025     5.286637518399063
-10.735366247285539     6.139877057041723
-10.579959139688052     9.39414501724748
-10.424552032090563     12.388861037097083
-10.269144924493077     11.882228748012075
-10.11373781689559     9.85589125096778
-9.958330709298101     10.295000136144022
-9.802923601700614     8.677191648016837
-9.647516494103128     4.10012479193657
-9.492109386505641     0.9524345255296307
-9.336702278908152     0.08599686324792613
-9.181295171310666     0.004446270616878582
-9.025888063713179     0.06696102445571125
-8.87048095611569     0.7057453182656295
-8.715073848518204     2.2263525715274533
-8.559666740920717     2.1749454947299274
-8.404259633323228     1.467281679140183
-8.248852525725741     3.3354768442132654
-8.093445418128255     4.913822323069844
-7.938038310530768     4.784167033248612
-7.782631202933279     5.370644987348022
-7.627224095335793     5.525632052747201
-7.471816987738306     5.529611376353921
-7.316409880140817     3.2040374333916537
-7.1610027725433305     0.7199892326766308
-7.005595664945844     0.06873132650492014
-6.850188557348357     0.0692004369865091
-6.694781449750868     0.2523333074797378
-6.539374342153382     0.3753488429750885
-6.383967234555895     0.5615770371996174
-6.228560126958406     1.0845718717187824
-6.07315301936092     1.2665180674660492
-5.917745911763433     1.1152018703508755
-5.762338804165946     1.105722734243559
-5.606931696568459     0.7144398892676601
-5.451524588970969     0.1713307728031785
-5.296117481373482     0.013099935656580053
-5.140710373775995     0.00030884975589522254
-4.985303266178509     2.222841503619284e-06
-4.829896158581022     4.8596058864878346e-09
-4.674489050983535     3.2159025870491195e-12
-4.519081943386048     6.423854870587869e-16
-4.363674835788558     3.8644952421547663e-20
-4.208267728191071     8.914990542806573e-25
-4.052860620593584     7.60029962260979e-21
-3.8974535129960977     9.096917489455695e-17
-3.742046405398611     3.3223921799739253e-13
-3.586639297801124     3.7325499954758553e-10
-3.431232190203634     1.30312497623219e-07
-3.275825082606147     1.430178964895129e-05
-3.1204179750086602     0.0004989029486997185
-2.9650108674111735     0.005586625249975559
-2.8096037598136867     0.020585872718850057
-2.6541966522162     0.030069449481877633
-2.498789544618713     0.03792055099052977
-2.343382437021223     0.05291347699263024
-2.187975329423736     0.04804643129453776
-2.0325682218262493     0.046256406585669374
-1.8771611142287625     0.07740249724020776
-1.7217540066312758     0.11844348237553054
-1.566346899033789     0.17650452707023045
-1.4109397914363022     0.2356308027221602
-1.255532683838812     0.2554876920064618
-1.1001255762413251     0.2723425683134291
-0.9447184686438383     0.2700365126388214
-0.7893113610463516     0.2280635642356993
-0.6339042534488648     0.2517614562570024
-0.47849714585137804     0.3230342215898252
-0.32309003825389127     0.29730972461596517
-0.16768293065640094     0.2041543406216968
-0.01227582305891417     0.09799261980651428
0.1431312845385726     0.02717533630988507
0.29853839213605937     0.0039342181752581515
0.45394549973354614     0.0002683783587119214
0.6093526073310329     8.178998370401489e-06
0.7647597149285232     1.0613956670993824e-07
0.92016682252601     5.3045004232239e-10
1.0755739301234968     9.171327239740829e-13
1.2309810377209836     5.112621300706538e-16
1.3863881453184703     8.858233636114545e-20
1.541795252915957     5.361777345985683e-24
1.6972023605134439     1.9326820815392667e-20
1.8526094681109342     1.6539529785601874e-16
2.008016575708421     4.2314153803285833e-13
2.1634236833059077     3.236549586384602e-10
2.3188307909033945     7.404569571117482e-08
2.4742378985008813     5.078765987474298e-06
2.629645006098368     0.00010579332325882462
2.785052113695855     0.0007165396238758929
2.940459221293345     0.0020789623320404786
3.095866328890832     0.003955904467145881
3.2512734364883187     0.004654245589581428
3.4066805440858055     0.003539727632119689
3.5620876516832922     0.0037394339405651825
3.717494759280779     0.0052964009317761395
3.8729018668782658     0.006180318970337039
4.028308974475756     0.008537402075655903
4.183716082073243     0.011052933645238183
4.33912318967073     0.008808355660895075
4.494530297268216     0.005075298778925796
4.649937404865703     0.002470997421262475
4.80534451246319     0.0008967664782314011
4.96075162006068     0.00014526169193544185
5.116158727658167     7.859436240803044e-06
5.271565835255654     1.3122763739994322e-07
5.426972942853141     6.625248280455249e-10
5.582380050450627     1.007684468401933e-12
5.737787158048114     1.3125443139862723e-11
5.893194265645601     1.9052510355654994e-08
6.048601373243091     8.267141530250062e-06
6.204008480840578     0.0010722808646834254
6.359415588438065     0.04157305675908314
6.5148226960355515     0.48179887740380056
6.670229803633038     1.6690536845423556
6.825636911230525     1.7284032420859625
6.981044018828012     0.5420291236359194
7.136451126425502     0.2488353643023982
7.291858234022989     1.7871619612956722
7.447265341620476     5.2340545912798975
7.6026724492179625     5.623569049587578
7.758079556815449     3.6256956441486667
7.913486664412936     3.0502347077769603
8.068893772010423     4.044439113235191
8.224300879607913     3.514762038216285
8.3797079872054     2.262848665287067
8.535115094802887     2.0438994081849775
8.690522202400373     1.7196406228973904
8.84592930999786     1.97858416168485
9.001336417595347     1.0766450530729628
9.156743525192837     0.1820586925561717
9.312150632790324     0.009225439420272872
9.46755774038781     0.00013976398072710976
9.622964847985298     2.9222927892806643e-06
9.778371955582784     0.000388489297737707
9.933779063180271     0.019705518304317833
10.089186170777758     0.29877907201370757
10.244593278375245     1.3541709593063294
10.400000385972735     1.837198384276438
10.555407493570218     0.8205640283562601
10.710814601167709     0.7734380209222753
10.866221708765199     1.8022648673236001
11.021628816362682     1.415429072647695
11.177035923960172     0.3328677227462814
11.332443031557656     0.023400040044159687
11.487850139155146     0.0004917848865944118
11.64325724675263     2.7107192091368158e-05
11.79866435435012     0.002437612384434916
11.95407146194761     0.07396290833365693
12.109478569545093     0.6724840435295274
12.264885677142583     1.8818742517733806
12.420292784740067     2.1417889418606713
12.575699892337557     2.9964646326669913
12.73110699993504     5.765810152277314
12.88651410753253     8.433682678751167
13.04192121513002     8.43886133685713
13.197328322727504     7.39058335856049
13.352735430324994     6.895836464466669
13.508142537922478     4.306768227653003
13.663549645519968     1.7931810076641472
13.818956753117451     2.8956607709733464
13.974363860714941     3.7905975753052665
14.129770968312432     3.035499839817132
14.285178075909915     3.5294393161105497
14.440585183507405     4.451324002412754
14.595992291104888     2.943756926708033
14.751399398702379     0.6762572030614046
14.90680650629987     0.04835751695044937
15.062213613897352     0.0010542509104330968
15.217620721494843     6.973823325607771e-06
15.373027829092326     1.396443071291428e-08
15.528434936689816     8.447820388520505e-12
15.6838420442873     2.7721107323239446e-15
15.83924915188479     4.475587815650468e-12
15.99465625948228     4.86455205047204e-09
16.150063367079763     1.5810841630735286e-06
16.305470474677254     0.00015389270391829484
16.460877582274737     0.004515808134209681
16.616284689872227     0.041157317425663864
16.77169179746971     0.13092638566489417
16.9270989050672     0.1967031257136771
17.08250601266469     0.20843395140562415
17.237913120262174     0.26075551173216105
17.393320227859665     0.42010713514442455
17.548727335457148     0.6398992353767883
17.704134443054638     0.7529116376723906
17.85954155065212     0.6831335609436466
18.01494865824961     0.4691269939290481
18.170355765847102     0.18626564440669224
18.325762873444585     0.03235971535705936
18.481169981042076     0.00204460254182062
18.63657708863956     4.2195282538896195e-05
18.79198419623705     2.700436418237566e-07
18.947391303834532     5.242644476651009e-10
19.102798411432023     1.1594724476083538e-12
19.258205519029513     9.054603668669609e-10
19.413612626626996     2.8841653176897955e-07
19.569019734224486     2.7844034499496067e-05
19.72442684182197     0.0008395592784839544
19.87983394941946     0.008633271352267656
20.035241057016943     0.036433664483057376
20.190648164614434     0.07438563105699336
20.346055272211924     0.07886440083876448
20.501462379809407     0.07286466739439787
20.656869487406897     0.06225877071067522
