-21.769270886707137     1.4426524435787924e-06
-21.61386377910965     9.833285484296562e-07
-21.458456671512163     3.0572327735776205e-06
-21.303049563914676     1.337987689194609e-05
-21.147642456317186     2.184504734822684e-05
-20.9922353487197     2.8706355236988913e-05
-20.836828241122213     5.062534583828071e-05
-20.681421133524726     6.374798495166928e-05
-20.52601402592724     0.00010625734058728842
-20.370606918329752     0.00023119224826189085
-20.215199810732265     0.00020680394867788173
-20.059792703134775     5.796995448531914e-05
-19.90438559553729     4.9246850541344926e-06
-19.7489784879398     1.2579331487033156e-07
-19.593571380342315     9.63088735474101e-10
-19.438164272744828     2.206873664592913e-12
-19.28275716514734     1.5125159510454065e-15
-19.127350057549855     3.0995503456837165e-19
-18.971942949952364     1.898939233666646e-23
-18.816535842354877     3.477827963499954e-28
-18.66112873475739     1.904041288368634e-33
-18.505721627159904     3.116087603276818e-39
-18.350314519562417     1.5244216677775846e-45
-18.19490741196493     2.2292634517790585e-52
-18.039500304367444     9.744911335720564e-60
-17.884093196769953     1.273369129069447e-67
-17.728686089172466     4.973825432504447e-76
-17.57327898157498     5.807463602677714e-85
-17.417871873977493     2.0269467431620016e-94
-17.262464766380006     5.005994943219971e-91
-17.107057658782516     9.143817386055613e-82
-16.951650551185033     4.9925723269399474e-73
-16.796243443587542     8.148560041824578e-65
-16.640836335990056     3.9755485214470845e-57
-16.48542922839257     5.797929502847444e-50
-16.330022120795082     2.5276008118441437e-43
-16.174615013197595     3.29384930068773e-37
-16.019207905600105     1.2830945154273911e-31
-15.863800798002618     1.494077946257187e-26
-15.708393690405131     5.200529276701444e-22
-15.552986582807645     5.4110496586721215e-18
-15.397579475210158     1.6829653604531752e-14
-15.242172367612671     1.5646907623062597e-11
-15.086765260015182     4.348520735876632e-09
-14.931358152417696     3.6125537414030883e-07
-14.775951044820207     8.971165179269737e-06
-14.62054393722272     6.660629604244635e-05
-14.465136829625234     0.00014868703518820014
-14.309729722027747     0.00011979769528717528
-14.15432261443026     0.00018183369555365754
-13.998915506832772     0.00042566682534083783
-13.843508399235285     0.0005585815628639738
-13.688101291637798     0.0006423442295120371
-13.53269418404031     0.0008762003960616705
-13.377287076442823     0.0008566002377702945
-13.221879968845336     0.0003133641341363117
-13.066472861247847     3.5884404713229046e-05
-12.91106575365036     1.2476988534191624e-06
-12.755658646052874     1.3087230518453199e-08
-12.600251538455385     4.7650169847156125e-11
-12.444844430857898     7.148099398953434e-09
-12.289437323260412     2.410308857608473e-06
-12.134030215662925     0.0002434904957947002
-11.978623108065436     0.007412479379822269
-11.82321600046795     0.07057273518867592
-11.667808892870463     0.25585815508402676
-11.512401785272974     0.590450941553063
-11.356994677675488     1.0118584652231528
-11.201587570078     1.204960263239262
-11.046180462480514     1.2682169626646798
-10.890773354883025     1.4638189264516401
-10.735366247285539     1.765820498698228
-10.579959139688052     1.5812983608822109
-10.424552032090563     1.1647637687761645
-10.269144924493077     0.6967998028688095
-10.11373781689559     0.28107801907679203
-9.958330709298101     0.11028894516296851
-9.802923601700614     0.07439596608254612
-9.647516494103128     0.041425272733565284
-9.492109386505641     0.011292108079551883
-9.336702278908152     0.0011164540663436621
-9.181295171310666     3.591601564401708e-05
-9.025888063713179     3.4681296570192993e-05
-8.87048095611569     0.00036272543419148614
-8.715073848518204     0.0011518510314304068
-8.559666740920717     0.0013312001815459734
-8.404259633323228     0.003068630316332574
-8.248852525725741     0.01228592328379774
-8.093445418128255     0.09367183497816474
-7.938038310530768     1.0296251750590606
-7.782631202933279     4.725337917840986
-7.627224095335793     9.425555584229977
-7.471816987738306     10.553375772380758
-7.316409880140817     8.134400166843026
-7.1610027725433305     3.9016561006399093
-7.005595664945844     0.8270359522946013
-6.850188557348357     0.06324398884101404
-6.694781449750868     0.005358457164752456
-6.539374342153382     0.004672650756544332
-6.383967234555895     0.004383961554473307
-6.228560126958406     0.008268227843753964
-6.07315301936092     0.01106451272030932
-5.917745911763433     0.008740936861119309
-5.762338804165946     0.008272931689710855
-5.606931696568459     0.005998855379128976
-5.451524588970969     0.0015733010850862994
-5.296117481373482     0.00012833148594354205
-5.140710373775995     3.181243883134658e-06
-4.985303266178509     2.3818616846440864e-08
-4.829896158581022     5.370027499900556e-11
-4.674489050983535     3.6384060288077443e-14
-4.519081943386048     7.39770521113601e-18
-4.363674835788558     4.508965731299068e-22
-4.208267728191071     3.54921567819015e-23
-4.052860620593584     1.3357455332695688e-18
-3.8974535129960977     1.5129401343821184e-14
-3.742046405398611     5.1743378743262266e-11
-3.586639297801124     5.372282790951286e-08
-3.431232190203634     1.7069963714286218e-05
-3.275825082606147     0.0016792276102668262
-3.1204179750086602     0.05195007040742027
-2.9650108674111735     0.5160670812363489
-2.8096037598136867     1.722601852143766
-2.6541966522162     2.4752069268310137
-2.498789544618713     3.5583113560508735
-2.343382437021223     5.5282391830266375
-2.187975329423736     5.181073404901643
-2.0325682218262493     3.2745413849146034
-1.8771611142287625     3.082315314255205
-1.7217540066312758     3.8999089132982663
-1.566346899033789     3.6939667092451205
-1.4109397914363022     2.6552075036816065
-1.255532683838812     1.9239144994071928
-1.1001255762413251     1.3255650733720508
-0.9447184686438383     0.880498525736032
-0.7893113610463516     0.590868278647742
-0.6339042534488648     0.4728840059449383
-0.47849714585137804     0.5805894916919478
-0.32309003825389127     0.901260526250735
-0.16768293065640094     1.3458346190039925
-0.01227582305891417     1.643737837623915
0.1431312845385726     1.2378295362277931
0.29853839213605937     0.45486540465223263
0.45394549973354614     0.06847274375813067
0.6093526073310329     0.0036818238817554463
0.7647597149285232     6.477503460348825e-05
0.92016682252601     3.5591662193384207e-07
1.0755739301234968     5.971469074932926e-10
1.2309810377209836     3.026466257018867e-13
1.3863881453184703     4.6095230404283296e-17
1.541795252915957     3.462372769032354e-21
1.6972023605134439     3.8504062645548096e-17
1.8526094681109342     3.2634604947722545e-13
2.008016575708421     8.268319956389071e-10
2.1634236833059077     6.262617704544265e-07
2.3188307909033945     0.00014186430874830287
2.4742378985008813     0.009633195754265399
2.629645006098368     0.1986833951987539
2.785052113695855     1.3393340920021297
2.940459221293345     4.021801442449144
3.095866328890832     8.526077484079035
3.2512734364883187     11.36856300980033
3.4066805440858055     9.433709708376224
3.5620876516832922     8.05295234764533
3.717494759280779     7.8340728633862025
3.8729018668782658     8.30569886692506
4.028308974475756     10.289813407057313
4.183716082073243     11.417191760589214
4.33912318967073     10.75713765116055
4.494530297268216     8.975576628729238
4.649937404865703     5.5850852614429
4.80534451246319     1.9600477074894536
4.96075162006068     0.2812619749107077
5.116158727658167     0.013796284130622912
5.271565835255654     0.0002151075699539639
5.426972942853141     1.0336852246905228e-06
5.582380050450627     1.5085770461950178e-09
5.737787158048114     6.676568358588661e-13
5.893194265645601     5.858662332370126e-12
6.048601373243091     2.552598045443188e-09
6.204008480840578     3.3245477737298916e-07
6.359415588438065     1.2943222220354681e-05
6.5148226960355515     0.00015063015426505907
6.670229803633038     0.0005240119298387299
6.825636911230525     0.000544936892403004
6.981044018828012     0.00017123998664549833
7.136451126425502     6.846929651574104e-05
7.291858234022989     0.00047743082621263866
7.447265341620476     0.0014032027359615002
7.6026724492179625     0.0013915727902952526
7.758079556815449     0.0005880548913577363
7.913486664412936     0.000569451321274758
8.068893772010423     0.001052350338327272
8.224300879607913     0.0007538339062247517
8.3797079872054     0.00021736229147059706
8.535115094802887     9.006749585647876e-05
8.690522202400373     0.00012186831149525124
8.84592930999786     0.00018580960879417409
9.001336417595347     0.00010334860423969215
9.156743525192837     1.7425912180710906e-05
9.312150632790324     8.790898675312012e-07
9.46755774038781     1.3257387571434401e-08
9.622964847985298     1.0890709963797697e-10
9.778371955582784     8.378513793381338e-09
9.933779063180271     4.269932574703334e-07
10.089186170777758     6.504886278779267e-06
10.244593278375245     2.962624294792413e-05
10.400000385972735     4.072897226553903e-05
10.555407493570218     2.8412684343057833e-05
10.710814601167709     0.00010813174130166316
10.866221708765199     0.00028056901612912255
11.021628816362682     0.00022159160995396623
11.177035923960172     5.232820858756937e-05
11.332443031557656     3.6938530072080794e-06
11.487850139155146     7.794698171013446e-08
11.64325724675263     1.4827456062407128e-09
11.79866435435012     1.0069498150428373e-07
11.95407146194761     3.059222915854553e-06
12.109478569545093     2.790831636033373e-05
12.264885677142583     8.033620657502381e-05
12.420292784740067     0.00011916002036162706
12.575699892337557     0.0003283936104353304
12.73110699993504     0.0010414745801270266
12.88651410753253     0.0019383849584836553
13.04192121513002     0.0020317952899209122
13.197328322727504     0.0017605052876846564
13.352735430324994     0.001508191963907746
13.508142537922478     0.0008174540605165113
13.663549645519968     0.00034979012367907495
13.818956753117451     0.000669976434574716
13.974363860714941     0.0008358734318106505
14.129770968312432     0.00044870908619494646
14.285178075909915     0.00048254503606467677
14.440585183507405     0.0009766280142429855
14.595992291104888     0.0007585972311600928
14.751399398702379     0.00018347448176956672
14.90680650629987     1.35135195850309e-05
15.062213613897352     3.016613997950935e-07
15.217620721494843     2.036165331215674e-09
15.373027829092326     4.147813941911866e-12
15.528434936689816     2.5456439457714265e-15
15.6838420442873     2.9611410826648533e-18
15.83924915188479     9.078911671854642e-15
15.99465625948228     9.890991201295684e-12
16.150063367079763     3.221486785672146e-09
16.305470474677254     3.1381218383199605e-07
16.460877582274737     9.161174056640046e-06
16.616284689872227     8.090915505997978e-05
16.77169179746971     0.0002263248437562881
16.9270989050672     0.0002549811738941841
17.08250601266469     0.00027254098139397833
17.237913120262174     0.00036121410871495295
17.393320227859665     0.0004017706902663772
17.548727335457148     0.0006306194870960613
17.704134443054638     0.0008600978443424866
17.85954155065212     0.0007144602164422762
18.01494865824961     0.0004009674422198422
18.170355765847102     0.00016743813134084324
18.325762873444585     3.3896122856307696e-05
18.481169981042076     2.3585653811442318e-06
18.63657708863956     5.091323327046075e-08
18.79198419623705     3.3231053938986247e-10
18.947391303834532     6.509946578615681e-13
19.102798411432023     1.5226167212399468e-14
19.258205519029513     1.5781414467259647e-11
19.413612626626996     5.02123210813578e-09
19.569019734224486     4.794139303882166e-07
19.72442684182197     1.3861511600282734e-05
19.87983394941946     0.00012538150400087246
20.035241057016943     0.00039612567122025727
20.190648164614434     0.0005721987917602572
20.346055272211924     0.0005555936286703305
20.501462379809407     0.0006703616292602235
20.656869487406897     0.0007489077385576411
