-21.769270886707137     0.0003785734256344009
-21.61386377910965     0.00021825650155413842
-21.458456671512163     0.00020965608874709514
-21.303049563914676     0.0009344847860627084
-21.147642456317186     0.002494348197247244
-20.9922353487197     0.00564529317332393
-20.836828241122213     0.009904408395001792
-20.681421133524726     0.011371763284343823
-20.52601402592724     0.012628509881661885
-20.370606918329752     0.01534429628585113
-20.215199810732265     0.009515536801633933
-20.059792703134775     0.002143477176244337
-19.90438559553729     0.00016124025128925413
-19.7489784879398     3.869629124801615e-06
-19.593571380342315     2.8744508138339753e-08
-19.438164272744828     6.494485909543385e-11
-19.28275716514734     4.4229438612968196e-14
-19.127350057549855     9.03929821325783e-18
-18.971942949952364     5.532251708281944e-22
-18.816535842354877     1.012942885445917e-26
-18.66112873475739     5.546055603194292e-32
-18.505721627159904     9.078350435469464e-38
-18.350314519562417     4.4423222459167896e-44
-18.19490741196493     6.497908331873242e-51
-18.039500304367444     2.8411111937186077e-58
-17.884093196769953     3.713211657729156e-66
-17.728686089172466     1.4506278171832808e-74
-17.57327898157498     1.693971844849812e-83
-17.417871873977493     5.912893219783408e-93
-17.262464766380006     1.7117368811361772e-89
-17.107057658782516     3.127891124133529e-80
-16.951650551185033     1.7084786328786091e-71
-16.796243443587542     2.789399775361168e-63
-16.640836335990056     1.3613043772898333e-55
-16.48542922839257     1.9858341516068862e-48
-16.330022120795082     8.659123855426013e-42
-16.174615013197595     1.1286210840504447e-35
-16.019207905600105     4.397092370027036e-30
-15.863800798002618     5.120663457429671e-25
-15.708393690405131     1.7825022578669247e-20
-15.552986582807645     1.8547148529303881e-16
-15.397579475210158     5.768560026412947e-13
-15.242172367612671     5.362914682484795e-10
-15.086765260015182     1.4903132761858335e-07
-14.931358152417696     1.2379342052354568e-05
-14.775951044820207     0.0003073718257422819
-14.62054393722272     0.002281834965331248
-14.465136829625234     0.005107378250213599
-14.309729722027747     0.004436765670698166
-14.15432261443026     0.008713306671451686
-13.998915506832772     0.022607856001172946
-13.843508399235285     0.03379767487452216
-13.688101291637798     0.0379723438413199
-13.53269418404031     0.044600817137972246
-13.377287076442823     0.03916004479670337
-13.221879968845336     0.013301937335093193
-13.066472861247847     0.0014361465243132284
-12.91106575365036     4.761200517409595e-05
-12.755658646052874     4.808751433093503e-07
-12.600251538455385     1.580426913544757e-09
-12.444844430857898     1.2528433521485866e-07
-12.289437323260412     4.447552335597746e-05
-12.134030215662925     0.004773215980857735
-11.978623108065436     0.15571835426202207
-11.82321600046795     1.592359478140751
-11.667808892870463     5.959926503866409
-11.512401785272974     12.757109467900737
-11.356994677675488     20.813893777797293
-11.201587570078     27.0818384241491
-11.046180462480514     32.59791725988684
-10.890773354883025     41.22270627797536
-10.735366247285539     59.60163065246301
-10.579959139688052     70.39719213742842
-10.424552032090563     70.17571460325627
-10.269144924493077     53.51067730542785
-10.11373781689559     26.32262912626784
-9.958330709298101     10.131540707525676
-9.802923601700614     4.9817103847849245
-9.647516494103128     2.2253579388757974
-9.492109386505641     0.5385657497180072
-9.336702278908152     0.0500420695466092
-9.181295171310666     0.00151652303687579
-9.025888063713179     0.0005120397637586383
-8.87048095611569     0.005253274161775903
-8.715073848518204     0.016574778869837915
-8.559666740920717     0.016297752105090886
-8.404259633323228     0.01223174914314783
-8.248852525725741     0.03226258953326807
-8.093445418128255     0.11295024801047743
-7.938038310530768     0.8698700658811147
-7.782631202933279     3.687172316887418
-7.627224095335793     6.725673534596716
-7.471816987738306     6.791503962695339
-7.316409880140817     4.859921121565683
-7.1610027725433305     2.2710283034253402
-7.005595664945844     0.4866311483171844
-6.850188557348357     0.05040108802496141
-6.694781449750868     0.051520972298296
-6.539374342153382     0.07359014344314344
-6.383967234555895     0.08752914608236226
-6.228560126958406     0.18854183068867625
-6.07315301936092     0.2705703141875498
-5.917745911763433     0.24081946201848825
-5.762338804165946     0.2355622183845038
-5.606931696568459     0.15748518113939958
-5.451524588970969     0.03847120603802682
-5.296117481373482     0.0029704376808680436
-5.140710373775995     7.053144437367208e-05
-4.985303266178509     5.106926999163735e-07
-4.829896158581022     1.1223666002107219e-09
-4.674489050983535     7.461164195284758e-13
-4.519081943386048     1.4961387339968851e-16
-4.363674835788558     9.029643784985023e-21
-4.208267728191071     1.7724921057651377e-22
-4.052860620593584     6.871330829828149e-18
-3.8974535129960977     8.041974525470985e-14
-3.742046405398611     2.8488988625642287e-10
-3.586639297801124     3.070111300720756e-07
-3.431232190203634     0.00010133983444981595
-3.275825082606147     0.010338529640622658
-3.1204179750086602     0.32957777291807966
-2.9650108674111735     3.328336016292399
-2.8096037598136867     11.011639742382389
-2.6541966522162     14.883514648570404
-2.498789544618713     20.009441847716786
-2.343382437021223     31.588053678730013
-2.187975329423736     30.76738856261499
-2.0325682218262493     21.26284806007492
-1.8771611142287625     22.53471711503468
-1.7217540066312758     32.13998928758779
-1.566346899033789     38.26287536435968
-1.4109397914363022     42.337103514180136
-1.255532683838812     45.8148225322406
-1.1001255762413251     48.909702511531314
-0.9447184686438383     57.53807029770458
-0.7893113610463516     72.74306488645365
-0.6339042534488648     93.64526729351118
-0.47849714585137804     126.28263113730839
-0.32309003825389127     168.9625884832122
-0.16768293065640094     187.4247703011626
-0.01227582305891417     143.2370599880341
0.1431312845385726     61.896445593584275
0.29853839213605937     13.708842249258073
0.45394549973354614     1.5604352688295942
0.6093526073310329     0.08095285310199316
0.7647597149285232     0.0015568013366243248
0.92016682252601     9.777279888636827e-06
1.0755739301234968     1.9054379396799074e-08
1.2309810377209836     1.1307217745222711e-11
1.3863881453184703     2.027918464277309e-15
1.541795252915957     1.1037351806787849e-19
1.6972023605134439     2.3630557966893693e-17
1.8526094681109342     2.022509369378447e-13
2.008016575708421     5.174961096300207e-10
2.1634236833059077     3.9587653870462057e-07
2.3188307909033945     9.058349158767845e-05
2.4742378985008813     0.006215826687317112
2.629645006098368     0.12981169926722422
2.785052113695855     0.895017854620369
2.940459221293345     2.8317343364151633
3.095866328890832     6.359266535207517
3.2512734364883187     8.740056445334265
3.4066805440858055     7.429350284130285
3.5620876516832922     6.5438397365705505
3.717494759280779     6.577519926199051
3.8729018668782658     7.195547545457723
4.028308974475756     9.126533216715618
4.183716082073243     10.404546839193706
4.33912318967073     9.98555240921182
4.494530297268216     8.384143739271117
4.649937404865703     5.3411743102631934
4.80534451246319     1.943123149686748
4.96075162006068     0.2885472883120155
5.116158727658167     0.014593609581965403
5.271565835255654     0.00023408514923016244
5.426972942853141     1.1559422465458957e-06
5.582380050450627     1.7328216060871122e-09
5.737787158048114     8.414552912551121e-13
5.893194265645601     8.492270762893777e-11
6.048601373243091     3.6848858162552256e-08
6.204008480840578     4.779415353070507e-06
6.359415588438065     0.00018530012393295597
6.5148226960355515     0.0021474697035396787
6.670229803633038     0.00743924895394083
6.825636911230525     0.007703922729038816
6.981044018828012     0.002432871386318437
7.136451126425502     0.0015970860719929356
7.291858234022989     0.012598759220420051
7.447265341620476     0.038474171376301686
7.6026724492179625     0.043898444280297585
7.758079556815449     0.029553133889521938
7.913486664412936     0.024876783780251023
8.068893772010423     0.03160936049132914
8.224300879607913     0.024250566427202143
8.3797079872054     0.008813339037782924
8.535115094802887     0.004087868426432637
8.690522202400373     0.0024829871109702697
8.84592930999786     0.0022954583507306245
9.001336417595347     0.0012168611977024452
9.156743525192837     0.00020541446283069001
9.312150632790324     1.0407939428376124e-05
9.46755774038781     1.5767690458482666e-07
9.622964847985298     1.7494153052882534e-09
9.778371955582784     1.7569313025516712e-07
9.933779063180271     8.911634728396975e-06
10.089186170777758     0.00013511871721012103
10.244593278375245     0.0006124647804903671
10.400000385972735     0.0008374710315769099
10.555407493570218     0.0005667689104959994
10.710814601167709     0.0020728834381065603
10.866221708765199     0.005350311534988361
11.021628816362682     0.004208253558095107
11.177035923960172     0.0009896725850510695
11.332443031557656     6.957185576940119e-05
11.487850139155146     1.4620049906431598e-06
11.64325724675263     3.453642274971292e-08
11.79866435435012     2.5734325059484904e-06
11.95407146194761     7.819701363803085e-05
12.109478569545093     0.0007232727509340003
12.264885677142583     0.0024397614535911095
12.420292784740067     0.007677974859251679
12.575699892337557     0.03442926324646446
12.73110699993504     0.11719862941036761
12.88651410753253     0.23587691159890856
13.04192121513002     0.2992567571355995
13.197328322727504     0.30047004938648963
13.352735430324994     0.26020319949818993
13.508142537922478     0.1537784019153664
13.663549645519968     0.05603618562611146
13.818956753117451     0.07746145990513414
13.974363860714941     0.11696839880075097
14.129770968312432     0.13328986699223316
14.285178075909915     0.19680640663251142
14.440585183507405     0.25803798853337945
14.595992291104888     0.17164979291019963
14.751399398702379     0.03948519630448652
14.90680650629987     0.0028251016773580212
15.062213613897352     6.161594541336206e-05
15.217620721494843     4.0772836447932446e-07
15.373027829092326     8.166793723833718e-10
15.528434936689816     4.941746255580014e-13
15.6838420442873     1.459153458208126e-16
15.83924915188479     2.026767382510204e-13
15.99465625948228     2.2029526885762586e-10
16.150063367079763     7.160731404755141e-08
16.305470474677254     6.97278838557919e-06
16.460877582274737     0.0002050104441405348
16.616284689872227     0.001884542525452534
16.77169179746971     0.006182586087406925
16.9270989050672     0.009874670437429501
17.08250601266469     0.01047219465045839
17.237913120262174     0.010209999023304939
17.393320227859665     0.013122932157099275
17.548727335457148     0.023690813591682836
17.704134443054638     0.03129253046043586
17.85954155065212     0.025963135543880297
18.01494865824961     0.015562505168788992
18.170355765847102     0.005744564414068972
18.325762873444585     0.0009681496190255025
18.481169981042076     6.033288955103643e-05
18.63657708863956     1.2369213060045852e-06
18.79198419623705     7.891658261846067e-09
18.947391303834532     1.5299542744046643e-11
19.102798411432023     5.035591213382056e-13
19.258205519029513     5.239427737287938e-10
19.413612626626996     1.6608137866570044e-07
19.569019734224486     1.579686536691085e-05
19.72442684182197     0.0004554960302929781
19.87983394941946     0.004150295235625977
20.035241057016943     0.013961901084430118
20.190648164614434     0.024519528769876668
20.346055272211924     0.028113930554693734
20.501462379809407     0.026013891044667933
20.656869487406897     0.01972153421339735
