-21.6347105902409     0.00013062228060334053
-21.586577685706605     0.0004688081367892568
-21.53844478117231     0.0015419643385685688
-21.490311876638014     0.004576016412568621
-21.44217897210372     0.012183270266415669
-21.394046067569423     0.029044605189090283
-21.345913163035124     0.06196790273767682
-21.29778025850083     0.1183238712643168
-21.249647353966534     0.2022437961736067
-21.20151444943224     0.3095367332674842
-21.153381544897943     0.4244004292376199
-21.105248640363648     0.5216734636278476
-21.057115735829353     0.5758341060066364
-21.008982831295057     0.5730604851831432
-20.960849926760762     0.5192413381114138
-20.912717022226467     0.43836459413200735
-20.86458411769217     0.36159695894310656
-20.816451213157873     0.3131192870505795
-20.768318308623577     0.30031821873184605
-20.720185404089282     0.3129125147909977
-20.672052499554987     0.33058330932395386
-20.62391959502069     0.33446473596476894
-20.575786690486396     0.31625285503748185
-20.5276537859521     0.28051404767251137
-20.479520881417805     0.24011205449961026
-20.43138797688351     0.20862264810291203
-20.383255072349215     0.19436600391056272
-20.33512216781492     0.19833356849178102
-20.286989263280624     0.21551797720699542
-20.238856358746325     0.23809119345962018
-20.19072345421203     0.2590662121030582
-20.142590549677735     0.27507689922667683
-20.09445764514344     0.28677157206039994
-20.046324740609144     0.29634015844289346
-19.99819183607485     0.30395004427362726
-19.950058931540553     0.30624901680909244
-19.901926027006258     0.298632231508532
-19.853793122471963     0.27955316698731714
-19.805660217937668     0.2530437233259038
-19.757527313403372     0.2269963737352984
-19.709394408869073     0.2083959436304964
-19.661261504334778     0.19920042259105591
-19.613128599800483     0.19586749190172423
-19.564995695266187     0.19253432669622328
-19.516862790731892     0.18525002341399702
-19.468729886197597     0.1743338243555767
-19.4205969816633     0.16368523230837953
-19.372464077129006     0.1580237333902134
-19.32433117259471     0.1600630371520847
-19.276198268060416     0.16921136028939524
-19.22806536352612     0.18218089541997814
-19.17993245899182     0.19471205625497467
-19.131799554457526     0.20310914974315145
-19.08366664992323     0.20476428109486136
-19.035533745388936     0.19796196352251874
-18.98740084085464     0.18196262785648248
-18.939267936320345     0.15789277131895768
-18.89113503178605     0.1298370653807326
-18.843002127251754     0.10501478847358983
-18.79486922271746     0.09249761251018336
-18.746736318183164     0.10075942284637758
-18.69860341364887     0.13462499858049523
-18.65047050911457     0.19224516432743885
-18.602337604580274     0.2632980097620397
-18.55420470004598     0.33023778294147377
-18.506071795511684     0.37359098799814083
-18.45793889097739     0.37963965368801456
-18.409805986443093     0.34636030344153246
-18.361673081908798     0.2838886607949626
-18.313540177374502     0.20926384260793643
-18.265407272840207     0.13890613574481456
-18.21727436830591     0.08315330286201468
-18.169141463771616     0.04497563508052877
-18.121008559237318     0.02203522416351473
-18.072875654703022     0.009815676786300513
-18.024742750168727     0.003997950103525336
-17.97660984563443     0.0015013648465593734
-17.928476941100136     0.0005257515031848843
-17.88034403656584     0.00017395790418155675
-17.832211132031546     5.5024845218612236e-05
-17.78407822749725     1.6730531349507688e-05
-17.735945322962955     4.87170187300959e-06
-17.68781241842866     1.342870603338502e-06
-17.639679513894365     3.45202260187061e-07
-17.591546609360066     8.160263454256595e-08
-17.54341370482577     1.7544930634812317e-08
-17.495280800291475     3.404593487103026e-09
-17.44714789575718     5.932590062234743e-10
-17.399014991222884     9.253352687845716e-11
-17.35088208668859     1.2893515614805638e-11
-17.302749182154294     1.6030147001868557e-12
-17.25461627762     1.7769704968377697e-13
-17.206483373085703     1.7555275970425117e-14
-17.158350468551408     1.5452686759020581e-15
-17.110217564017113     1.2117116590117243e-16
-17.062084659482814     8.463524427794591e-18
-17.013951754948522     5.265436017693237e-19
-16.965818850414223     2.917649263106407e-20
-16.917685945879928     1.4399191717272206e-21
-16.869553041345632     6.329126185113605e-23
-16.821420136811337     2.4776876713588267e-24
-16.773287232277042     8.638621388391888e-26
-16.725154327742747     2.6824777372385204e-27
-16.67702142320845     7.418581066690128e-29
-16.628888518674156     1.8272506837379204e-30
-16.58075561413986     4.008369049224177e-32
-16.532622709605562     7.83121909411112e-34
-16.48448980507127     1.362646015424645e-35
-16.43635690053697     2.1116827121979877e-37
-16.388223996002676     2.9145142085748655e-39
-16.34009109146838     3.5825772525540884e-41
-16.291958186934085     3.922083303899238e-43
-16.24382528239979     3.8244657690448466e-45
-16.195692377865495     8.827537736670542e-47
-16.1475594733312     7.505126573468613e-45
-16.099426568796904     9.109233318301193e-43
-16.05129366426261     9.847268336528977e-41
-16.00316075972831     9.480817481638008e-39
-15.955027855194016     8.12966833326002e-37
-15.90689495065972     6.208662903382843e-35
-15.858762046125424     4.223018602498018e-33
-15.810629141591129     2.558287507130499e-31
-15.762496237056833     1.3803185753864027e-29
-15.714363332522538     6.633085926783934e-28
-15.666230427988243     2.8389746386466747e-26
-15.618097523453947     1.0822336610130161e-24
-15.569964618919652     3.674507595041818e-23
-15.521831714385355     1.1112247853612217e-21
-15.47369880985106     2.9932072772763286e-20
-15.425565905316764     7.181462402721521e-19
-15.377433000782467     1.5347632522452103e-17
-15.329300096248172     2.921702417181114e-16
-15.281167191713877     4.95465477631423e-15
-15.233034287179581     7.485040010018536e-14
-15.184901382645286     1.0074028376563736e-12
-15.13676847811099     1.2080114402365835e-11
-15.088635573576695     1.2907286179585998e-10
-15.0405026690424     1.2289665676424023e-09
-14.992369764508103     1.0428967666818804e-08
-14.944236859973808     7.888694477751492e-08
-14.896103955439512     5.320000657512789e-07
-14.847971050905215     3.1993174289106897e-06
-14.79983814637092     1.7161583221893754e-05
-14.751705241836625     8.213889414706615e-05
-14.70357233730233     0.00035090841087620777
-14.655439432768034     0.0013386955129939461
-14.607306528233739     0.004562815415950297
-14.559173623699444     0.01390270105570253
-14.511040719165148     0.037893605258517905
-14.462907814630851     0.09245950872364067
-14.414774910096556     0.20211927965732251
-14.36664200556226     0.396206688364304
-14.318509101027963     0.6971555487519876
-14.270376196493668     1.1024423059616277
-14.222243291959373     1.5693461226075618
-14.174110387425078     2.016421540771963
-14.125977482890782     2.350191789038314
-14.077844578356487     2.5092721773481177
-14.029711673822192     2.501187470828287
-13.981578769287896     2.4046748888596503
-13.9334458647536     2.32872571715932
-13.885312960219304     2.3487484930723643
-13.837180055685009     2.4590948426540353
-13.789047151150712     2.5739619232869315
-13.740914246616416     2.5778584115258556
-13.692781342082121     2.3934602956960673
-13.644648437547826     2.023786145897963
-13.59651553301353     1.5457201985446618
-13.548382628479235     1.0665101114615467
-13.50024972394494     0.6763371206758452
-13.452116819410643     0.42422881167970167
-13.403983914876347     0.3213356418933129
-13.355851010342052     0.35626332452248854
-13.307718105807757     0.5048333220289775
-13.259585201273461     0.728639490661963
-13.211452296739166     0.9709207471792154
-13.163319392204869     1.1629586045207438
-13.115186487670574     1.2456710155254451
-13.067053583136278     1.1963510300955071
-13.018920678601983     1.0428653295433812
-12.970787774067688     0.8547280509928772
-12.92265486953339     0.7159783360442528
-12.874521964999095     0.6947405496125394
-12.8263890604648     0.8220602174499615
-12.778256155930505     1.084193012560281
-12.73012325139621     1.4271040549427394
-12.681990346861914     1.770994039762035
-12.633857442327617     2.031808346723663
-12.585724537793322     2.144171468899798
-12.537591633259026     2.0788204711064657
-12.489458728724731     1.8492884149400561
-12.441325824190436     1.505902694075426
-12.39319291965614     1.118763846747981
-12.345060015121843     0.7554076482687975
-12.296927110587548     0.4619434990382233
-12.248794206053253     0.2552425531995244
-12.200661301518958     0.12756953424372497
-12.152528396984662     0.058348224749623805
-12.104395492450365     0.025605705066024814
-12.05626258791607     0.012530480005336131
-12.008129683381775     0.008895125967402362
-11.95999677884748     0.00953318837902591
-11.911863874313184     0.012127590678438233
-11.863730969778889     0.015562730856800001
-11.815598065244592     0.019166725144351783
-11.767465160710296     0.022640273986617748
-11.719332256176001     0.026235045884383468
-11.671199351641706     0.03075024567221782
-11.62306644710741     0.03716048550221177
-11.574933542573113     0.04604458626720458
-11.526800638038818     0.05719453314877125
-11.478667733504523     0.06967321727445011
-11.430534828970227     0.08226027446984714
-11.382401924435932     0.09397438053864605
-11.334269019901637     0.10438554073993549
-11.28613611536734     0.11364209654821054
-11.238003210833044     0.12230415125805406
-11.189870306298749     0.1311156700150415
-11.141737401764454     0.14085576865534394
-11.093604497230158     0.15240955834252493
-11.045471592695861     0.16704944661143556
-10.997338688161566     0.18658035605676795
-10.94920578362727     0.2127891023433871
-10.901072879092975     0.24598988078221956
-10.85293997455868     0.2833769875501945
-10.804807070024385     0.3186656194579522
-10.756674165490088     0.34416866388396095
-10.708541260955792     0.35482600162626754
-10.660408356421497     0.3518714004998351
-10.612275451887202     0.34345068054418443
-10.564142547352906     0.34124469476953206
-10.51600964281861     0.3548052673519097
-10.467876738284314     0.3867920840049254
-10.419743833750019     0.4315380910736632
-10.371610929215723     0.477235856599915
-10.323478024681428     0.5103116675888035
-10.275345120147133     0.5201939696123336
-10.227212215612836     0.5032007106177684
-10.17907931107854     0.4646726960799075
-10.130946406544245     0.41848903507112734
-10.08281350200995     0.383350318896846
-10.034680597475655     0.37636472241718455
-9.98654769294136     0.4061925460826995
-9.938414788407062     0.46891955948067937
-9.890281883872767     0.548758169352972
-9.842148979338472     0.6231146817198719
-9.794016074804176     0.6695359021334844
-9.745883170269881     0.6719982113702052
-9.697750265735584     0.625158549432962
-9.649617361201289     0.5358231512291923
-9.601484456666993     0.42087145243462115
-9.553351552132698     0.30167419901192993
-9.505218647598403     0.19707057277111756
-9.457085743064107     0.1183509910708711
-9.40895283852981     0.06860807588098643
-9.360819933995515     0.04596026977609869
-9.31268702946122     0.04789767965425428
-9.264554124926924     0.07378957981814498
-9.216421220392629     0.12405349886359851
-9.168288315858332     0.19660746077922647
-9.120155411324037     0.2831970607168085
-9.072022506789741     0.3689667973846488
-9.023889602255446     0.43700876478802053
-8.97575669772115     0.47581065992033883
-8.927623793186855     0.48441684833439347
-8.879490888652558     0.4711436620151831
-8.831357984118263     0.44677677200776433
-8.783225079583968     0.41781300490545453
-8.735092175049672     0.38497486811630127
-8.686959270515377     0.34739083224908024
-8.63882636598108     0.30836131245825993
-8.590693461446785     0.27837185954058713
-8.54256055691249     0.27415761759723584
-8.494427652378194     0.3154620688960619
-8.446294747843899     0.42123288150937016
-8.398161843309603     0.6051030690175279
-8.350028938775306     0.8688276074066449
-8.301896034241011     1.194083731491402
-8.253763129706716     1.5371789633074435
-8.20563022517242     1.8339153125099454
-8.157497320638125     2.0186318760104283
-8.10936441610383     2.052063343753282
-8.061231511569533     1.9434212889302747
-8.013098607035237     1.7515468783656325
-7.964965702500942     1.5609370860045093
-7.916832797966647     1.4443039720770188
-7.8686998934323515     1.4324519542416794
-7.8205669888980545     1.5072542025748383
-7.772434084363759     1.6178915953112165
-7.724301179829464     1.7066823526039423
-7.6761682752951685     1.7294617742015288
-7.628035370760873     1.6652751342181997
-7.579902466226578     1.5193400815813307
-7.531769561692281     1.322816487291092
-7.4836366571579855     1.126623263002124
-7.43550375262369     0.9850725355033725
-7.387370848089395     0.9323798673270245
-7.3392379435551     0.9639987903694777
-7.2911050390208025     1.0356517521854665
-7.242972134486507     1.083502136966332
-7.194839229952212     1.055370982272814
-7.146706325417917     0.9350857999464771
-7.098573420883621     0.7463420730565886
-7.050440516349326     0.5362683169964513
-7.002307611815029     0.35168831906593917
-6.954174707280734     0.22339614477204
-6.906041802746438     0.16573583783795298
-6.857908898212143     0.1885971990226263
-6.809775993677848     0.31350560296526453
-6.761643089143551     0.5848223338532066
-6.713510184609255     1.0680059899611818
-6.66537728007496     1.8294749634657947
-6.617244375540665     2.900158166904786
-6.569111471006369     4.237058033097361
-6.520978566472074     5.7058171814710485
-6.472845661937777     7.102044870856238
-6.424712757403482     8.20919158582243
-6.376579852869186     8.868289802974937
-6.328446948334891     9.025557138800748
-6.280314043800596     8.734505788440185
-6.232181139266299     8.114149563214132
-6.184048234732003     7.289811757767844
-6.135915330197708     6.351770859097365
-6.087782425663413     5.351988291327635
-6.0396495211291175     4.330520734592032
-5.991516616594822     3.3434081350534837
-5.943383712060525     2.4679357343826993
-5.89525080752623     1.782864705385645
-5.8471179029919345     1.3404454014630403
-5.798984998457639     1.1497863442986582
-5.750852093923344     1.1799620318170578
-5.7027191893890485     1.3782281381340058
-5.6545862848547515     1.6923200099478415
-5.606453380320456     2.085729575320896
-5.558320475786161     2.538018007836667
-5.5101875712518655     3.0292689910210258
-5.46205466671757     3.519559335994668
-5.413921762183275     3.9432840822604285
-5.36578885764898     4.231113911612497
-5.317655953114684     4.347922956571091
-5.2695230485803854     4.314242415391604
-5.22139014404609     4.1872076153496565
-5.173257239511795     4.01283887089988
-5.1251243349774995     3.790737862080004
-5.076991430443204     3.4831977328990735
-5.028858525908909     3.0603562118380445
-4.980725621374614     2.540928582408327
-4.932592716840318     1.9941843742564047
-4.884459812306023     1.504039360561038
-4.836326907771728     1.1257566635462095
-4.788194003237432     0.8660150892028224
-4.7400610987031335     0.6941020581571664
-4.691928194168838     0.5692101275600241
-4.643795289634543     0.463006951733376
-4.595662385100248     0.36658741673095774
-4.547529480565952     0.28427100665389315
-4.499396576031657     0.22320174977663676
-4.451263671497362     0.1859883690865638
-4.403130766963066     0.1686632391911836
-4.354997862428771     0.1627770325452444
-4.306864957894476     0.15942626037737662
-4.2587320533601805     0.15303961090160514
-4.210599148825882     0.14305175615786309
-4.162466244291586     0.13261504160624338
-4.114333339757291     0.12530598502210746
-4.066200435222996     0.12216825271013071
-4.0180675306887     0.1210821024296322
-3.969934626154405     0.11854079101411666
-3.9218017216201098     0.11210334800709434
-3.8736688170858145     0.10160463208249466
-3.825535912551519     0.08858744079657234
-3.777403008017224     0.07492756649328679
-3.7292701034829285     0.06192558369445733
-3.6811371989486297     0.05028017235588091
-3.6330042944143344     0.04044948674993837
-3.584871389880039     0.03280239782061623
-3.5367384853457438     0.02747601418114589
-3.4886055808114484     0.024256486941009472
-3.440472676277153     0.022715638375528
-3.392339771742858     0.022507943827024816
-3.3442068672085625     0.02356681872313075
-3.296073962674267     0.026060998007050657
-3.247941058139972     0.030202499619358
-3.1998081536056766     0.03610230367488979
-3.1516752490713813     0.04376955757659276
-3.1035423445370824     0.05316214731839757
-3.055409440002787     0.06411570469047705
-3.007276535468492     0.07609865546888958
-2.9591436309341965     0.08796477593690633
-2.911010726399901     0.09799134629245561
-2.862877821865606     0.10435931347583229
-2.8147449173313106     0.1059117409675103
-2.7666120127970153     0.1027557778026047
-2.71847910826272     0.09629292673695174
-2.6703462037284247     0.08860526526121489
-2.6222132991941294     0.08154795955088422
-2.5740803946598305     0.07606948664203182
-2.525947490125535     0.07208242945636116
-2.47781458559124     0.06883555413954644
-2.4296816810569446     0.06548713007770979
-2.3815487765226493     0.061569950037569016
-2.333415871988354     0.057179780838956515
-2.2852829674540587     0.05287658559015224
-2.2371500629197634     0.049399667262887734
-2.189017158385468     0.047350408449743135
-2.1408842538511728     0.046980670874928104
-2.0927513493168775     0.04815135902579876
-2.0446184447825786     0.0504400206250053
-1.9964855402482833     0.05332752991477484
-1.948352635713988     0.05639068993228034
-1.9002197311796927     0.05944235316992449
-1.8520868266453974     0.06257336418860455
-1.803953922111102     0.06607457504058399
-1.7558210175768068     0.07026824449710134
-1.7076881130425114     0.07532842615772822
-1.6595552085082161     0.08116603041433247
-1.6114223039739208     0.08739586031025037
-1.5632893994396255     0.0933652955216473
-1.5151564949053267     0.09825829211931562
-1.4670235903710314     0.10132479108907758
-1.418890685836736     0.10221209376984547
-1.3707577813024407     0.1012177359886602
-1.3226248767681454     0.09923082304411948
-1.2744919722338501     0.0973092727573154
-1.2263590676995548     0.09612798759094891
-1.1782261631652595     0.09565439569982748
-1.1300932586309642     0.09524169973986718
-1.081960354096669     0.09403483415268514
-1.0338274495623736     0.09141438621411012
-0.9856945450280747     0.08725547357364506
-0.9375616404937794     0.08194303159205286
-0.8894287359594841     0.07620846910978302
-0.8412958314251888     0.07088214784191767
-0.7931629268908935     0.06663399489626723
-0.7450300223565982     0.06375260161869624
-0.6968971178223029     0.062010298200412005
-0.6487642132880076     0.06067315073518171
-0.6006313087537123     0.05871112624933711
-0.552498404219417     0.05519479399910435
-0.5043654996851217     0.04972814714080192
-0.4562325951508228     0.04267105392171719
-0.4080996906165275     0.03498640030954611
-0.3599667860822322     0.02778959893469221
-0.3118338815479369     0.021880522346457657
-0.2637009770136416     0.017519383381829935
-0.21556807247934628     0.014503888463839534
-0.16743516794505098     0.012410568788124379
-0.11930226341075567     0.010820223774257787
-0.07116935887646036     0.009433768160513575
-0.023036454342165058     0.008088759502433594
0.02509645019213025     0.006730882689461603
0.07322935472642911     0.005379850347138906
0.12136225926072441     0.004099039203397128
0.16949516379501972     0.002965521321654494
0.21762806832931503     0.0020424700349457527
0.26576097286361033     0.0013620978587996857
0.31389387739790564     0.000923974797137309
0.36202678193220095     0.0007048358946422924
0.41015968646649625     0.0006704963727605763
0.45829259100079156     0.0007818245994119255
0.5064254955350869     0.0009928735962736667
0.5545584000693822     0.0012462019086971585
0.602691304603681     0.0014739069558908243
0.6508242091379763     0.0016098743484698687
0.6989571136722716     0.001610016023613663
0.747090018206567     0.0014689715852707645
0.7952229227408623     0.0012215214327829138
0.8433558272751576     0.0009264252841678432
0.8914887318094529     0.0006421284193238463
0.9396216363437482     0.0004079244361529169
0.9877545408780435     0.00023824003907887774
1.0358874454123388     0.00012823199631634277
1.084020349946634     6.367842984675587e-05
1.1321532544809294     2.9151181621397825e-05
1.1802861590152283     1.226959380120456e-05
1.2284190635495236     4.728823888426989e-06
1.2765519680838189     1.6610082950019935e-06
1.3246848726181142     5.29219595784627e-07
1.3728177771524095     1.5230053764914302e-07
1.4209506816867048     3.944828685420392e-08
1.469083586221      9.170564995635992e-09
1.5172164907552954     1.909304101851843e-09
1.5653493952895907     3.554531897330257e-10
1.613482299823886     5.916952348651039e-11
1.6616152043581813     9.40907482479134e-12
1.7097481088924802     6.444573914065883e-12
1.7578810134267755     3.901543245227467e-11
1.8060139179610708     2.5486667723339814e-10
1.854146822495366     1.4885538534127582e-09
1.9022797270296614     7.74847422342632e-09
1.9504126315639567     3.5954623175457405e-08
1.998545536098252     1.487757337879868e-07
2.0466784406325473     5.492351575182855e-07
2.0948113451668426     1.8101819394255263e-06
2.142944249701138     5.331125939100213e-06
2.1910771542354333     1.4047062103450049e-05
2.239210058769732     3.316996655231458e-05
2.2873429633040274     7.034919591305532e-05
2.3354758678383227     0.00013439579654039909
2.383608772372618     0.0002321326416188064
2.4317416769069133     0.0003641872125713161
2.4798745814412086     0.0005219164027266724
2.528007485975504     0.0006878154738547867
2.5761403905097993     0.0008401031930346281
2.6242732950440946     0.0009597075653303476
2.67240619957839     0.0010363763704560618
2.720539104112685     0.0010709755420555186
2.768672008646984     0.0010728552149363005
2.8168049131812793     0.0010537152498037463
2.8649378177155747     0.0010216801375805878
2.91307072224987     0.0009796471174577204
2.9612036267841653     0.0009293151226978486
3.0093365313184606     0.0008781093218023597
3.057469435852756     0.0008438304400451294
3.105602340387051     0.0008530458410668808
3.1537352449213465     0.0009325388018506341
3.201868149455642     0.0010962591020401947
3.250001053989937     0.0013326519817477465
3.298133958524236     0.0015990923481101588
3.3462668630585313     0.001829688622485885
3.3943997675928266     0.001957498162754582
3.442532672127122     0.0019432115098031119
3.490665576661417     0.0017955064765243962
3.5387984811957125     0.0015700032397162312
3.586931385730008     0.0013448928224892808
3.635064290264303     0.00118527719222667
3.6831971947985984     0.0011155889998832767
3.7313300993328937     0.001114808037717335
3.779463003867189     0.0011353224277890004
3.827595908401488     0.0011323378453205735
3.875728812935783     0.001085942813992896
3.9238617174700785     0.0010049039943133237
3.971994622004374     0.000914098602696127
4.020127526538669     0.0008367461119409953
4.068260431072964     0.0007828306896268818
4.11639333560726     0.0007482112524657413
4.164526240141555     0.0007212256088164532
4.21265914467585     0.0006903924133381449
4.260792049210146     0.0006488258573281917
4.308924953744441     0.0005948756313374613
4.35705785827874     0.0005306620316155787
4.405190762813035     0.0004600159411333488
4.45332366734733     0.0003866789542386286
4.501456571881626     0.00031347094790208044
4.549589476415921     0.00024272121370190548
4.597722380950216     0.00017721091051882675
4.645855285484512     0.0001203392143458673
4.693988190018807     7.507984484333631e-05
4.742121094553102     4.261792642060371e-05
4.790253999087398     2.1852719728637837e-05
4.838386903621693     1.007191741211326e-05
4.886519808155992     4.158894439815342e-06
4.934652712690287     1.5352116323760835e-06
4.982785617224582     5.059217378722767e-07
5.030918521758878     1.4871047447966654e-07
5.079051426293173     3.8967407104528394e-08
5.127184330827468     9.099362901080059e-09
5.175317235361764     1.893102873147215e-09
5.223450139896059     3.5085768353697665e-10
5.271583044430354     5.792199290098332e-11
5.3197159489646495     8.517026002357866e-12
5.367848853498945     1.1154484492378651e-12
5.41598175803324     1.3011240915134974e-13
5.464114662567539     1.3517293060622596e-14
5.512247567101834     1.2507163854141468e-15
5.56038047163613     1.0306797035924851e-16
5.608513376170425     7.564546935679342e-18
5.65664628070472     4.944649532251562e-19
5.7047791852390155     2.8785973797436314e-20
5.752912089773311     1.4925152996226459e-21
5.801044994307606     6.892074545068197e-23
5.849177898841901     2.842329393088176e-24
5.897310803376197     4.239677092800595e-25
5.945443707910492     1.1613833820853841e-23
5.993576612444791     3.751327617126934e-22
6.041709516979086     1.0798435189923529e-20
6.0898424215133815     2.7693685151548557e-19
6.137975326047677     6.3277399686314734e-18
6.186108230581972     1.2881558362607222e-16
6.234241135116267     2.336382976257944e-15
6.282374039650563     3.7755429503600936e-14
6.330506944184858     5.435987131624843e-13
6.378639848719153     6.973404638554447e-12
6.426772753253449     7.970443958443082e-11
6.474905657787744     8.116990661395243e-10
6.523038562322043     7.3652259338353615e-09
6.571171466856338     5.954689329988243e-08
6.619304371390633     4.2896075414536994e-07
6.667437275924929     2.7533709451494155e-06
6.715570180459224     1.5747215618916378e-05
6.763703084993519     8.024865124356574e-05
6.811835989527815     0.00036439257422331674
6.85996889406211     0.0014743542264425515
6.908101798596405     0.00531541629810618
6.956234703130701     0.017075690751870865
7.004367607664996     0.048879544170431645
7.052500512199295     0.12467696028089859
7.10063341673359     0.2833727773613695
7.148766321267885     0.5739140886824711
7.196899225802181     1.0357630001349694
7.245032130336476     1.6657802980789624
7.293165034870771     2.387640440357379
7.341297939405067     3.051049508221088
7.389430843939362     3.4787793412636017
7.437563748473657     3.547331938710569
7.4856966530079525     3.2550463332915043
7.533829557542248     2.7311803871950278
7.581962462076547     2.1766698698863034
7.630095366610842     1.7718429297792402
7.678228271145137     1.6028772119719015
7.726361175679433     1.6408213203267783
7.774494080213728     1.775495091562113
7.822626984748023     1.8820502366865766
7.8707598892823185     1.8863033800783269
7.918892793816614     1.7964551024449398
7.967025698350909     1.6854723206850382
8.015158602885204     1.6362992595211034
8.0632915074195     1.685403145731999
8.111424411953799     1.8014989411973263
8.159557316488094     1.9124043441990197
8.20769022102239     1.9592621926143081
8.255823125556685     1.9376468547656132
8.30395603009098     1.8947991855543866
8.352088934625275     1.8857360271243084
8.40022183915957     1.9230823640517956
8.448354743693866     1.9602690536304774
8.496487648228161     1.9208860022921515
8.544620552762456     1.7507285554966368
8.592753457296752     1.4534085183212788
8.64088636183105     1.0866058220721417
8.689019266365346     0.7275244408648635
8.737152170899641     0.4355015983654883
8.785285075433936     0.23452093354622425
8.833417979968232     0.11911171072552643
8.881550884502527     0.07236564070700907
8.929683789036822     0.08286534490479999
8.977816693571118     0.15311529146094932
9.025949598105413     0.297379626477683
9.074082502639708     0.5294711776509679
9.122215407174004     0.8444118275453899
9.170348311708302     1.2038634080863453
9.218481216242598     1.5388542744135256
9.266614120776893     1.776413303793402
9.314747025311188     1.878796764690522
9.362879929845484     1.8684081854606756
9.411012834379779     1.8155598961934536
9.459145738914074     1.7920686402634787
9.50727864344837     1.8217144342230323
9.555411547982665     1.8638276071416615
9.60354445251696     1.8422484077383372
9.651677357051256     1.697829294937468
9.69981026158555     1.4266052685119581
9.74794316611985     1.0797877115896986
9.796076070654145     0.7318062517698589
9.84420897518844     0.44282693148233687
9.892341879722736     0.23892902857264844
9.940474784257031     0.11487604542759079
9.988607688791326     0.04920281816433959
10.036740593325622     0.018771209984390594
10.084873497859917     0.006378366481947937
10.133006402394212     0.001930319351803272
10.181139306928507     0.0005202901689533966
10.229272211462803     0.0001248982018249394
10.277405115997102     2.670297438663657e-05
10.325538020531397     5.0845838682314085e-06
10.373670925065689     8.622699942936068e-07
10.421803829599988     1.3023400280440862e-07
10.46993673413428     1.752188458830331e-08
10.518069638668578     2.1251746560584956e-09
10.566202543202877     4.03477064702322e-10
10.614335447737169     1.1098039564739703e-09
10.662468352271468     5.893756416046343e-09
10.71060125680576     2.847843859166604e-08
10.758734161340058     1.22937746551551e-07
10.80686706587435     4.741014468459836e-07
10.854999970408649     1.6337923141501508e-06
10.90313287494294     5.033050019909079e-06
10.95126577947724     1.3868238522965686e-05
10.999398684011531     3.4209624218140716e-05
11.04753158854583     7.56529971160127e-05
11.095664493080129     0.0001503374327862093
11.14379739761442     0.0002694954961099028
11.19193030214872     0.0004385633767444963
11.240063206683011     0.0006544109536397309
11.28819611121731     0.0009085472983378256
11.336329015751602     0.0011956713237954765
11.3844619202859     0.0015198428590678641
11.432594824820193     0.001888437287780765
11.480727729354491     0.00229287016525691
11.528860633888783     0.00268997236344918
11.576993538423082     0.0030042195188249806
11.62512644295738     0.0031587771397269507
11.673259347491673     0.00312032532305691
11.721392252025971     0.002929205615322516
11.769525156560263     0.002695097459561842
11.817658061094562     0.0025610623868719934
11.865790965628854     0.002655900683144706
11.913923870163153     0.0030556848170174944
11.962056774697444     0.003767005427404261
12.010189679231743     0.004740593629313296
12.058322583766035     0.005926642583095308
12.106455488300334     0.007376124364419797
12.154588392834633     0.009357366789503494
12.202721297368925     0.012403960839493152
12.250854201903223     0.017190029366343736
12.298987106437515     0.024200264398024928
12.347120010971814     0.03331881869809242
12.395252915506106     0.04359366038966815
12.443385820040405     0.05339587938690419
12.491518724574696     0.060956860673961236
12.539651629108995     0.06499900352110148
12.587784533643287     0.06511647271703516
12.635917438177586     0.0617681652185876
12.684050342711885     0.05601020071239186
12.732183247246176     0.049176885954495576
12.780316151780475     0.04260557442130053
12.828449056314767     0.03738704188355224
12.876581960849066     0.03414571192236647
12.924714865383358     0.03294118234206104
12.972847769917657     0.03337639540546929
13.020980674451948     0.034862038658993955
13.069113578986247     0.03685663380784721
13.117246483520539     0.03893877730346195
13.165379388054838     0.04076352934946539
13.213512292589137     0.042097309151129476
13.261645197123428     0.04302145054362023
13.309778101657727     0.044127992899505857
13.357911006192019     0.0464137121789834
13.406043910726318     0.05078924476044852
13.45417681526061     0.05747360672546309
13.502309719794908     0.06568978740304686
13.5504426243292     0.07388228551919702
13.598575528863499     0.08033387623753925
13.64670843339779     0.08384212659195067
13.69484133793209     0.08413559734924093
13.742974242466389     0.08188551341622423
13.79110714700068     0.07835960105037527
13.83924005153498     0.07488344229251552
13.887372956069271     0.07232226873258608
13.93550586060357     0.07080227409334648
13.983638765137862     0.06982475084340756
14.03177166967216     0.06873376630490188
14.079904574206452     0.06725543572232939
14.128037478740751     0.06575248607934703
14.176170383275043     0.0650418482018818
14.224303287809342     0.06592926696946194
14.27243619234364     0.06875536510520695
14.320569096877932     0.07317079210381033
14.368702001412231     0.07821218135821914
14.416834905946523     0.08262741281988059
14.464967810480822     0.08528049801054603
14.513100715015113     0.08540726411514331
14.561233619549412     0.08262081486560413
14.609366524083704     0.0768245934111382
14.657499428618003     0.06828891683883702
14.705632333152295     0.057920240585490765
14.753765237686594     0.047440835752022556
14.801898142220892     0.03917113574920212
14.850031046755184     0.03540396247897462
14.898163951289483     0.0376654916608269
14.946296855823775     0.04621378455401583
14.994429760358074     0.05996724875872563
15.042562664892365     0.07684981901589395
15.090695569426664     0.09437636123682414
15.138828473960956     0.11021395926888936
15.186961378495255     0.12250164490693001
15.235094283029547     0.12990494128600924
15.283227187563845     0.1315867109574865
15.331360092098137     0.12730080665278606
15.379492996632436     0.11762044592020433
15.427625901166735     0.10407686895975661
15.475758805701027     0.08894276177044322
15.523891710235326     0.07462215176790818
15.572024614769617     0.06292829540865243
15.620157519303916     0.05466185466655813
15.668290423838208     0.04971489394762544
15.716423328372507     0.04756707169587929
15.764556232906799     0.04778521800523498
15.812689137441097     0.05016200563897729
15.86082204197539     0.05441399037525204
15.908954946509688     0.05972639352455597
15.957087851043987     0.06461775977756055
16.00522075557828     0.06739806463321017
16.053353660112577     0.066991934011303
16.10148656464687     0.0635129343388569
16.149619469181168     0.058109946229361914
16.19775237371546     0.05219387690295159
16.24588527824976     0.046652516393565886
16.29401818278405     0.04160858479441558
16.34215108731835     0.03676562142411061
16.39028399185264     0.03193501322003243
16.43841689638694     0.027316676082143065
16.48654980092124     0.023413887398640594
16.53468270545553     0.020744186627238308
16.58281560998983     0.019570456676171726
16.63094851452412     0.01981506451541224
16.67908141905842     0.02131338662223679
16.72721432359271     0.02466824383634596
16.77534722812701     0.033116869051339815
16.823480132661302     0.05585133727138849
16.8716130371956     0.11274847175664084
16.919745941729893     0.2388634328914775
16.967878846264192     0.4842968767949486
17.01601175079849     0.9031187038490118
17.064144655332782     1.5280002878512893
17.11227755986708     2.337708960682247
17.160410464401373     3.237819037315219
17.208543368935672     4.077515223592155
17.256676273469964     4.706310820319202
17.304809178004263     5.04209633415516
17.352942082538554     5.1045845810861445
17.401074987072853     4.988657710725939
17.449207891607145     4.797872450832643
17.497340796141444     4.587763940719514
17.545473700675743     4.354075867313863
17.593606605210034     4.060369956947771
17.641739509744333     3.6741370171862866
17.689872414278625     3.1882813602951323
17.738005318812924     2.626018420062093
17.786138223347216     2.036560480370034
17.834271127881514     1.485025318248627
17.882404032415806     1.0369552982331607
17.930536936950105     0.7411599414100344
17.978669841484397     0.6171584308110399
18.026802746018696     0.6506557529865447
18.074935650552995     0.7970736208597968
18.123068555087286     0.9938483137492438
18.171201459621585     1.1829013484074937
18.219334364155877     1.3386011752166345
18.267467268690176     1.4860687924808011
18.315600173224468     1.6919796542637102
18.363733077758766     2.023875374801332
18.411865982293058     2.4978626013355085
18.459998886827357     3.049311682939279
18.50813179136165     3.551063843153134
18.556264695895948     3.8719962564965633
18.604397600430246     3.938896696568974
18.65253050496454     3.761895380148933
18.700663409498837     3.4117670061153076
18.74879631403313     2.9723219497445394
18.796929218567428     2.503619950664883
18.84506212310172     2.035114876085485
18.89319502763602     1.581215630992655
18.94132793217031     1.1583673435976654
18.98946083670461     0.7891559940126877
19.0375937412389     0.494164526987523
19.0857266457732     0.2818952447171522
19.1338595503075     0.145540635513862
19.18199245484179     0.06769510533013161
19.23012535937609     0.028281261313157127
19.27825826391038     0.010624853503369485
19.32639116844468     0.0037478084126923014
19.37452407297897     0.0018804459947858708
19.42265697751327     0.0031834782182855285
19.470789882047562     0.009215218445131384
19.51892278658186     0.02582266713405096
19.567055691116153     0.06523178288945192
19.61518859565045     0.14794486058747783
19.66332150018475     0.30176840841618735
19.711454404719042     0.5551061317208567
19.75958730925334     0.924178230031461
19.807720213787633     1.3989015716163642
19.85585311832193     1.93621834213283
19.903986022856223     2.46783106625211
19.952118927390522     2.920782794297448
20.000251831924814     3.240096148493464
20.048384736459113     3.400848704968984
20.096517640993405     3.404715650979153
20.144650545527703     3.266906693331885
20.192783450062002     3.0049332081135973
20.240916354596294     2.637103282018812
20.289049259130593     2.1894184874922766
20.337182163664885     1.7019539868994675
20.385315068199183     1.225948632103305
20.433447972733475     0.8107414571833617
20.481580877267774     0.4885043194038866
20.529713781802066     0.26660097423969625
20.577846686336365     0.13125954575497764
20.625979590870656     0.05839842349291268
20.674112495404955     0.024505670609349377
20.722245399939254     0.013210396829048211
20.770378304473546     0.017592970354214362
20.818511209007845     0.04054744877236622
20.866644113542137     0.09476834494467819
20.914777018076435     0.20156871984400443
20.962909922610727     0.38589071966930427
21.011042827145026     0.6655812873455672
21.059175731679318     1.0370556622476153
21.107308636213617     1.4647743333461214
21.15544154074791     1.8837709159171172
21.203574445282207     2.219073673924854
21.251707349816506     2.415008015554045
21.299840254350798     2.4584075804966687
21.347973158885097     2.380488311836505
21.39610606341939     2.2344313929734287
21.444238967953687     2.0625862035927565
21.49237187248798     1.8758520272109958
21.540504777022278     1.6592634775520227
