-21.6347105902409     0.003761674076283626
-21.586577685706605     0.005186090186287022
-21.53844478117231     0.006618064110235443
-21.490311876638014     0.007865837149366912
-21.44217897210372     0.008801678875429125
-21.394046067569423     0.00942301653780145
-21.345913163035124     0.009858990292519318
-21.29778025850083     0.010324595219782361
-21.249647353966534     0.011048677239411662
-21.20151444943224     0.012197685976039445
-21.153381544897943     0.013807422367613308
-21.105248640363648     0.015744141837192617
-21.057115735829353     0.017728895479722714
-21.008982831295057     0.019440405806847864
-20.960849926760762     0.0206603339475594
-20.912717022226467     0.021381072785650376
-20.86458411769217     0.02180209183906938
-20.816451213157873     0.02220279965130424
-20.768318308623577     0.022765188267042883
-20.720185404089282     0.023470561934318783
-20.672052499554987     0.024157944964917206
-20.62391959502069     0.024710393911954794
-20.575786690486396     0.025220696778157276
-20.5276537859521     0.02599570841835337
-20.479520881417805     0.027398222394139846
-20.43138797688351     0.02965974671157177
-20.383255072349215     0.03278593184436315
-20.33512216781492     0.03654876470506479
-20.286989263280624     0.04048799284986491
-20.238856358746325     0.04392014584255052
-20.19072345421203     0.04605887017265708
-20.142590549677735     0.04630843960853483
-20.09445764514344     0.04461074724371662
-20.046324740609144     0.04160586454281942
-19.99819183607485     0.03846043710706027
-19.950058931540553     0.03644970655123043
-19.901926027006258     0.03653369539401173
-19.853793122471963     0.03912472173805954
-19.805660217937668     0.04407138396898667
-19.757527313403372     0.05074660042556135
-19.709394408869073     0.05813230505075044
-19.661261504334778     0.0649191304479912
-19.613128599800483     0.0697531012439836
-19.564995695266187     0.07172057340992444
-19.516862790731892     0.07095157375429004
-19.468729886197597     0.06899712458885368
-19.4205969816633     0.0686076769878247
-19.372464077129006     0.0727985736988793
-19.32433117259471     0.08353757865284969
-19.276198268060416     0.1007645309002257
-19.22806536352612     0.1224059215060385
-19.17993245899182     0.14541129423853053
-19.131799554457526     0.16699608941357547
-19.08366664992323     0.18506611669917217
-19.035533745388936     0.19765186353973443
-18.98740084085464     0.2023398597145069
-18.939267936320345     0.19681064980164129
-18.89113503178605     0.1803839904537513
-18.843002127251754     0.15525481625874493
-18.79486922271746     0.12628930003097197
-18.746736318183164     0.09957576024280455
-18.69860341364887     0.08082380221676567
-18.65047050911457     0.07429310726403457
-18.602337604580274     0.08198180761722117
-18.55420470004598     0.10262622153481404
-18.506071795511684     0.13090653842613606
-18.45793889097739     0.15804399809187505
-18.409805986443093     0.17451616930446648
-18.361673081908798     0.17396082676084923
-18.313540177374502     0.1559675714751701
-18.265407272840207     0.1258798942233802
-18.21727436830591     0.09179743734962495
-18.169141463771616     0.06085830222252698
-18.121008559237318     0.03698511973051304
-18.072875654703022     0.02080420375128783
-18.024742750168727     0.010932113963380568
-17.97660984563443     0.005399802340170435
-17.928476941100136     0.002509451188693564
-17.88034403656584     0.0010921076751592006
-17.832211132031546     0.00044127121381007395
-17.78407822749725     0.00016391575930551993
-17.735945322962955     5.547471373409417e-05
-17.68781241842866     1.6982652058756874e-05
-17.639679513894365     4.678128408049083e-06
-17.591546609360066     1.155375901285446e-06
-17.54341370482577     2.552200225955823e-07
-17.495280800291475     5.034642855653673e-08
-17.44714789575718     8.860365514444569e-09
-17.399014991222884     1.3902376299577291e-09
-17.35088208668859     1.944052118780085e-10
-17.302749182154294     2.422142460702374e-11
-17.25461627762     2.6884156321081575e-12
-17.206483373085703     2.6580037971433975e-13
-17.158350468551408     2.3407266151905358e-14
-17.110217564017113     1.835968087603695e-15
-17.062084659482814     1.2825920930578506e-16
-17.013951754948522     7.98021385337328e-18
-16.965818850414223     4.422206472560585e-19
-16.917685945879928     2.182526395816905e-20
-16.869553041345632     9.593441453497677e-22
-16.821420136811337     3.7556301111631326e-23
-16.773287232277042     1.3094352977687346e-24
-16.725154327742747     4.066097079214113e-26
-16.67702142320845     1.1245109111381318e-27
-16.628888518674156     2.76975711764467e-29
-16.58075561413986     6.075915019556245e-31
-16.532622709605562     1.1870626157151551e-32
-16.48448980507127     2.0655107610199504e-34
-16.43635690053697     3.2009078432104965e-36
-16.388223996002676     4.417847700168107e-38
-16.34009109146838     5.4305042938151605e-40
-16.291958186934085     5.945131009569667e-42
-16.24382528239979     5.796616367730529e-44
-16.195692377865495     5.037352255144386e-46
-16.1475594733312     5.490551514771083e-47
-16.099426568796904     6.191889286630738e-45
-16.05129366426261     6.693630439604768e-43
-16.00316075972831     6.444655422133824e-41
-15.955027855194016     5.5263261587020186e-39
-15.90689495065972     4.220595760216833e-37
-15.858762046125424     2.8708691205511763e-35
-15.810629141591129     1.7392332146002664e-33
-15.762496237056833     9.384475054725257e-32
-15.714363332522538     4.5099684019984124e-30
-15.666230427988243     1.9304244039028719e-28
-15.618097523453947     7.359584947505767e-27
-15.569964618919652     2.4990890813282244e-25
-15.521831714385355     7.558684470856842e-24
-15.47369880985106     2.036370404161719e-22
-15.425565905316764     4.886812586699121e-21
-15.377433000782467     1.0446431335953253e-19
-15.329300096248172     1.989307660300895e-18
-15.281167191713877     3.374816284085362e-17
-15.233034287179581     5.1008189177073e-16
-15.184901382645286     6.8691766868099845e-15
-15.13676847811099     8.242997539282469e-14
-15.088635573576695     8.815172184980034e-13
-15.0405026690424     8.402364509283557e-12
-14.992369764508103     7.139532671301624e-11
-14.944236859973808     5.40907355090237e-10
-14.896103955439512     3.6548160017080365e-09
-14.847971050905215     2.203041106077205e-08
-14.79983814637092     1.185065214155536e-07
-14.751705241836625     5.691132901541308e-07
-14.70357233730233     2.4411538366638204e-06
-14.655439432768034     9.357624485576398e-06
-14.607306528233739     3.2075713727902883e-05
-14.559173623699444     9.838417787921641e-05
-14.511040719165148     0.0002702339621602193
-14.462907814630851     0.0006652323136766484
-14.414774910096556     0.001468922869970348
-14.36664200556226     0.0029121118890257677
-14.318509101027963     0.0051881911507766325
-14.270376196493668     0.008315615698803772
-14.222243291959373     0.01200773834998119
-14.174110387425078     0.015656412105727675
-14.125977482890782     0.018508565845759297
-14.077844578356487     0.019997242482488537
-14.029711673822192     0.020048046067928853
-13.981578769287896     0.019141742589085152
-13.9334458647536     0.018044614964162393
-13.885312960219304     0.017350250935050646
-13.837180055685009     0.017132650398557134
-13.789047151150712     0.01695335917525038
-13.740914246616416     0.016232230795454234
-13.692781342082121     0.014789738593415154
-13.644648437547826     0.013418327839369278
-13.59651553301353     0.014679072439819144
-13.548382628479235     0.024496979977785424
-13.50024972394494     0.05501616740606067
-13.452116819410643     0.12795763961627285
-13.403983914876347     0.27530862763739683
-13.355851010342052     0.5320941108864812
-13.307718105807757     0.9177199420921861
-13.259585201273461     1.4106808717269732
-13.211452296739166     1.932947807352842
-13.163319392204869     2.3639511419538626
-13.115186487670574     2.5897889850483136
-13.067053583136278     2.5665376021950923
-13.018920678601983     2.359258784643308
-12.970787774067688     2.1286780617113137
-12.92265486953339     2.0690827316576383
-12.874521964999095     2.328374021597402
-12.8263890604648     2.946734203878951
-12.778256155930505     3.8377837560279673
-12.73012325139621     4.817738874707824
-12.681990346861914     5.66969228988211
-12.633857442327617     6.214729815568079
-12.585724537793322     6.358401715908189
-12.537591633259026     6.09764171051746
-12.489458728724731     5.4996550840110014
-12.441325824190436     4.677336294658549
-12.39319291965614     3.7741372136119273
-12.345060015121843     2.9500314972822017
-12.296927110587548     2.353551726714328
-12.248794206053253     2.0791940288521262
-12.200661301518958     2.129504307546488
-12.152528396984662     2.4085564032358064
-12.104395492450365     2.7614054696608283
-12.05626258791607     3.047475443469124
-12.008129683381775     3.209672494044527
-11.95999677884748     3.2965691231934535
-11.911863874313184     3.4236177725385333
-11.863730969778889     3.703600688221706
-11.815598065244592     4.198236704537302
-11.767465160710296     4.920430456476854
-11.719332256176001     5.870824209685677
-11.671199351641706     7.0666535459045345
-11.62306644710741     8.536809107978964
-11.574933542573113     10.293637777893325
-11.526800638038818     12.310798805123829
-11.478667733504523     14.521168197197982
-11.430534828970227     16.82089622727589
-11.382401924435932     19.061544865796282
-11.334269019901637     21.04142513131164
-11.28613611536734     22.53534442487364
-11.238003210833044     23.384758889585523
-11.189870306298749     23.610147365172562
-11.141737401764454     23.46181669530511
-11.093604497230158     23.348192198872972
-11.045471592695861     23.661825006080708
-10.997338688161566     24.59633895597172
-10.94920578362727     26.05340618142987
-10.901072879092975     27.67829006876289
-10.85293997455868     28.989062710349348
-10.804807070024385     29.531262824868566
-10.756674165490088     29.00366681673769
-10.708541260955792     27.330310770015842
-10.660408356421497     24.671563926313862
-10.612275451887202     21.373987934937894
-10.564142547352906     17.869191611336035
-10.51600964281861     14.55030802621629
-10.467876738284314     11.67079296344146
-10.419743833750019     9.307447472358511
-10.371610929215723     7.399477998865179
-10.323478024681428     5.832507212113329
-10.275345120147133     4.513619916960097
-10.227212215612836     3.4006520468465222
-10.17907931107854     2.4887100385435383
-10.130946406544245     1.7826225016404182
-10.08281350200995     1.2790434619186624
-10.034680597475655     0.9619529278299555
-9.98654769294136     0.8037697007631518
-9.938414788407062     0.7669413684594313
-9.890281883872767     0.8071221149725076
-9.842148979338472     0.8796168116724996
-9.794016074804176     0.9470821948094035
-9.745883170269881     0.9848086717300815
-9.697750265735584     0.9821131381583388
-9.649617361201289     0.9408816257840684
-9.601484456666993     0.8722663618095441
-9.553351552132698     0.7915888286143811
-9.505218647598403     0.7123705718751848
-9.457085743064107     0.6422986315584842
-9.40895283852981     0.5835997148022729
-9.360819933995515     0.5370589577855328
-9.31268702946122     0.5059612063667543
-9.264554124926924     0.49657866284578184
-9.216421220392629     0.5148137186858236
-9.168288315858332     0.5612694840057892
-9.120155411324037     0.6277164399589399
-9.072022506789741     0.6972145565772679
-9.023889602255446     0.7487868187800688
-8.97575669772115     0.7653757238778756
-8.927623793186855     0.7412865140869889
-8.879490888652558     0.684524822729916
-8.831357984118263     0.6121145340482073
-8.783225079583968     0.541218802137203
-8.735092175049672     0.48176289750765877
-8.686959270515377     0.43478072840373805
-8.63882636598108     0.3963605045200367
-8.590693461446785     0.3635863362379142
-8.54256055691249     0.33859029741763147
-8.494427652378194     0.3290281564368339
-8.446294747843899     0.3456065033554454
-8.398161843309603     0.39809256515584457
-8.350028938775306     0.49082463440569357
-8.301896034241011     0.6186426662272481
-8.253763129706716     0.7652671514738022
-8.20563022517242     0.9072022475449576
-8.157497320638125     1.0245207168307218
-8.10936441610383     1.1145405190041386
-8.061231511569533     1.1991473959694918
-8.013098607035237     1.3175380785935509
-7.964965702500942     1.505454291426672
-7.916832797966647     1.7731198617731583
-7.8686998934323515     2.096755999126774
-7.8205669888980545     2.4288375817099532
-7.772434084363759     2.718014246631799
-7.724301179829464     2.9238380273314784
-7.6761682752951685     3.0193524058225547
-7.628035370760873     2.987826313184686
-7.579902466226578     2.8245724001492105
-7.531769561692281     2.5459872879448753
-7.4836366571579855     2.195499974042922
-7.43550375262369     1.8344716382191117
-7.387370848089395     1.518556398517867
-7.3392379435551     1.274478074483281
-7.2911050390208025     1.093710433064048
-7.242972134486507     0.9463864695369018
-7.194839229952212     0.8036545206561814
-7.146706325417917     0.6529709835360504
-7.098573420883621     0.499412327544138
-7.050440516349326     0.3570976362101446
-7.002307611815029     0.23919545551443394
-6.954174707280734     0.1521772327720033
-6.906041802746438     0.0951290336211749
-6.857908898212143     0.062177930250226394
-6.809775993677848     0.04582391204418427
-6.761643089143551     0.039729797588068265
-6.713510184609255     0.04029233499327771
-6.66537728007496     0.046919007702719534
-6.617244375540665     0.06138278873496861
-6.569111471006369     0.08678761419395638
-6.520978566472074     0.12644888302015067
-6.472845661937777     0.18257578394849627
-6.424712757403482     0.2545121056265113
-6.376579852869186     0.3368020036759737
-6.328446948334891     0.4182458581918346
-6.280314043800596     0.4835044970491734
-6.232181139266299     0.5178382837165892
-6.184048234732003     0.5134040009672832
-6.135915330197708     0.4737118597816019
-6.087782425663413     0.4131876937074562
-6.0396495211291175     0.3515619668202482
-5.991516616594822     0.30607573533341814
-5.943383712060525     0.2857069862136052
-5.89525080752623     0.2899841320983326
-5.8471179029919345     0.3119731658017245
-5.798984998457639     0.34287819311641665
-5.750852093923344     0.3754783025644876
-5.7027191893890485     0.4050329938249461
-5.6545862848547515     0.4282395256234674
-5.606453380320456     0.4420721273222208
-5.558320475786161     0.44407961832359755
-5.5101875712518655     0.43424110713049896
-5.46205466671757     0.4170038359968679
-5.413921762183275     0.4017488065152176
-5.36578885764898     0.40078394319820587
-5.317655953114684     0.4255117979268615
-5.2695230485803854     0.48295459646726774
-5.22139014404609     0.5752966317229059
-5.173257239511795     0.7033078500732632
-5.1251243349774995     0.8707398711326303
-5.076991430443204     1.0841868975035307
-5.028858525908909     1.345253284833169
-4.980725621374614     1.6387491082291725
-4.932592716840318     1.9261424541203724
-4.884459812306023     2.151824959347551
-4.836326907771728     2.2617400511341015
-4.788194003237432     2.2261765100154443
-4.7400610987031335     2.056230423777138
-4.691928194168838     1.8063509810873417
-4.643795289634543     1.5607026091335048
-4.595662385100248     1.4070201993545668
-4.547529480565952     1.4070494979696848
-4.499396576031657     1.5754975106165556
-4.451263671497362     1.8773909612235649
-4.403130766963066     2.2460528190802678
-4.354997862428771     2.6127600380780263
-4.306864957894476     2.9309345099564843
-4.2587320533601805     3.1805517407275907
-4.210599148825882     3.353718492862693
-4.162466244291586     3.4385004085997037
-4.114333339757291     3.4187094290440267
-4.066200435222996     3.289896632486869
-4.0180675306887     3.073879427358907
-3.969934626154405     2.8154432213497382
-3.9218017216201098     2.5637373197168043
-3.8736688170858145     2.3556638212061802
-3.825535912551519     2.2133390500338637
-3.777403008017224     2.150555624402205
-3.7292701034829285     2.1748768366913263
-3.6811371989486297     2.28100794964213
-3.6330042944143344     2.445100214067899
-3.584871389880039     2.6313767887303885
-3.5367384853457438     2.8096082195516745
-3.4886055808114484     2.9692764368956617
-3.440472676277153     3.118704169022639
-3.392339771742858     3.27293071476462
-3.3442068672085625     3.4452917532591742
-3.296073962674267     3.65141526236776
-3.247941058139972     3.9176872995157783
-3.1998081536056766     4.279184761010183
-3.1516752490713813     4.764252387194382
-3.1035423445370824     5.380617126906244
-3.055409440002787     6.118592164592579
-3.007276535468492     6.966766506021637
-2.9591436309341965     7.917867412232242
-2.911010726399901     8.951980669758118
-2.862877821865606     10.01469231802329
-2.8147449173313106     11.023475770929
-2.7666120127970153     11.91251329912625
-2.71847910826272     12.683729345876902
-2.6703462037284247     13.415871859624204
-2.6222132991941294     14.21501119250746
-2.5740803946598305     15.140468176113588
-2.525947490125535     16.161998585802696
-2.47781458559124     17.17816996545561
-2.4296816810569446     18.07755424879112
-2.3815487765226493     18.795164662024888
-2.333415871988354     19.327033693201514
-2.2852829674540587     19.70245323550313
-2.2371500629197634     19.94465612723574
-2.189017158385468     20.054034601201703
-2.1408842538511728     20.025428130163323
-2.0927513493168775     19.883300546270284
-2.0446184447825786     19.70572045319997
-1.9964855402482833     19.615195615027115
-1.948352635713988     19.734180833244785
-1.9002197311796927     20.125073417107995
-1.8520868266453974     20.748946023070044
-1.803953922111102     21.474222982385815
-1.7558210175768068     22.141915993666277
-1.7076881130425114     22.65912242388221
-1.6595552085082161     23.07040888982543
-1.6114223039739208     23.56472941215685
-1.5632893994396255     24.41074440776139
-1.5151564949053267     25.854116953940558
-1.4670235903710314     28.029645926865065
-1.418890685836736     30.925614882561177
-1.3707577813024407     34.40126721150757
-1.3226248767681454     38.23221848649663
-1.2744919722338501     42.16008777135459
-1.2263590676995548     45.93718904977599
-1.1782261631652595     49.36195627843806
-1.1300932586309642     52.297248090539455
-1.081960354096669     54.66971478556523
-1.0338274495623736     56.46305434201552
-0.9856945450280747     57.717662656881615
-0.9375616404937794     58.52686148536115
-0.8894287359594841     59.005669747835995
-0.8412958314251888     59.23073194806031
-0.7931629268908935     59.18959566608661
-0.7450300223565982     58.78278693332015
-0.6968971178223029     57.87801239601458
-0.6487642132880076     56.36954752570598
-0.6006313087537123     54.20042660358528
-0.552498404219417     51.35211446961993
-0.5043654996851217     47.837826238275234
-0.4562325951508228     43.717740999817515
-0.4080996906165275     39.11629649890639
-0.3599667860822322     34.21322809900502
-0.3118338815479369     29.20851561931382
-0.2637009770136416     24.289344828183207
-0.21556807247934628     19.622790896819804
-0.16743516794505098     15.36945211294535
-0.11930226341075567     11.691714119566516
-0.07116935887646036     8.734312139799584
-0.023036454342165058     6.578813235293914
0.02509645019213025     5.198899024964555
0.07322935472642911     4.451428040840822
0.12136225926072441     4.1204756426565945
0.16949516379501972     3.9969241745173463
0.21762806832931503     3.9498894190264116
0.26576097286361033     3.950657819844331
0.31389387739790564     4.042008234009695
0.36202678193220095     4.27854739328438
0.41015968646649625     4.672849581214181
0.45829259100079156     5.169670894469748
0.5064254955350869     5.6546665368756805
0.5545584000693822     5.993251313218157
0.602691304603681     6.083570035637487
0.6508242091379763     5.895670416348498
0.6989571136722716     5.472203017779615
0.747090018206567     4.891716717661215
0.7952229227408623     4.224360215108266
0.8433558272751576     3.512820185905319
0.8914887318094529     2.784975370073783
0.9396216363437482     2.076101497102958
0.9877545408780435     1.434954326841055
1.0358874454123388     0.9087282816766991
1.084020349946634     0.5225673827307882
1.1321532544809294     0.2711514944381558
1.1802861590152283     0.12640674723249845
1.2284190635495236     0.052791512777642234
1.2765519680838189     0.019713339752483107
1.3246848726181142     0.0065736081218647794
1.3728177771524095     0.0019557982716034853
1.4209506816867048     0.0005188855983767984
1.469083586221      0.0001227094121949315
1.5172164907552954     2.5859980936108702e-05
1.5653493952895907     4.855625181526374e-06
1.613482299823886     8.123262824589442e-07
1.6616152043581813     1.220353229587212e-07
1.7097481088924802     2.4406818991854054e-08
1.7578810134267755     6.328673914319359e-08
1.8060139179610708     4.025779905479608e-07
1.854146822495366     2.350056534573911e-06
1.9022797270296614     1.223154668368449e-05
1.9504126315639567     5.674952512829804e-05
1.998545536098252     0.00023478458636747932
2.0466784406325473     0.0008665957593454938
2.0948113451668426     0.00285563375871365
2.142944249701138     0.008409074007324074
2.1910771542354333     0.022158749831688866
2.239210058769732     0.05235105814400359
2.2873429633040274     0.11118735345415863
2.3354758678383227     0.2130899802661868
2.383608772372618     0.37042281842368535
2.4317416769069133     0.5881826396213699
2.4798745814412086     0.8610421789635956
2.528007485975504     1.1756089548927717
2.5761403905097993     1.5171694900618213
2.6242732950440946     1.8760721702986969
2.67240619957839     2.248195858956222
2.720539104112685     2.628000808609078
2.768672008646984     2.998703919305152
2.8168049131812793     3.327668348459356
2.8649378177155747     3.573189860339188
2.91307072224987     3.7019360938871735
2.9612036267841653     3.7085952109991087
3.0093365313184606     3.626691178424537
3.057469435852756     3.5242559986796267
3.105602340387051     3.485630472497412
3.1537352449213465     3.5848124012252085
3.201868149455642     3.8562887500863683
3.250001053989937     4.271295138696859
3.298133958524236     4.731855658588956
3.3462668630585313     5.0943561450978345
3.3943997675928266     5.22208612755666
3.442532672127122     5.046956153995859
3.490665576661417     4.608718729286892
3.5387984811957125     4.046502482850599
3.586931385730008     3.540909580770261
3.635064290264303     3.2328488590353754
3.6831971947985984     3.1613899564894843
3.7313300993328937     3.2554130923816786
3.779463003867189     3.383630205643997
3.827595908401488     3.432011450818364
3.875728812935783     3.36146749925325
3.9238617174700785     3.2142832454946317
3.971994622004374     3.0732610254331125
4.020127526538669     3.005988058884323
4.068260431072964     3.029311435732278
4.11639333560726     3.1088504244438715
4.164526240141555     3.1838738053111304
4.21265914467585     3.1968275444089773
4.260792049210146     3.112569118982466
4.308924953744441     2.9241561852486857
4.35705785827874     2.6483875900704
4.405190762813035     2.3148592413050624
4.45332366734733     1.953344699105953
4.501456571881626     1.5861803125033904
4.549589476415921     1.2293710412913008
4.597722380950216     0.8984052250978138
4.645855285484512     0.6107160004168843
4.693988190018807     0.3814263315726806
4.742121094553102     0.21671655602196888
4.790253999087398     0.1112112485151382
4.838386903621693     0.051289031349367985
4.886519808155992     0.021188108783938366
4.934652712690287     0.007824010988160875
4.982785617224582     0.0025789859440545435
5.030918521758878     0.0007581936977973064
5.079051426293173     0.00019869660157920772
5.127184330827468     4.640173844888102e-05
5.175317235361764     9.654298266799196e-06
5.223450139896059     1.78934094208314e-06
5.271583044430354     2.954037686729644e-07
5.3197159489646495     4.343776193874349e-08
5.367848853498945     5.688968910689499e-09
5.41598175803324     6.635991193106999e-10
5.464114662567539     6.894119415236392e-11
5.512247567101834     6.378950259062912e-12
5.56038047163613     5.256721305370363e-13
5.608513376170425     3.8581108982032595e-14
5.65664628070472     2.5218988414848007e-15
5.7047791852390155     1.4681597315492736e-16
5.752912089773311     7.612219903217669e-18
5.801044994307606     3.515131005621666e-19
5.849177898841901     1.4456519722923513e-20
5.897310803376197     5.295159547841483e-22
5.945443707910492     1.7321908802302694e-23
5.993576612444791     2.0591555063610242e-24
6.041709516979086     4.4782082914946763e-23
6.0898424215133815     1.1466047825387797e-21
6.137975326047677     2.6162607348224578e-20
6.186108230581972     5.3184423077832e-19
6.234241135116267     9.632253226690925e-18
6.282374039650563     1.5542300910378846e-16
6.330506944184858     2.234347341283275e-15
6.378639848719153     2.861791395665938e-14
6.426772753253449     3.2657362697108755e-13
6.474905657787744     3.3203510576649777e-12
6.523038562322043     3.007810868526365e-11
6.571171466856338     2.4276411476827355e-10
6.619304371390633     1.7457805847483172e-09
6.667437275924929     1.1185868764551705e-08
6.715570180459224     6.385990641676976e-08
6.763703084993519     3.2483951074050634e-07
6.811835989527815     1.472295016900264e-06
6.85996889406211     5.94578996887787e-06
6.908101798596405     2.1395192734005965e-05
6.956234703130701     6.859901000287133e-05
7.004367607664996     0.0001959826098993667
7.052500512199295     0.0004989056399507086
7.10063341673359     0.0011316814088437866
7.148766321267885     0.0022873907743797806
7.196899225802181     0.00411981580170428
7.245032130336476     0.006612447364644807
7.293165034870771     0.009459336546379295
7.341297939405067     0.012065732571115668
7.389430843939362     0.013738278798431612
7.437563748473657     0.014006468557382896
7.4856966530079525     0.012891370562025046
7.533829557542248     0.01093757146766411
7.581962462076547     0.008970614869131747
7.630095366610842     0.007717553582207152
7.678228271145137     0.007496848418033651
7.726361175679433     0.008121323614340002
7.774494080213728     0.0090388138455775
7.822626984748023     0.009629827831574709
7.8707598892823185     0.009514910232073525
7.918892793816614     0.00871575259201627
7.967025698350909     0.007587938783335264
8.015158602885204     0.006577517674552073
8.0632915074195     0.005961509299353472
8.111424411953799     0.005731672356184733
8.159557316488094     0.005672845508693873
8.20769022102239     0.005554605354077328
8.255823125556685     0.00529078212019802
8.30395603009098     0.00496259021004503
8.352088934625275     0.004710256283857966
8.40022183915957     0.004592651755419412
8.448354743693866     0.004526584985448965
8.496487648228161     0.004344536742336982
8.544620552762456     0.003915312030790329
8.592753457296752     0.0032319308214684155
8.64088636183105     0.002409578307748769
8.689019266365346     0.0016111332842244283
8.737152170899641     0.0009636870189411884
8.785285075433936     0.0005182845572314738
8.833417979968232     0.00026157418889376596
8.881550884502527     0.00015459835030318808
8.929683789036822     0.00016942473668877918
8.977816693571118     0.0003073716762373253
9.025949598105413     0.0005947005638570885
9.074082502639708     0.001057430930752042
9.122215407174004     0.0016833914897761426
9.170348311708302     0.0023911206940255025
9.218481216242598     0.0030324682134433983
9.266614120776893     0.003442863502027271
9.314747025311188     0.0035193273653214866
9.362879929845484     0.0032768153214054207
9.411012834379779     0.002840013587344546
9.459145738914074     0.002372303313860865
9.50727864344837     0.0019900894932026107
9.555411547982665     0.0017186485374652224
9.60354445251696     0.0015103113803741424
9.651677357051256     0.0013000726990320094
9.69981026158555     0.001054310466958009
9.74794316611985     0.0007842646576785777
9.796076070654145     0.0005271580367413908
9.84420897518844     0.0003177636161710605
9.892341879722736     0.00017114375287450342
9.940474784257031     8.22169394011193e-05
9.988607688791326     3.520101571739974e-05
10.036740593325622     1.3427046501040266e-05
10.084873497859917     4.562071916869561e-06
10.133006402394212     1.3805921357487084e-06
10.181139306928507     3.72112503606019e-07
10.229272211462803     8.932670804263171e-08
10.277405115997102     1.909780347369005e-08
10.325538020531397     3.6365927681033686e-09
10.373670925065689     6.181772576898468e-10
10.421803829599988     1.0748904180891179e-10
10.46993673413428     1.360188996853779e-10
10.518069638668578     9.512421134535208e-10
10.566202543202877     6.528455036019988e-09
10.614335447737169     4.0117553027576576e-08
10.662468352271468     2.2046204325713305e-07
10.71060125680576     1.0837541999564536e-06
10.758734161340058     4.767250281673647e-06
10.80686706587435     1.8771722043362556e-05
10.854999970408649     6.61947612460454e-05
10.90313287494294     0.00020914704188501295
10.95126577947724     0.0005924869411012963
10.999398684011531     0.001506250901397134
11.04753158854583     0.003440786773278589
11.095664493080129     0.0070753854158060875
11.14379739761442     0.01313166460841229
11.19193030214872     0.022081239197081284
11.240063206683011     0.033823557185445496
11.28819611121731     0.04755086455533031
11.336329015751602     0.06195719762365882
11.3844619202859     0.07570889920352915
11.432594824820193     0.08786859113102866
11.480727729354491     0.09799820650198203
11.528860633888783     0.10596284432351333
11.576993538423082     0.11172063902722953
11.62512644295738     0.11533526730084014
11.673259347491673     0.11714869047985577
11.721392252025971     0.1178367816286492
11.769525156560263     0.11817449280403611
11.817658061094562     0.1186516743613884
11.865790965628854     0.11927660984629337
11.913923870163153     0.11976719351992691
11.962056774697444     0.1199808666989251
12.010189679231743     0.12022286499509405
12.058322583766035     0.12121515374888113
12.106455488300334     0.12384625322356393
12.154588392834633     0.12898414049238527
12.202721297368925     0.13745114612260276
12.250854201903223     0.1499549871719871
12.298987106437515     0.16671884857469896
12.347120010971814     0.18687625052020657
12.395252915506106     0.20809921046002144
12.443385820040405     0.22695212853828056
12.491518724574696     0.23996252117551872
12.539651629108995     0.24479126733604203
12.587784533643287     0.24079612456013735
12.635917438177586     0.2288364745832107
12.684050342711885     0.21077114781621017
12.732183247246176     0.18911919838290575
12.780316151780475     0.16687064652723047
12.828449056314767     0.14710326394826417
12.876581960849066     0.13226617998413753
12.924714865383358     0.12344098496837239
12.972847769917657     0.12005936897085243
13.020980674451948     0.12027894606410479
13.069113578986247     0.1217853785068842
13.117246483520539     0.12258838688391813
13.165379388054838     0.12152850130749507
13.213512292589137     0.1184827589020144
13.261645197123428     0.11435853443183928
13.309778101657727     0.11087704879109184
13.357911006192019     0.11010894897384277
13.406043910726318     0.11386587777222215
13.45417681526061     0.12320485816994768
13.502309719794908     0.13823840753330652
13.5504426243292     0.1581977026896353
13.598575528863499     0.18153462507729962
13.64670843339779     0.2059602987897572
13.69484133793209     0.2286019092571791
13.742974242466389     0.24658936877791016
13.79110714700068     0.2581057062690122
13.83924005153498     0.2634019011930328
13.887372956069271     0.2650228114856489
13.93550586060357     0.26688908797664984
13.983638765137862     0.27263825987135853
14.03177166967216     0.28406467113899103
14.079904574206452     0.3003302518548758
14.128037478740751     0.3181897025167808
14.176170383275043     0.3331494197924159
14.224303287809342     0.34119866674634786
14.27243619234364     0.34039683039797547
14.320569096877932     0.3314643934861681
14.368702001412231     0.3169950586425629
14.416834905946523     0.29979317071271244
14.464967810480822     0.28141093245744986
14.513100715015113     0.26172096080039803
14.561233619549412     0.2395768709908401
14.609366524083704     0.21396548637388169
14.657499428618003     0.18494615208021487
14.705632333152295     0.1539925222438285
14.753765237686594     0.12373833255561642
14.801898142220892     0.09733426024206096
14.850031046755184     0.07764501900027995
14.898163951289483     0.06648253217877982
14.946296855823775     0.06406533900012774
14.994429760358074     0.06888648485540529
15.042562664892365     0.07808904222708782
15.090695569426664     0.08827331842413447
15.138828473960956     0.09646389323986211
15.186961378495255     0.10086470657966017
15.235094283029547     0.10111138373822669
15.283227187563845     0.09797515452412314
15.331360092098137     0.09274810813459347
15.379492996632436     0.08666502459231558
15.427625901166735     0.08060507077090012
15.475758805701027     0.07507051663538904
15.523891710235326     0.07027708337722169
15.572024614769617     0.06622566997651062
15.620157519303916     0.06275537842695819
15.668290423838208     0.059629320796105105
15.716423328372507     0.05664569663316607
15.764556232906799     0.053708565370060815
15.812689137441097     0.05081738847689633
15.86082204197539     0.04800392112040574
15.908954946509688     0.04527941935301967
15.957087851043987     0.04262809134166514
16.00522075557828     0.04002828454205414
16.053353660112577     0.03745417161540322
16.10148656464687     0.03483941909768842
16.149619469181168     0.0320458803276085
16.19775237371546     0.028901599100530383
16.24588527824976     0.025311754184066462
16.29401818278405     0.021360804456309914
16.34215108731835     0.017314139900274004
16.39028399185264     0.013511509370564065
16.43841689638694     0.010233729110750612
16.48654980092124     0.007631463702560731
16.53468270545553     0.005739194972584343
16.58281560998983     0.004533433789460269
16.63094851452412     0.003980506807880751
16.67908141905842     0.0040446787714061684
16.72721432359271     0.004658767607437443
16.77534722812701     0.005681483329714254
16.823480132661302     0.006878832382000927
16.8716130371956     0.007964548533660623
16.919745941729893     0.008703027259493743
16.967878846264192     0.009024914034259458
17.01601175079849     0.009072792861187305
17.064144655332782     0.009125246909597692
17.11227755986708     0.009431993959104247
17.160410464401373     0.010064670536084475
17.208543368935672     0.01088397692399493
17.256676273469964     0.011642483457608073
17.304809178004263     0.012144407404214016
17.352942082538554     0.012345164940141755
17.401074987072853     0.012327244429903577
17.449207891607145     0.012191752575542298
17.497340796141444     0.011966116447821631
17.545473700675743     0.01159486715366094
17.593606605210034     0.010995588839664684
17.641739509744333     0.010116976947968257
17.689872414278625     0.008963021381258155
17.738005318812924     0.007593305559781844
17.786138223347216     0.006117064514579871
17.834271127881514     0.004677556416059472
17.882404032415806     0.0034181314375257873
17.930536936950105     0.002441082212576753
17.978669841484397     0.0017833764796650923
18.026802746018696     0.0014206131215400552
18.074935650552995     0.0012899444052084069
18.123068555087286     0.001318119488261224
18.171201459621585     0.001449665157676841
18.219334364155877     0.001672940969636115
18.267467268690176     0.0020318872941756257
18.315600173224468     0.0026044936358572287
18.363733077758766     0.003443534824650294
18.411865982293058     0.004507592995464917
18.459998886827357     0.005633149262032101
18.50813179136165     0.006582793344285978
18.556264695895948     0.007151642763837882
18.604397600430246     0.007264001171567342
18.65253050496454     0.006992553881056398
18.700663409498837     0.006489460091591445
18.74879631403313     0.005885276093076092
18.796929218567428     0.005230133364112404
18.84506212310172     0.004509568478405818
18.89319502763602     0.003706121955170045
18.94132793217031     0.002849374402213559
18.98946083670461     0.0020180971288252117
19.0375937412389     0.0013022024797953767
19.0857266457732     0.0007598124087306569
19.1338595503075     0.00039891929645263514
19.18199245484179     0.00018784956703973553
19.23012535937609     7.917553048549523e-05
19.27825826391038     2.9867151972551958e-05
19.32639116844468     1.0256744285497693e-05
19.37452407297897     3.929620113628964e-06
19.42265697751327     4.086795634284769e-06
19.470789882047562     1.0652125141957908e-05
19.51892278658186     2.993467446572426e-05
19.567055691116153     7.674343686744383e-05
19.61518859565045     0.00017726032120228598
19.66332150018475     0.00036930478253305483
19.711454404719042     0.0006958100053973559
19.75958730925334     0.0011895245785787133
19.807720213787633     0.0018532593120797317
19.85585311832193     0.0026475287605848257
19.903986022856223     0.003499060248161337
19.952118927390522     0.004332986373050324
20.000251831924814     0.005111143016910956
20.048384736459113     0.005844088653754682
20.096517640993405     0.006554741464878061
20.144650545527703     0.00721018026200536
20.192783450062002     0.007677653318030444
20.240916354596294     0.007758574001662086
20.289049259130593     0.007296978279806238
20.337182163664885     0.0062903992725806745
20.385315068199183     0.004918243366716127
20.433447972733475     0.003464100647445199
20.481580877267774     0.002188681215504755
20.529713781802066     0.0012372552238422844
20.577846686336365     0.0006248703483710679
20.625979590870656     0.0002820983585133668
20.674112495404955     0.00011538576767807841
20.722245399939254     4.814799043914389e-05
20.770378304473546     3.5856172126984795e-05
20.818511209007845     6.545283817506914e-05
20.866644113542137     0.00015062941375312624
20.914777018076435     0.00032717549476508196
20.962909922610727     0.0006453790423058371
21.011042827145026     0.0011542111845889683
21.059175731679318     0.0018762845961647447
21.107308636213617     0.0027815753361719237
21.15544154074791     0.0037759790109581936
21.203574445282207     0.004719916106570449
21.251707349816506     0.00547732353538921
21.299840254350798     0.005971509829804255
21.347973158885097     0.006209562285054905
21.39610606341939     0.006251601297139631
21.444238967953687     0.006144045506266925
21.49237187248798     0.005872495800197659
21.540504777022278     0.005378885489260029
