-21.606846132489352     0.0002618363712311808
-21.55871328862704     0.0009396354812289333
-21.510580444764727     0.003089974338624721
-21.462447600902415     0.009167971305909156
-21.414314757040103     0.024403520510242343
-21.36618191317779     0.058164523958040316
-21.318049069315478     0.1240698351073728
-21.269916225453166     0.2368546442209296
-21.221783381590853     0.4047612079079429
-21.17365053772854     0.6193762207361273
-21.12551769386623     0.8490666737640864
-21.077384850003916     1.043503424116889
-21.029252006141604     1.151669704760089
-20.981119162279292     1.145972759171321
-20.93298631841698     1.0382402022584754
-20.884853474554667     0.8764719517970441
-20.836720630692355     0.7229901563241315
-20.788587786830043     0.6261200423314592
-20.74045494296773     0.6005933800226251
-20.692322099105418     0.6258191317521458
-20.644189255243106     0.6611520812928353
-20.596056411380793     0.6688707423238396
-20.54792356751848     0.632383855578327
-20.49979072365617     0.5608357864888456
-20.451657879793856     0.4799587486026409
-20.403525035931544     0.41691368571253284
-20.355392192069232     0.38837131165717886
-20.30725934820692     0.3963682879244983
-20.259126504344607     0.43094199767514396
-20.210993660482295     0.4764431629050123
-20.162860816619983     0.5188294477497877
-20.11472797275767     0.5512403727410984
-20.066595128895358     0.5748428286323767
-20.018462285033046     0.5939475024417864
-19.970329441170733     0.6089027864435008
-19.92219659730842     0.6130737786278431
-19.87406375344611     0.59733049054789
-19.825930909583796     0.5586441657312124
-19.777798065721484     0.5051357203193929
-19.72966522185917     0.45266210685474473
-19.68153237799686     0.41528170972446554
-19.633399534134547     0.3969808356209522
-19.585266690272235     0.39067460447604985
-19.537133846409922     0.3845420484690213
-19.48900100254761     0.37052413949178975
-19.440868158685298     0.349114589930181
-19.392735314822986     0.32804364699915733
-19.344602470960673     0.31676881945737156
-19.29646962709836     0.3207851276721211
-19.24833678323605     0.3389748321183885
-19.200203939373736     0.3647973760489487
-19.152071095511424     0.3897390454337226
-19.10393825164911     0.4064024130228431
-19.0558054077868     0.40957184329213303
-19.007672563924487     0.3958299495749069
-18.959539720062175     0.363720120869382
-18.911406876199862     0.31551539812385043
-18.86327403233755     0.2593918881113937
-18.815141188475238     0.20977780383094558
-18.767008344612925     0.18479390418846148
-18.718875500750613     0.2013635322486098
-18.6707426568883     0.2691210614410426
-18.62260981302599     0.38437024236671824
-18.574476969163676     0.526488391675046
-18.526344125301364     0.6604155821419975
-18.47821128143905     0.7472266545145211
-18.43007843757674     0.7594747005446311
-18.381945593714427     0.6930615579929652
-18.333812749852115     0.568188980724426
-18.285679905989802     0.4188891086077825
-18.23754706212749     0.2780124846590085
-18.189414218265178     0.16629737369886957
-18.141281374402865     0.08976294362333653
-18.093148530540553     0.04378552363836968
-18.04501568667824     0.019338895472382024
-17.99688284281593     0.0077563611413171835
-17.948749998953616     0.0028376607108131476
-17.900617155091304     0.000953468815240758
-17.85248431122899     0.00029709068930123574
-17.80435146736668     8.68754448006635e-05
-17.756218623504367     2.4125520428232437e-05
-17.708085779642055     6.411237457439183e-06
-17.659952935779742     1.6299847997046809e-06
-17.61182009191743     3.931257158941149e-07
-17.563687248055118     8.875627569884152e-08
-17.515554404192805     1.84992459688911e-08
-17.467421560330493     3.5182998148651777e-09
-17.41928871646818     6.053534750705745e-10
-17.37115587260587     9.368145619655354e-11
-17.323023028743556     1.2990704679641847e-11
-17.274890184881244     1.6103525355865537e-12
-17.22675734101893     1.781909779233443e-13
-17.17862449715662     1.7584912071363758e-14
-17.130491653294307     1.5468534644769634e-15
-17.082358809431994     1.212466854501967e-16
-17.034225965569682     8.466730996998756e-18
-16.98609312170737     5.266649068796235e-19
-16.937960277845058     2.9180580961356694e-20
-16.889827433982745     1.4400419207752057e-21
-16.841694590120433     6.329454489807799e-23
-16.79356174625812     2.477765889614317e-24
-16.74542890239581     8.638787385119896e-26
-16.697296058533496     2.6825091164504584e-27
-16.649163214671184     7.418633902496277e-29
-16.60103037080887     1.827258607888595e-30
-16.55289752694656     4.008379634708839e-32
-16.504764683084247     7.831231689134731e-34
-16.456631839221934     1.362647350220501e-35
-16.408498995359622     2.111683972156991e-37
-16.36036615149731     2.9145152678829706e-39
-16.312233307634997     3.58257804580787e-41
-16.264100463772685     3.9220838543477455e-43
-16.215967619910373     3.8248330109755305e-45
-16.16783477604806     1.4439768071328157e-46
-16.119701932185748     1.5150254697830874e-44
-16.071569088323436     1.838455121137795e-42
-16.023436244461124     1.9869587119383735e-40
-15.975303400598811     1.9125851720714527e-38
-15.927170556736499     1.6396449517400883e-36
-15.879037712874187     1.2519215504685282e-34
-15.830904869011874     8.513421332731675e-33
-15.782772025149562     5.156234095715245e-31
-15.73463918128725     2.7814085818526756e-29
-15.686506337424937     1.3362979200232952e-27
-15.638373493562625     5.718095615853986e-26
-15.590240649700313     2.1792807263207486e-24
-15.542107805838     7.397645656404977e-23
-15.493974961975688     2.236652482500257e-21
-15.445842118113376     6.023314832739151e-20
-15.397709274251064     1.4448201395449432e-18
-15.349576430388751     3.0870547671344345e-17
-15.301443586526439     5.875446379809288e-16
-15.253310742664127     9.96139367569353e-15
-15.205177898801814     1.5045356740168752e-13
-15.157045054939502     2.0244777345862742e-12
-15.10891221107719     2.427069054062016e-11
-15.060779367214877     2.592668689870006e-10
-15.012646523352565     2.4680438217059224e-09
-14.964513679490253     2.0938931803720673e-08
-14.91638083562794     1.583501251185285e-07
-14.868247991765628     1.0676396507288386e-06
-14.820115147903316     6.419035033400191e-06
-14.771982304041003     3.4424597969907356e-05
-14.723849460178691     0.00016472490594846104
-14.675716616316379     0.000703562983539811
-14.627583772454066     0.0026834275642108833
-14.579450928591754     0.009144083193146406
-14.531318084729442     0.027855203598417033
-14.48318524086713     0.075905650125458
-14.435052397004817     0.18516653323123589
-14.386919553142505     0.4046912285123585
-14.338786709280193     0.7931332947356492
-14.29065386541788     1.3952963976437411
-14.242521021555568     2.2060232735059806
-14.194388177693256     3.1397599738640976
-14.146255333830943     4.033571701769537
-14.098122489968631     4.700579470659928
-14.049989646106319     5.018189823356404
-14.001856802244006     5.00164391768616
-13.953723958381694     4.808522301935277
-13.905591114519382     4.656778086654837
-13.85745827065707     4.697092731623481
-13.809325426794757     4.918010589682237
-13.761192582932445     5.147826019427916
-13.713059739070133     5.155552745322047
-13.66492689520782     4.786616308096912
-13.616794051345508     4.0471505858679215
-13.568661207483197     3.090993232038234
-13.520528363620885     2.1326630614139734
-13.472395519758573     1.3525165207084346
-13.42426267589626     0.8485990323547465
-13.376129832033948     0.6432030188326985
-13.327996988171636     0.7135057357098069
-13.279864144309323     1.0110533769931174
-13.231731300447011     1.4588726942871177
-13.183598456584699     1.9432820994643412
-13.135465612722387     2.3267979728747257
-13.087332768860074     2.491400753160769
-13.039199924997762     2.391982444473192
-12.99106708113545     2.0846066728590884
-12.942934237273137     1.7084958583595284
-12.894801393410825     1.4316947173538004
-12.846668549548513     1.3901982370886579
-12.7985357056862     1.6457064109346558
-12.750402861823888     2.170334615253097
-12.702270017961576     2.855773730273989
-12.654137174099263     3.5424757652487067
-12.606004330236951     4.06268302064505
-12.557871486374639     4.286139730320739
-12.509738642512326     4.154714109545019
-12.461605798650014     3.695593730548378
-12.413472954787702     3.0092866837795347
-12.36534011092539     2.2357212887651183
-12.317207267063077     1.5097257808364835
-12.269074423200765     0.9233804311691991
-12.220941579338453     0.5103832429301399
-12.17280873547614     0.255268384929233
-12.124675891613828     0.11690537386758568
-12.076543047751516     0.051381789435070324
-12.028410203889203     0.025123539589790404
-11.980277360026891     0.017734079272182544
-11.932144516164579     0.01892877549345521
-11.884011672302266     0.024093051465608882
-11.835878828439954     0.030984188708064214
-11.787745984577642     0.03823117207092807
-11.73961314071533     0.0452128109420231
-11.691480296853017     0.052425863235113834
-11.643347452990705     0.06147629209120091
-11.595214609128393     0.07432569645799583
-11.54708176526608     0.09214067878319566
-11.498948921403768     0.11450890682835557
-11.450816077541456     0.13956012657342176
-11.402683233679143     0.16486780149314428
-11.354550389816831     0.1885003995909235
-11.306417545954519     0.20963827114657024
-11.258284702092206     0.22859958201177444
-11.210151858229894     0.2464702208739246
-11.162019014367582     0.26463191109250084
-11.11388617050527     0.2844946397617819
-11.065753326642957     0.30770305186348096
-11.017620482780645     0.336749732775634
-10.969487638918332     0.3752612706412688
-10.92135479505602     0.4268541619654612
-10.873221951193708     0.49220565046151876
-10.825089107331396     0.5657927895261088
-10.776956263469083     0.6352155809767043
-10.72882341960677     0.6853278468416033
-10.680690575744459     0.7062018200494993
-10.632557731882146     0.700368882601653
-10.584424888019834     0.6840344673459111
-10.536292044157522     0.6803743800683224
-10.48815920029521     0.708280487626747
-10.440026356432897     0.7728964241927987
-10.391893512570585     0.8627907942888429
-10.343760668708272     0.9543462023677943
-10.29562782484596     1.020486954156124
-10.247494980983648     1.0401676557583253
-10.199362137121335     1.0061044557601564
-10.151229293259023     0.9290284692274214
-10.10309644939671     0.836727759440396
-10.054963605534398     0.7666252235439616
-10.006830761672086     0.752948140802532
-9.958697917809774     0.8130033789221447
-9.910565073947462     0.9389087950181771
-9.86243223008515     1.098988440119443
-9.814299386222837     1.2479205375133817
-9.766166542360525     1.3406763757766362
-9.718033698498212     1.3451675038971138
-9.6699008546359     1.2507980050171104
-9.621768010773588     1.0713838897115204
-9.573635166911275     0.8409087913193096
-9.525502323048963     0.6022520796129562
-9.47736947918665     0.39309554584274914
-9.429236635324338     0.23592953077626072
-9.381103791462026     0.13684273377807907
-9.332970947599714     0.0920366801013561
-9.284838103737401     0.09651965195943002
-9.23670525987509     0.14905760403291538
-9.188572416012777     0.2504194033854388
-9.140439572150465     0.3962263736360043
-9.092306728288152     0.5696579079695223
-9.04417388442584     0.7407619107305647
-8.996041040563528     0.8757402800145935
-8.947908196701215     0.951897426222976
-8.899775352838903     0.9678026349923836
-8.85164250897659     0.9404498436635932
-8.803509665114278     0.8914770521973887
-8.755376821251966     0.833691795155769
-8.707243977389654     0.7682896995548266
-8.659111133527341     0.6933789237590787
-8.610978289665029     0.6155438921373655
-8.562845445802717     0.5558022243592011
-8.514712601940404     0.5476587613707384
-8.466579758078092     0.6305987456704836
-8.41844691421578     0.8424925426653471
-8.370314070353468     1.210570222243629
-8.322181226491155     1.7382923387123468
-8.274048382628843     2.3889500815396465
-8.22591553876653     3.0751021506421243
-8.177782694904218     3.6683401343919284
-8.129649851041906     4.037398783828914
-8.081517007179594     4.103861933139141
-8.033384163317281     3.8862809991138176
-7.985251319454969     3.502430159822559
-7.937118475592657     3.1213287412865656
-7.888985631730344     2.8883587432694022
-7.840852787868032     2.8650404403391976
-7.79271994400572     3.0150144172233655
-7.7445871001434075     3.2365421520316753
-7.696454256281095     3.4141746624273734
-7.648321412418783     3.4595198285156594
-7.6001885685564705     3.3306577990278
-7.552055724694158     3.0381194013752824
-7.503922880831846     2.6444567566396193
-7.455790036969534     2.251813888558713
-7.407657193107221     1.9690223295955627
-7.359524349244909     1.8644403945179886
-7.311391505382597     1.9285983470252615
-7.263258661520284     2.0724653087847527
-7.215125817657972     2.1680975552656108
-7.16699297379566     2.1112363192444663
-7.118860129933347     1.8699047145899426
-7.070727286071035     1.4918693850943012
-7.022594442208723     1.0715667335363053
-6.97446159834641     0.7026064259638325
-6.926328754484098     0.4464385359498418
-6.878195910621786     0.33164304937321243
-6.8300630667594735     0.3779787610362102
-6.781930222897161     0.6285349754624796
-6.733797379034849     1.1720458153207691
-6.685664535172537     2.1393111580038333
-6.637531691310224     3.662870628525932
-6.589398847447912     5.804179901930304
-6.5412660035856     8.476950028758544
-6.493133159723287     11.412520928083
-6.445000315860975     14.202595829769407
-6.396867471998663     16.414810964118026
-6.34873462813635     17.731868935749937
-6.300601784274038     18.04645168143216
-6.252468940411726     17.465373607485784
-6.204336096549413     16.226158968987782
-6.156203252687101     14.57891606941058
-6.108070408824789     12.703835909804273
-6.0599375649624765     10.704730853553656
-6.011804721100164     8.661822611025322
-5.963671877237852     6.687406433788336
-5.9155390333755395     4.936247599631686
-5.867406189513227     3.565960579828939
-5.819273345650915     2.681038132924831
-5.771140501788603     2.299665619647177
-5.72300765792629     2.3600267750791843
-5.674874814063978     2.75676760617691
-5.626741970201666     3.385532952161535
-5.578609126339355     4.17338508769808
-5.530476282477043     5.079297499482147
-5.4823434386147305     6.063043732724706
-5.434210594752418     7.044297724833571
-5.386077750890106     7.891546174122275
-5.337944907027794     8.466174497486309
-5.289812063165481     8.698254102614069
-5.241679219303169     8.629203801857509
-5.193546375440857     8.373490376109764
-5.145413531578544     8.02321225541013
-5.097280687716232     7.577658621488058
-5.04914784385392     6.961624340334145
-5.001014999991607     6.115618049402702
-4.952882156129295     5.077133624058286
-4.904749312266983     3.9845154776821836
-4.85661646840467     3.005256896193907
-4.808483624542358     2.249614805013892
-4.760350780680046     1.7308644596366478
-4.7122179368177335     1.387623684401651
-4.664085092955421     1.1383036631206203
-4.615952249093109     0.9261883595451698
-4.5678194052307965     0.7334074771403299
-4.519686561368484     0.568627774609342
-4.471553717506172     0.44626143187215855
-4.42342087364386     0.3716634460807906
-4.375288029781547     0.33696506437451823
-4.327155185919235     0.325248069146112
-4.279022342056923     0.3186453162774916
-4.23088949819461     0.3059649336437197
-4.182756654332298     0.2860581349564935
-4.134623810469986     0.2652333084043601
-4.086490966607673     0.2506519562929761
-4.038358122745361     0.24440588519887474
-3.990225278883049     0.2422572321863446
-3.9420924350207365     0.237195547058151
-3.893959591158424     0.22434441225945556
-3.845826747296112     0.2033776950632784
-3.7976939034337995     0.17737756985035374
-3.749561059571487     0.15008121948310243
-3.701428215709175     0.12406862286864175
-3.6532953718468626     0.10072146336371893
-3.6051625279845503     0.08095949753744248
-3.557029684122238     0.06554755619167121
-3.5088968402599257     0.054800630262085474
-3.4607639963976133     0.04832717107801366
-3.412631152535301     0.04528892863983209
-3.3644983086729887     0.04499453859560787
-3.3163654648106764     0.04730040400870309
-3.268232620948364     0.05252921275736274
-3.2200997770860518     0.061083298314045104
-3.1719669332237395     0.07315016586289898
-3.123834089361427     0.08870114156567357
-3.075701245499115     0.10760256082469181
-3.0275684016368025     0.1294893053360057
-2.97943555777449     0.15328877510434374
-2.931302713912178     0.17673308846068495
-2.8831698700498656     0.19643243855109516
-2.8350370261875533     0.20882066295856683
-2.786904182325241     0.21164879845163678
-2.7387713384629286     0.2051678480178134
-2.6906384946006163     0.19218276897254905
-2.642505650738304     0.1768357872217851
-2.5943728068759917     0.16280862424564663
-2.5462399630136794     0.151971181478908
-2.498107119151367     0.14411808058027215
-2.4499742752890548     0.13770625027828134
-2.4018414314267424     0.13101001992174716
-2.35370858756443     0.12307743647784786
-2.305575743702118     0.1141323147167652
-2.2574428998398055     0.10537316344202646
-2.209310055977493     0.09836151056979006
-2.161177212115181     0.09433085169842567
-2.1130443682528686     0.09373590421306648
-2.0649115243905563     0.0961975025768003
-2.016778680528244     0.10078331461625023
-1.9686458366659316     0.10643545858240319
-1.9205129928036193     0.11236089281115869
-1.872380148941307     0.1182723785174876
-1.8242473050789947     0.12442530298076526
-1.7761144612166824     0.131438232448687
-1.72798161735437     0.1399576557721685
-1.6798487734920577     0.15030785211481493
-1.6317159296297454     0.16226477461162123
-1.5835830857674331     0.17499419181333264
-1.5354502419051208     0.18712557366032606
-1.4873173980428085     0.19698815638832748
-1.4391845541804962     0.20309085833755136
-1.3910517103181839     0.2047799181127807
-1.3429188664558716     0.202714656568349
-1.2947860225935592     0.19871814211065128
-1.246653178731247     0.19491832145337834
-1.1985203348689346     0.1926469750198726
-1.1503874910066223     0.1917933830905959
-1.10225464714431     0.19099332274270847
-1.0541218032819977     0.18846375218726397
-1.0059889594196854     0.18294041875836412
-0.957856115557373     0.17423849471669067
-0.9097232716950607     0.16327070754009976
-0.8615904278327484     0.15164547267248685
-0.8134575839704361     0.141084771127261
-0.7653247401081238     0.13287100931978396
-0.7171918962458115     0.1274451964349145
-0.6690590523834992     0.12421769289633988
-0.6209262085211869     0.12165438935838496
-0.5727933646588745     0.11771350243803305
-0.5246605207965622     0.11060717479201568
-0.4765276769342499     0.09961588405599416
-0.4283948330719376     0.085496259739296
-0.3802619892096253     0.0701698106988598
-0.33212914534731297     0.05584171803216066
-0.28399630148500066     0.04408917444714733
-0.23586345762268834     0.03542383622461347
-0.18773061376037603     0.029438383926533314
-0.13959776989806372     0.025273531049721097
-0.0914649260357514     0.02206292960600788
-0.04333208217343909     0.019178933215169856
0.004800761688873223     0.016291734193180314
0.052933605551185536     0.013328273897102463
0.10106644941349785     0.010393325668365837
0.14919929327581016     0.007676793889816173
0.19733213713812248     0.005363125023267305
0.2454649810004348     0.0035663441435387355
0.2935978248627471     0.0023090721160224075
0.3417306687250594     0.0015425543702590927
0.38986351258737173     0.0011853975482220443
0.43799635644968404     0.0011553724930137609
0.48612920031199636     0.0013794625921205676
0.5342620441743087     0.0017829308268251915
0.582394888036621     0.0022712477274987905
0.6305277318989333     0.0027242992790101313
0.6786605757612456     0.0030159166544662845
0.7267934196235579     0.0030539047768601293
0.7749262634858702     0.0028173479820971575
0.8230591073481826     0.0023651790020223526
0.8711919512104949     0.001808168786448507
0.9193247950728072     0.0012614797915923535
0.9674576389351195     0.0008055361182848189
1.0155904827974318     0.00047232964799067973
1.0637233266597441     0.00025497479428184043
1.1118561705220564     0.00012687665585444708
1.1599890143843687     5.8160682709403223e-05
1.208121858246681     2.44996233786492e-05
1.2562547021089934     9.446675401215667e-06
1.3043875459713057     3.3188740319987772e-06
1.352520389833618     1.0575121710910953e-06
1.4006532336959303     3.043310018442708e-07
1.4487860775582426     7.882247147375404e-08
1.496918921420555     1.8322588333167862e-08
1.5450517652828673     3.814447749092995e-09
1.5931846091451796     7.10075459845712e-10
1.6413174530074919     1.1819230903015501e-10
1.6894502968698042     1.8800197557028423e-11
1.7375831407321165     1.292657060459152e-11
1.7857159845944288     7.831144524629873e-11
1.8338488284567411     5.114557298705326e-10
1.8819816723190534     2.9864671961573116e-09
1.9301145161813658     1.5541998359723693e-08
1.978247360043678     7.210114015209667e-08
2.0263802039059904     2.98273979842697e-07
2.0745130477683027     1.10087135039837e-06
2.122645891630615     3.6273927431755457e-06
2.1707787354929273     1.0680332722054972e-05
2.2189115793552396     2.813486073996315e-05
2.267044423217552     6.641998304414113e-05
2.3151772670798643     0.00014083489078740348
2.3633101109421766     0.00026899253263324986
2.411442954804489     0.0004645204728105224
2.459575798666801     0.0007286597683007602
2.5077086425291135     0.0010441397813508737
2.555841486391426     0.0013760174687036746
2.603974330253738     0.0016808404128186788
2.6521071741160505     0.0019205675893103923
2.7002400179783628     0.0020747088690899534
2.748372861840675     0.0021448508817855454
2.7965057057029874     0.0021493851660441157
2.8446385495652997     0.002111346771938161
2.892771393427612     0.002046774449939689
2.9409042372899243     0.00196161952334964
2.9890370811522367     0.0018598481497418354
3.037169925014549     0.0017570450280561972
3.0853027688768613     0.0016892485703725634
3.1334356127391736     0.0017093371633056641
3.181568456601486     0.0018699234619639579
3.229701300463798     0.0021977363732810845
3.2778341443261105     0.0026689693597955443
3.325966988188423     0.0031985683257600324
3.374099832050735     0.003655690811395394
3.4222326759130475     0.003907572144804671
3.47036551977536     0.0038763613480412183
3.518498363637672     0.003579650424965908
3.5666312074999844     0.0031285257396229224
3.6147640513622967     0.002679066114193443
3.662896895224609     0.002361228998555547
3.7110297390869214     0.002223846965456357
3.7591625829492337     0.0022251314962405755
3.807295426811546     0.0022702651932947743
3.8554282706738583     0.002269820862200086
3.9035611145361706     0.002183365148192524
3.951693958398483     0.0020267774417276436
3.9998268022607952     0.001847519733060566
4.0479596461231075     0.0016902387807391642
4.09609248998542     0.0015748855128717419
4.144225333847732     0.001495364579820751
4.1923581777100445     0.001431793858865171
4.240491021572357     0.001364119966086431
4.288623865434669     0.0012795676070260606
4.336756709296981     0.0011738196171268978
4.384889553159294     0.0010490837118526603
4.433022397021606     0.0009111879465181923
4.481155240883918     0.0007666863515859207
4.529288084746231     0.0006212314400412906
4.577420928608543     0.0004800485096105398
4.625553772470855     0.00034933170483968904
4.673686616333168     0.00023623290779085232
4.72181946019548     0.00014669257976888053
4.769952304057792     8.285194557617324e-05
4.818085147920105     4.226521340258349e-05
4.866217991782417     1.937923269363454e-05
4.914350835644729     7.960653668093762e-06
4.9624836795070415     2.9234430805797693e-06
5.010616523369354     9.58470147480686e-07
5.058749367231666     2.80298286775348e-07
5.106882211093978     7.307671789109586e-08
5.155015054956291     1.697860066530976e-08
5.203147898818603     3.514736991519815e-09
5.251280742680915     6.481734417566411e-10
5.299413586543228     1.0647776323715822e-10
5.34754643040554     1.558015800478029e-11
5.395679274267852     2.0305557283462535e-12
5.443812118130165     2.357102965120356e-13
5.491944961992477     2.437006990679292e-14
5.540077805854789     2.244118511868821e-15
5.588210649717102     1.8405312809079542e-16
5.636343493579414     1.3444588257210554e-17
5.684476337441726     8.746972056216016e-19
5.7326091813040385     5.068428090604e-20
5.780742025166351     2.6157351298255345e-21
5.828874869028663     1.2023202389713454e-22
5.8770077128909755     4.937884382257655e-24
5.925140556753288     8.227644370846654e-25
5.9732734006156     2.3332005831770314e-23
6.021406244477912     7.5354833289469385e-22
6.069539088340225     2.1687958012470787e-20
6.117671932202537     5.561225506014324e-19
6.165804776064849     1.2704878666917227e-17
6.213937619927162     2.585965216281492e-16
6.262070463789474     4.689547338509543e-15
6.310203307651786     7.577032932654231e-14
6.358336151514099     1.0907652871547457e-12
6.406468995376411     1.399043288241668e-11
6.454601839238723     1.5988306830296406e-10
6.5027346831010355     1.6279796446713849e-09
6.550867526963348     1.4769787805335098e-08
6.59900037082566     1.1939382147013984e-07
6.6471332146879725     8.599539195886075e-07
6.695266058550285     5.5189637559810335e-06
6.743398902412597     3.1559645536574025e-05
6.791531746274909     0.00016080588830958515
6.839664590137222     0.0007300791255143927
6.887797433999534     0.0029535124868771546
6.935930277861846     0.01064660577794383
6.984063121724159     0.034197113714971424
7.032195965586471     0.09787594565193633
7.080328809448783     0.2496163665841848
7.128461653311096     0.5672616028381197
7.176594497173408     1.1487114302408445
7.22472734103572     2.0728297766231925
7.2728601848980325     3.333193799650906
7.320993028760345     4.776962312874479
7.369125872622657     6.103412739143028
7.4172587164849695     6.9581183973558804
7.465391560347282     7.094305922991159
7.513524404209594     6.508973188604783
7.561657248071906     5.460886277446158
7.609790091934219     4.35197364764165
7.657922935796531     3.5427502127608324
7.706055779658843     3.2053301297780306
7.754188623521156     3.2815962515383434
7.802321467383468     3.5510874249467834
7.85045431124578     3.7641393620925614
7.898587155108093     3.7725084258198924
7.946719998970405     3.59273072405076
7.994852842832717     3.3708110537116247
8.04298568669503     3.2726136966604713
8.091118530557342     3.370985627087352
8.139251374419654     3.603279136886653
8.187384218281966     3.825124376647888
8.235517062144279     3.9188770927043537
8.283649906006591     3.875765803006543
8.331782749868903     3.7902732578381175
8.379915593731216     3.7723181957389897
8.428048437593528     3.8469782744352248
8.47618128145584     3.9210091545454917
8.524314125318153     3.841646313769503
8.572446969180465     3.5006842251874692
8.620579813042777     2.9055807335145394
8.66871265690509     2.1718282793641586
8.716845500767402     1.4538138785794192
8.764978344629714     0.8700871917160216
8.813111188492027     0.468483207171516
8.861244032354339     0.23799463107913432
8.909376876216651     0.1448269073646036
8.957509720078964     0.1662318815792117
9.005642563941276     0.30731580058739916
9.053775407803588     0.5966364775218744
9.1019082516659     1.061697711774804
9.150041095528213     1.692238794391863
9.198173939390525     2.411187641631757
9.246306783252837     3.0803304173805115
9.29443962711515     3.553799417790228
9.342572470977462     3.7565695161568486
9.390705314839774     3.734089160813872
9.438838158702087     3.6274727719883906
9.486971002564399     3.580472899332605
9.535103846426711     3.6404210113051243
9.583236690289024     3.7255982284837934
9.631369534151336     3.6833557240512453
9.679502378013648     3.3952141431211658
9.72763522187596     2.853195953068838
9.775768065738273     2.1597613992858635
9.823900909600585     1.4638426957906963
9.872033753462897     0.8858464699737891
9.92016659732521     0.4779879947018096
9.968299441187522     0.2298264011482873
10.016432285049834     0.09844239402168778
10.064565128912147     0.03755829965245294
10.112697972774459     0.012762756389714806
10.160830816636771     0.0038626513431485486
10.208963660499084     0.0010411740108831717
10.257096504361396     0.00024995123269146906
10.305229348223708     5.344169058130114e-05
10.35336219208602     1.0176477473481508e-05
10.40149503594833     1.7258653412023602e-06
10.449627879810642     2.6068117260750504e-07
10.497760723672954     3.5074231368901256e-08
10.545893567535266     4.25445979226967e-09
10.594026411397579     8.089715851662207e-10
10.642159255259891     2.228382358379514e-09
10.690292099122203     1.1830219690953195e-08
10.738424942984516     5.714205997531914e-08
10.786557786846828     2.465871298864421e-07
10.83469063070914     9.50624855505729e-07
10.882823474571452     3.2748796778494238e-06
10.930956318433765     1.0085532267661403e-05
10.979089162296077     2.778222244452239e-05
11.02722200615839     6.851437610709469e-05
11.075354850020702     0.00015148078824388394
11.123487693883014     0.00030095926762528955
11.171620537745326     0.0005394033401279513
11.219753381607639     0.0008776674787011019
11.267886225469951     0.0013094824824845057
11.316019069332263     0.001817881852878857
11.364151913194576     0.0023923001228496736
11.412284757056888     0.003040884187772604
11.4604176009192     0.0037783604030812963
11.508550444781513     0.004587468329789299
11.556683288643825     0.005381751692135745
11.604816132506137     0.006010102968233984
11.65294897636845     0.0063189303736761165
11.701081820230762     0.006241813029697962
11.749214664093074     0.0058597048652666225
11.797347507955386     0.0053921383924019385
11.845480351817699     0.005125189757421007
11.893613195680011     0.0053161901600644185
11.941746039542323     0.0061169647671047486
11.989878883404636     0.007540623193566961
12.038011727266948     0.009489055878908116
12.08614457112926     0.01186354432880135
12.134277414991573     0.014766938510037842
12.182410258853885     0.01873607113190979
12.230543102716197     0.024836998025271353
12.27867594657851     0.03441564180077965
12.326808790440822     0.048438823018980046
12.374941634303134     0.06667340670294819
12.423074478165447     0.08721591997122957
12.471207322027759     0.1068109493480622
12.519340165890071     0.12192422293046684
12.567473009752383     0.13000254257760369
12.615605853614696     0.13023447880283992
12.663738697477008     0.12353658801015616
12.71187154133932     0.1120194104100733
12.760004385201633     0.09835042285075263
12.808137229063945     0.08520426291302666
12.856270072926257     0.07476338588197215
12.90440291678857     0.06827802977443195
12.952535760650882     0.06586863783843461
13.000668604513194     0.06674164361955554
13.048801448375507     0.06971800652879641
13.096934292237819     0.07371355108039816
13.145067136100131     0.07788396721647434
13.193199979962444     0.08153817797420432
13.241332823824756     0.08420846892014144
13.289465667687068     0.08605757045820484
13.33759851154938     0.0882699938262114
13.385731355411693     0.09283984992708161
13.433864199274005     0.1015889030018398
13.481997043136317     0.11495538683117772
13.53012988699863     0.13138502401318441
13.578262730860942     0.14776627690181948
13.626395574723254     0.16066451117979313
13.674528418585567     0.16767568315645753
13.722661262447879     0.1682587702400461
13.770794106310191     0.16375831667374868
13.818926950172504     0.15671102179672314
13.867059794034816     0.14976781544496673
13.915192637897128     0.1446575646931061
13.96332548175944     0.14163033558238136
14.011458325621753     0.13968643712132073
14.059591169484065     0.13751242970747699
14.107724013346377     0.13456006892861921
14.15585685720869     0.1315554859508079
14.203989701071002     0.13013415834030487
14.252122544933314     0.1319099130691945
14.300255388795627     0.1375669600029009
14.348388232657939     0.14640978771627677
14.396521076520251     0.1565135004435486
14.444653920382564     0.1653713700101268
14.492786764244876     0.17070199030416677
14.540919608107188     0.17096181068847993
14.5890524519695     0.165363046012446
14.637185295831813     0.15370970062039008
14.685318139694125     0.1365561013190083
14.733450983556438     0.11574076767125593
14.78158382741875     0.09473317762063332
14.829716671281062     0.07818705297749912
14.877849515143375     0.0706864598512244
14.925982359005687     0.07527408580206368
14.974115202868     0.09245609354566894
15.022248046730311     0.12006165956994559
15.070380890592624     0.15393028466192865
15.118513734454936     0.18907811794410717
15.166646578317248     0.2208185206071152
15.21477942217956     0.2454034518431075
15.262912266041873     0.2601396464715241
15.311045109904185     0.26334394289314617
15.359177953766498     0.25454651978460363
15.40731079762881     0.2349520223884381
15.455443641491122     0.2076962142461526
15.503576485353435     0.17737299752947747
15.551709329215747     0.1487840298355392
15.59984217307806     0.12550122766108918
15.647975016940372     0.10906312022969011
15.696107860802684     0.0992226044253233
15.744240704664996     0.09494814011948034
15.792373548527308     0.09540093603710692
15.84050639238962     0.10018495866420044
15.888639236251933     0.10873285184648207
15.936772080114245     0.11940393714672615
15.984904923976558     0.1292267273351323
16.03303776783887     0.13482060053674938
16.081170611701182     0.13403793272462478
16.129303455563495     0.12710479312071693
16.177436299425807     0.11630998146842958
16.22556914328812     0.1044630277063743
16.27370198715043     0.09333455049663526
16.321834831012744     0.083181030236365
16.369967674875056     0.0734347167585864
16.41810051873737     0.06374411761013178
16.46623336259968     0.05451943045906034
16.514366206461993     0.046756511835215744
16.562499050324305     0.04146734988316837
16.610631894186618     0.03915720557208648
16.65876473804893     0.03966238523129311
16.706897581911242     0.042656701807365624
16.755030425773555     0.049354182292078025
16.803163269635867     0.06623787176692317
16.85129611349818     0.11169863251660161
16.89942895736049     0.22549334068542676
16.947561801222804     0.47772825448792516
16.995694645085116     0.9685891001231831
17.04382748894743     1.8061906487483284
17.09196033280974     3.055855880070353
17.140093176672053     4.675128494913684
17.188226020534366     6.47520881430722
17.236358864396678     8.154543318898924
17.28449170825899     9.412212483865526
17.332624552121302     10.083980018434714
17.380757395983615     10.209176999319968
17.428890239845927     9.977444074186089
17.47702308370824     9.595814534812687
17.52515592757055     9.175372712692742
17.573288771432864     8.707714436946908
17.621421615295176     8.120116266733358
17.66955445915749     7.347681206181198
17.7176873030198     6.376242515783912
17.765820146882113     5.252144833066763
17.813952990744426     4.073667362650511
17.862085834606738     2.970928064782817
17.91021867846905     2.074982711166527
17.958351522331363     1.483500727252788
18.006484366193675     1.2355814721949425
18.054617210055987     1.3026371437049573
18.1027500539183     1.59544642227919
18.150882897780612     1.9888185526613436
18.199015741642924     2.366629012112182
18.247148585505236     2.6777761287462223
18.29528142936755     2.9727100289297765
18.34341427322986     3.3848753285132056
18.391547117092173     4.049212374870651
18.439679960954486     4.997585087739196
18.487812804816798     6.10037080612245
18.53594564867911     7.1031099248280505
18.584078492541423     7.743745618590902
18.632211336403735     7.876273623126821
18.680344180266047     7.521371216446898
18.72847702412836     6.820799388065694
18.776609867990672     5.9421358633072465
18.824742711852984     5.005293964527443
18.872875555715297     4.068945490047418
18.92100839957761     3.16173286963185
18.96914124343992     2.3164589038478796
19.017274087302233     1.5782831498381795
19.065406931164546     0.9884063586602418
19.113539775026858     0.5638862019433044
19.16167261888917     0.29115599530443326
19.209805462751483     0.13543620085694688
19.257938306613795     0.056586264567933545
19.306071150476107     0.021260390544964692
19.35420399433842     0.007500440359299767
19.402336838200732     0.003765044228060271
19.450469682063044     0.006376049447015638
19.498602525925357     0.01845422199957952
19.54673536978767     0.051701574219356235
19.59486821364998     0.13057890559540003
19.643001057512294     0.2960915212103812
19.691133901374606     0.6038307196425097
19.739266745236918     1.1105502842784114
19.78739958909923     1.848617921811651
19.835532432961543     2.7978196827946054
19.883665276823855     3.8720717036905654
19.931798120686167     4.934906684354245
19.97993096454848     5.840578140092321
20.028063808410792     6.47923623376389
20.076196652273104     6.80100962768627
20.124329496135417     6.809115341868597
20.17246233999773     6.533828080724976
20.22059518386004     6.01009745391576
20.268728027722354     5.274548130451392
20.316860871584666     4.379225326998219
20.36499371544698     3.4043074717358195
20.41312655930929     2.452276584717985
20.461259403171603     1.621809373207007
20.509392247033915     0.9772586720903724
20.557525090896227     0.5333709144992946
20.60565793475854     0.26262064241745964
20.653790778620852     0.11685555774685996
20.701923622483164     0.04905836644940913
20.750056466345477     0.02650016561176223
20.79818931020779     0.03537342738223996
20.8463221540701     0.08152299777250865
20.894454997932414     0.1904062830865957
20.942587841794726     0.40468384559034853
20.99072068565704     0.7741689234249367
21.03885352951935     1.3343259235855751
21.086986373381663     2.0776327321480217
21.135119217243975     2.932690777641243
21.183252061106288     3.769488994951291
21.2313849049686     4.438356532301814
21.279517748830912     4.828469148588747
21.327650592693224     4.91401112678766
21.375783436555537     4.757679086458749
21.42391628041785     4.465775237891203
21.47204912428016     4.122723241231897
21.520181968142474     3.7500113356336993
21.568314812004783     3.317492205904041
