-21.6347105902409     1.1555731989444905e-05
-21.586577685706605     1.7434590960064974e-05
-21.53844478117231     2.533540356858988e-05
-21.490311876638014     3.5864795332901874e-05
-21.44217897210372     4.9604990390816336e-05
-21.394046067569423     6.667497490192428e-05
-21.345913163035124     8.637878813419166e-05
-21.29778025850083     0.00010741235597802758
-21.249647353966534     0.00012871594756723372
-21.20151444943224     0.0001503322947042726
-21.153381544897943     0.0001733149913265511
-21.105248640363648     0.0001983884020231249
-21.057115735829353     0.00022426955797220162
-21.008982831295057     0.0002471710365684095
-20.960849926760762     0.00026228347676227157
-20.912717022226467     0.0002664804574812565
-20.86458411769217     0.00026038983428563366
-20.816451213157873     0.00024828680575313643
-20.768318308623577     0.0002358133378915529
-20.720185404089282     0.0002271379248558796
-20.672052499554987     0.00022352736326857552
-20.62391959502069     0.000224048706436299
-20.575786690486396     0.00022731857723986833
-20.5276537859521     0.00023253759081843852
-20.479520881417805     0.00023911442492243802
-20.43138797688351     0.0002458056946809164
-20.383255072349215     0.0002507107111753823
-20.33512216781492     0.0002523359842161771
-20.286989263280624     0.0002507060598069345
-20.238856358746325     0.0002475152066849547
-20.19072345421203     0.0002453165272980487
-20.142590549677735     0.0002464221101283516
-20.09445764514344     0.00025197757615465547
-20.046324740609144     0.00026128018572300356
-19.99819183607485     0.0002715547889470372
-19.950058931540553     0.00027872088350123836
-19.901926027006258     0.00027929643944969447
-19.853793122471963     0.00027249879970550503
-19.805660217937668     0.00026095941742060064
-19.757527313403372     0.0002492061918686853
-19.709394408869073     0.0002407292303691194
-19.661261504334778     0.00023561171983691156
-19.613128599800483     0.00023040541790364112
-19.564995695266187     0.00022041711502661496
-19.516862790731892     0.0002029632293136895
-19.468729886197597     0.00017954626377878413
-19.4205969816633     0.00015566893446651553
-19.372464077129006     0.00013852178969142
-19.32433117259471     0.00013397446388771524
-19.276198268060416     0.00014446689622296785
-19.22806536352612     0.00016862543705580674
-19.17993245899182     0.0002023219541773878
-19.131799554457526     0.00024013609189545658
-19.08366664992323     0.0002762690239660561
-19.035533745388936     0.0003048472487428192
-18.98740084085464     0.0003204163635918654
-18.939267936320345     0.0003192605819112743
-18.89113503178605     0.000301072742501791
-18.843002127251754     0.0002697762104512026
-18.79486922271746     0.00023294888813128587
-18.746736318183164     0.00020052234946380248
-18.69860341364887     0.00018356328551010745
-18.65047050911457     0.0001927213593203268
-18.602337604580274     0.00023505196859792383
-18.55420470004598     0.0003091155914867464
-18.506071795511684     0.00040102069515899756
-18.45793889097739     0.0004856421807237668
-18.409805986443093     0.0005350271797875231
-18.361673081908798     0.000530667552295859
-18.313540177374502     0.00047226297713621996
-18.265407272840207     0.00037712174040707377
-18.21727436830591     0.00027082495567532536
-18.169141463771616     0.000175641267590533
-18.121008559237318     0.00010351741351713593
-18.072875654703022     5.590562536967498e-05
-18.024742750168727     2.7935600728680466e-05
-17.97660984563443     1.3036968597680918e-05
-17.928476941100136     5.718652663274791e-06
-17.88034403656584     2.3606361451564873e-06
-17.832211132031546     9.129192914448147e-07
-17.78407822749725     3.279520010723189e-07
-17.735945322962955     1.0836109482397159e-07
-17.68781241842866     3.263377009386241e-08
-17.639679513894365     8.892498197026333e-09
-17.591546609360066     2.180840981500622e-09
-17.54341370482577     4.795862414305916e-10
-17.495280800291475     9.433808990746085e-11
-17.44714789575718     1.657271361655989e-11
-17.399014991222884     2.5974313765825255e-12
-17.35088208668859     3.6295955718129934e-13
-17.302749182154294     4.520220347515057e-14
-17.25461627762     5.015768149182828e-15
-17.206483373085703     4.95818188826601e-16
-17.158350468551408     4.36587476978269e-17
-17.110217564017113     3.4241820557397103e-18
-17.062084659482814     2.3920060754076215e-19
-17.013951754948522     1.4882538897091332e-20
-16.965818850414223     8.246971886281756e-22
-16.917685945879928     4.0701521025728415e-23
-16.869553041345632     1.789051501979872e-24
-16.821420136811337     7.003732159425119e-26
-16.773287232277042     2.441910277258627e-27
-16.725154327742747     7.58268024525614e-29
-16.67702142320845     2.0970474707136535e-30
-16.628888518674156     5.16518663382499e-32
-16.58075561413986     1.1330677079999137e-33
-16.532622709605562     2.2136945695361386e-35
-16.48448980507127     3.8518686712126165e-37
-16.43635690053697     5.969213897324248e-39
-16.388223996002676     8.238624075238064e-41
-16.34009109146838     1.012707655369912e-42
-16.291958186934085     1.1086778003660411e-44
-16.24382528239979     1.0809824948495127e-46
-16.195692377865495     9.464786092693825e-49
-16.1475594733312     1.0683958487205461e-48
-16.099426568796904     1.2880315303569432e-46
-16.05129366426261     1.3924531911870587e-44
-16.00316075972831     1.3407122513445904e-42
-15.955027855194016     1.1497231090165583e-40
-15.90689495065972     8.781245640536256e-39
-15.858762046125424     5.973477179103786e-37
-15.810629141591129     3.6191804116141117e-35
-15.762496237056833     1.9530338247047033e-33
-15.714363332522538     9.387099198996952e-32
-15.666230427988243     4.018667071745886e-30
-15.618097523453947     1.5323926029966354e-28
-15.569964618919652     5.204820763760138e-27
-15.521831714385355     1.5747146076879764e-25
-15.47369880985106     4.243984047508342e-24
-15.425565905316764     1.018920619018495e-22
-15.377433000782467     2.179339005940275e-21
-15.329300096248172     4.1529363938814797e-20
-15.281167191713877     7.051251562303544e-19
-15.233034287179581     1.0668403793348446e-17
-15.184901382645286     1.4384866780475765e-16
-15.13676847811099     1.7288090825963122e-15
-15.088635573576695     1.8522409589626174e-14
-15.0405026690424     1.769484801924915e-13
-14.992369764508103     1.5076569997150265e-12
-14.944236859973808     1.1460213823264586e-11
-14.896103955439512     7.77443926192743e-11
-14.847971050905215     4.708796004850117e-10
-14.79983814637092     2.5475490603247874e-09
-14.751705241836625     1.2318155042797372e-08
-14.70357233730233     5.326595032863346e-08
-14.655439432768034     2.0612757076363835e-07
-14.607306528233739     7.143880548250851e-07
-14.559173623699444     2.219193622040307e-06
-14.511040719165148     6.184202897733461e-06
-14.462907814630851     1.5472759119957223e-05
-14.414774910096556     3.478646425579686e-05
-14.36664200556226     7.033470210142425e-05
-14.318509101027963     0.0001280038320541078
-14.270376196493668     0.00020991384435915618
-14.222243291959373     0.0003107210861622947
-14.174110387425078     0.00041651307234288264
-14.125977482890782     0.0005089582334011589
-14.077844578356487     0.000574392850906473
-14.029711673822192     0.0006130012227762214
-13.981578769287896     0.0006408796148163928
-13.9334458647536     0.0006809170705170543
-13.885312960219304     0.0007463151311616114
-13.837180055685009     0.000827558983941644
-13.789047151150712     0.0008932976561219547
-13.740914246616416     0.0009067470071865738
-13.692781342082121     0.0008484664080612638
-13.644648437547826     0.0007332993002997524
-13.59651553301353     0.0006179015345956306
-13.548382628479235     0.0006088942423276082
-13.50024972394494     0.0008861492383004751
-13.452116819410643     0.0017389345034008658
-13.403983914876347     0.0035758270324219707
-13.355851010342052     0.0068375883996240885
-13.307718105807757     0.011763349529192463
-13.259585201273461     0.018068573542770222
-13.211452296739166     0.024742587100256862
-13.163319392204869     0.03021987404002666
-13.115186487670574     0.032996401239882935
-13.067053583136278     0.032423037130784926
-13.018920678601983     0.029196302370719993
-12.970787774067688     0.025211015144616742
-12.92265486953339     0.022840752852722208
-12.874521964999095     0.024026387539044507
-12.8263890604648     0.02956277832859832
-12.778256155930505     0.038786424434973
-12.73012325139621     0.04971126321810059
-12.681990346861914     0.05959081007681906
-12.633857442327617     0.06578665527766553
-12.585724537793322     0.06665518305212699
-12.537591633259026     0.062076292271290454
-12.489458728724731     0.05339948619224726
-12.441325824190436     0.04290733566261591
-12.39319291965614     0.03313026044186717
-12.345060015121843     0.026305239990313933
-12.296927110587548     0.02404634059313884
-12.248794206053253     0.027152735062081837
-12.200661301518958     0.03557818786164423
-12.152528396984662     0.048784150759592464
-12.104395492450365     0.06663344019127138
-12.05626258791607     0.09043273906292536
-12.008129683381775     0.12305519809452267
-11.95999677884748     0.16716730511646172
-11.911863874313184     0.22202520942429724
-11.863730969778889     0.28127597437947743
-11.815598065244592     0.33463883645659664
-11.767465160710296     0.37391792956944553
-11.719332256176001     0.39993282560263005
-11.671199351641706     0.42518434456820003
-11.62306644710741     0.469599804546292
-11.574933542573113     0.551676496772005
-11.526800638038818     0.6803390238841431
-11.478667733504523     0.8513269425332958
-11.430534828970227     1.0479857354293052
-11.382401924435932     1.2442962200558616
-11.334269019901637     1.409518314213497
-11.28613611536734     1.5158660879664443
-11.238003210833044     1.549091909855464
-11.189870306298749     1.5172326229434143
-11.141737401764454     1.450420860590698
-11.093604497230158     1.3887584237456032
-11.045471592695861     1.3634978537169653
-10.997338688161566     1.382266158733884
-10.94920578362727     1.4269143988175335
-10.901072879092975     1.464370523088845
-10.85293997455868     1.4630268998967733
-10.804807070024385     1.4053251152107116
-10.756674165490088     1.2915890409823783
-10.708541260955792     1.1362590783156836
-10.660408356421497     0.9608377111802343
-10.612275451887202     0.7871700325832665
-10.564142547352906     0.6325087451560018
-10.51600964281861     0.5065483324534074
-10.467876738284314     0.4106163482474758
-10.419743833750019     0.33930607935693846
-10.371610929215723     0.2840899393634313
-10.323478024681428     0.23729975907169687
-10.275345120147133     0.19456781458382114
-10.227212215612836     0.1549343326710272
-10.17907931107854     0.11940788553994829
-10.130946406544245     0.08942033462962812
-10.08281350200995     0.06601733793027242
-10.034680597475655     0.04967215603113414
-9.98654769294136     0.04025290891045508
-9.938414788407062     0.036956792572822326
-9.890281883872767     0.038352573954262
-9.842148979338472     0.04264801304803573
-9.794016074804176     0.04807284566144433
-9.745883170269881     0.05318104279748428
-9.697750265735584     0.05699888273354334
-9.649617361201289     0.05906733849796338
-9.601484456666993     0.059403100874874874
-9.553351552132698     0.0583456875447809
-9.505218647598403     0.05633014486326708
-9.457085743064107     0.05375612377808772
-9.40895283852981     0.051096481003360304
-9.360819933995515     0.049162777643915176
-9.31268702946122     0.04924437958086529
-9.264554124926924     0.05287282037623295
-9.216421220392629     0.06120073038699208
-9.168288315858332     0.07424397984183796
-9.120155411324037     0.09038950488439079
-9.072022506789741     0.10655876205982258
-9.023889602255446     0.11916767628419343
-8.97575669772115     0.1255546896050766
-8.927623793186855     0.1251309596562279
-8.879490888652558     0.11954296202482642
-8.831357984118263     0.11173076814664426
-8.783225079583968     0.10450043703263084
-8.735092175049672     0.09953055748257207
-8.686959270515377     0.09743597473216775
-8.63882636598108     0.09897920225437952
-8.590693461446785     0.10718322227771386
-8.54256055691249     0.12996176185303732
-8.494427652378194     0.182517858134446
-8.446294747843899     0.28784062190455056
-8.398161843309603     0.47265669140273836
-8.350028938775306     0.7568389420103121
-8.301896034241011     1.1383728517308693
-8.253763129706716     1.5827733358459415
-8.20563022517242     2.029725510072151
-8.157497320638125     2.4230357073812407
-8.10936441610383     2.751904109174405
-8.061231511569533     3.074713990320412
-8.013098607035237     3.499772132552385
-7.964965702500942     4.125970895085005
-7.916832797966647     4.979951108644112
-7.8686998934323515     5.993613691676135
-7.8205669888980545     7.03554906957467
-7.772434084363759     7.967069482398186
-7.724301179829464     8.678298676927824
-7.6761682752951685     9.087283088059243
-7.628035370760873     9.127016748365673
-7.579902466226578     8.75673582910397
-7.531769561692281     8.000910085859735
-7.4836366571579855     6.9768568753981866
-7.43550375262369     5.868560773730091
-7.387370848089395     4.84934809205811
-7.3392379435551     4.006078241795083
-7.2911050390208025     3.3209931132944206
-7.242972134486507     2.7197495680563484
-7.194839229952212     2.1419014426736913
-7.146706325417917     1.5805764777654452
-7.098573420883621     1.072859858436462
-7.050440516349326     0.6629046805377485
-7.002307611815029     0.3716508869760519
-6.954174707280734     0.19007094764603008
-6.906041802746438     0.09062469467869964
-6.857908898212143     0.04267112121923462
-6.809775993677848     0.02217203811675603
-6.761643089143551     0.014189623902821899
-6.713510184609255     0.011143599713460753
-6.66537728007496     0.009959672797222579
-6.617244375540665     0.009723539707171717
-6.569111471006369     0.010230384185345569
-6.520978566472074     0.011300689627891764
-6.472845661937777     0.012607876731933951
-6.424712757403482     0.013763848212423786
-6.376579852869186     0.014460257016227112
-6.328446948334891     0.01455125996228622
-6.280314043800596     0.014052649818713386
-6.232181139266299     0.01308779485037826
-6.184048234732003     0.011826702989085574
-6.135915330197708     0.010453671953504978
-6.087782425663413     0.009173136240778819
-6.0396495211291175     0.008232628496118942
-5.991516616594822     0.007923243531095938
-5.943383712060525     0.008529108211730715
-5.89525080752623     0.010235951490255277
-5.8471179029919345     0.01304449118953125
-5.798984998457639     0.016732205696891784
-5.750852093923344     0.02086959205528794
-5.7027191893890485     0.0248704669647723
-5.6545862848547515     0.028073756468042468
-5.606453380320456     0.02988191846854245
-5.558320475786161     0.029954543358501555
-5.5101875712518655     0.02838111342141769
-5.46205466671757     0.025723760406221537
-5.413921762183275     0.022887168868482487
-5.36578885764898     0.02088305681412092
-5.317655953114684     0.020613643122804746
-5.2695230485803854     0.022775456715320976
-5.22139014404609     0.027914839761738978
-5.173257239511795     0.03656284196250153
-5.1251243349774995     0.04925612603365511
-5.076991430443204     0.06622627497516025
-5.028858525908909     0.08676203250656943
-4.980725621374614     0.10864645139440068
-4.932592716840318     0.12826040926803886
-4.884459812306023     0.14159580619228354
-4.836326907771728     0.145735497049124
-4.788194003237432     0.13996301199445327
-4.7400610987031335     0.1259386178670083
-4.691928194168838     0.1070133654014936
-4.643795289634543     0.08715747404860531
-4.595662385100248     0.06994259151007297
-4.547529480565952     0.05780109993117561
-4.499396576031657     0.05167066925526599
-4.451263671497362     0.05110503327470755
-4.403130766963066     0.054824440319604414
-4.354997862428771     0.06145513312255133
-4.306864957894476     0.07004127163065264
-4.2587320533601805     0.08002409175614097
-4.210599148825882     0.09078530673201494
-4.162466244291586     0.10124397285068859
-4.114333339757291     0.10998023703052764
-4.066200435222996     0.11587534904038288
-4.0180675306887     0.11875372135065577
-3.969934626154405     0.11951673897318363
-3.9218017216201098     0.11975142567630193
-3.8736688170858145     0.1212033107773845
-3.825535912551519     0.12538698721565658
-3.777403008017224     0.13322120922315303
-3.7292701034829285     0.1445194829214756
-3.6811371989486297     0.15759056813673827
-3.6330042944143344     0.16955391396007116
-3.584871389880039     0.1776463530338356
-3.5367384853457438     0.18092832117008154
-3.4886055808114484     0.18126342309793284
-3.440472676277153     0.18292232535193825
-3.392339771742858     0.19127917196808975
-3.3442068672085625     0.21169457941158434
-3.296073962674267     0.249181429198213
-3.247941058139972     0.30848926256306425
-3.1998081536056766     0.39403921311717816
-3.1516752490713813     0.5099157260749098
-3.1035423445370824     0.6605989586274154
-3.055409440002787     0.852033922701432
-3.007276535468492     1.090798454418503
-2.9591436309341965     1.379337172347246
-2.911010726399901     1.7089903743655135
-2.862877821865606     2.05700080127315
-2.8147449173313106     2.3932552561982665
-2.7666120127970153     2.6952214214554133
-2.71847910826272     2.961002324074726
-2.6703462037284247     3.2095175907371143
-2.6222132991941294     3.4661427674837713
-2.5740803946598305     3.7440503781740495
-2.525947490125535     4.035045118933087
-2.47781458559124     4.315550285798518
-2.4296816810569446     4.561147299199151
-2.3815487765226493     4.757521773820736
-2.333415871988354     4.900693288420829
-2.2852829674540587     4.989221018160372
-2.2371500629197634     5.016789267925473
-2.189017158385468     4.97152157709776
-2.1408842538511728     4.84214480700263
-2.0927513493168775     4.626560991219093
-2.0446184447825786     4.337851669422807
-1.9964855402482833     4.00455782442842
-1.948352635713988     3.66423504843278
-1.9002197311796927     3.3518445292349495
-1.8520868266453974     3.0877848034745736
-1.803953922111102     2.8721603018486555
-1.7558210175768068     2.68924462599737
-1.7076881130425114     2.5196219004435316
-1.6595552085082161     2.352155226898063
-1.6114223039739208     2.188351425089998
-1.5632893994396255     2.037476361254632
-1.5151564949053267     1.9072062235691143
-1.4670235903710314     1.7969834000830995
-1.418890685836736     1.6983229348408733
-1.3707577813024407     1.6007418239732634
-1.3226248767681454     1.498215186612819
-1.2744919722338501     1.391785815415175
-1.2263590676995548     1.287762055698676
-1.1782261631652595     1.1939822982128003
-1.1300932586309642     1.1167092342447653
-1.081960354096669     1.0590494744170278
-1.0338274495623736     1.0206601541085885
-0.9856945450280747     0.9984830318961018
-0.9375616404937794     0.9883499198850466
-0.8894287359594841     0.9868963065725282
-0.8412958314251888     0.9927773957931094
-0.7931629268908935     1.006399379516314
-0.7450300223565982     1.0282772337934374
-0.6968971178223029     1.05707569049113
-0.6487642132880076     1.0886624030847345
-0.6006313087537123     1.1168401512728476
-0.552498404219417     1.1352715884835527
-0.5043654996851217     1.1393394250122144
-0.4562325951508228     1.1268803533940615
-0.4080996906165275     1.097642699036654
-0.3599667860822322     1.0521258294904976
-0.3118338815479369     0.9906338721866412
-0.2637009770136416     0.9131273471266335
-0.21556807247934628     0.8201783759631895
-0.16743516794505098     0.7148847946142697
-0.11930226341075567     0.604674087228079
-0.07116935887646036     0.5011196851349808
-0.023036454342165058     0.41651701682138037
0.02509645019213025     0.3583265376732471
0.07322935472642911     0.32491452919193214
0.12136225926072441     0.30592444808399566
0.16949516379501972     0.2876641414539862
0.21762806832931503     0.26033944438505585
0.26576097286361033     0.22270518478004045
0.31389387739790564     0.181657015169065
0.36202678193220095     0.14768902395600453
0.41015968646649625     0.12932722535708324
0.45829259100079156     0.12941232852537066
0.5064254955350869     0.14435942874699767
0.5545584000693822     0.1659229614886885
0.602691304603681     0.18432488819826812
0.6508242091379763     0.19156201991264155
0.6989571136722716     0.18382292123665767
0.747090018206567     0.16221303717822552
0.7952229227408623     0.13161472319663609
0.8433558272751576     0.09835344513138769
0.8914887318094529     0.06786401820496842
0.9396216363437482     0.04334879462638143
0.9877545408780435     0.025679317856723442
1.0358874454123388     0.01411102334050372
1.084020349946634     0.007180042501735649
1.1321532544809294     0.003370422052378114
1.1802861590152283     0.001452293791671936
1.2284190635495236     0.0005712691459084726
1.2765519680838189     0.00020404926952128283
1.3246848726181142     6.58741570283448e-05
1.3728177771524095     1.9148082238849103e-05
1.4209506816867048     4.996601081296136e-06
1.469083586221      1.1678601882510219e-06
1.5172164907552954     2.440977978367451e-07
1.5653493952895907     4.5602187806786485e-08
1.613482299823886     7.945440749232577e-09
1.6616152043581813     4.408852029361778e-09
1.7097481088924802     2.7243326199298107e-08
1.7578810134267755     1.993288363537903e-07
1.8060139179610708     1.3061769080186097e-06
1.854146822495366     7.626534517985934e-06
1.9022797270296614     3.9680239911130675e-05
1.9504126315639567     0.0001840067377393789
1.998545536098252     0.0007607352196496058
2.0466784406325473     0.002805134671952249
2.0948113451668426     0.00923098669123609
2.142944249701138     0.02713160129863481
2.1910771542354333     0.07130887804652192
2.239210058769732     0.16787010701959945
2.2873429633040274     0.3548035256827021
2.3354758678383227     0.6755192303042091
2.383608772372618     1.1640383256620443
2.4317416769069133     1.8273518078440325
2.4798745814412086     2.6367337259863324
2.528007485975504     3.5376994856145227
2.5761403905097993     4.475565714078583
2.6242732950440946     5.419317782618221
2.67240619957839     6.364530387936017
2.720539104112685     7.310550272909228
2.768672008646984     8.227327869576964
2.8168049131812793     9.037585572103108
2.8649378177155747     9.632711182396525
2.91307072224987     9.920073491829013
2.9612036267841653     9.878321639591508
3.0093365313184606     9.590087189245963
3.057469435852756     9.233293798742947
3.105602340387051     9.032535155478637
3.1537352449213465     9.18552842715898
3.201868149455642     9.784058601178787
3.250001053989937     10.75368846600814
3.298133958524236     11.843442952566456
3.3462668630585313     12.690585299707047
3.3943997675928266     12.95401423258434
3.442532672127122     12.465401530087636
3.490665576661417     11.322098546120474
3.5387984811957125     9.863702611532721
3.586931385730008     8.53059716051257
3.635064290264303     7.6684629486395774
3.6831971947985984     7.379634411913192
3.7313300993328937     7.502933499737539
3.779463003867189     7.7315145916688275
3.827595908401488     7.794969901440336
3.875728812935783     7.595117636199603
3.9238617174700785     7.2224163340644125
3.971994622004374     6.8627191326796515
4.020127526538669     6.669605632456252
4.068260431072964     6.682985193200365
4.11639333560726     6.827621056233089
4.164526240141555     6.969135756490763
4.21265914467585     6.980230998309747
4.260792049210146     6.7833567567195425
4.308924953744441     6.363064010183974
4.35705785827874     5.755749413331902
4.405190762813035     5.025540635464201
4.45332366734733     4.23683969742846
4.501456571881626     3.4378269047825114
4.549589476415921     2.662857107750818
4.597722380950216     1.945067782664214
4.645855285484512     1.3217714968931877
4.693988190018807     0.8253307480116746
4.742121094553102     0.4688601634879712
4.790253999087398     0.24057869345537303
4.838386903621693     0.11094447121694652
4.886519808155992     0.04583066385571226
4.934652712690287     0.016923204802373717
4.982785617224582     0.0055782167911475385
5.030918521758878     0.001639918927893361
5.079051426293173     0.00042976399588736503
5.127184330827468     0.00010036267127748584
5.175317235361764     2.088130604160141e-05
5.223450139896059     3.870164409785438e-06
5.271583044430354     6.38928049858938e-07
5.3197159489646495     9.395137047643028e-08
5.367848853498945     1.2304644960006832e-08
5.41598175803324     1.435295201177017e-09
5.464114662567539     1.4911254219156492e-10
5.512247567101834     1.379699642171084e-11
5.56038047163613     1.1369732990806716e-12
5.608513376170425     8.344686120326497e-14
5.65664628070472     5.4546005497794335e-15
5.7047791852390155     3.175474227706264e-16
5.752912089773311     1.6464426455083955e-17
5.801044994307606     7.602856508052128e-19
5.849177898841901     3.1267922673791443e-20
5.897310803376197     1.145284175367929e-21
5.945443707910492     3.736356704267421e-23
5.993576612444791     1.1657026299713386e-24
6.041709516979086     2.328845923190365e-24
6.0898424215133815     5.877372008118606e-23
6.137975326047677     1.3374653596829624e-21
6.186108230581972     2.7113591927917094e-20
6.234241135116267     4.896610422712688e-19
6.282374039650563     7.877922314165266e-18
6.330506944184858     1.1291176564047345e-16
6.378639848719153     1.4417230387013809e-15
6.426772753253449     1.6399984271044934e-14
6.474905657787744     1.6619878223639154e-13
6.523038562322043     1.500510198003115e-12
6.571171466856338     1.2069261549180675e-11
6.619304371390633     8.648823369064067e-11
6.667437275924929     5.521688493750253e-10
6.715570180459224     3.1407205394743894e-09
6.763703084993519     1.5915972441424308e-08
6.811835989527815     7.186005090546162e-08
6.85996889406211     2.890655092774715e-07
6.908101798596405     1.0360086612297531e-06
6.956234703130701     3.3082079255531957e-06
7.004367607664996     9.412143020784083e-06
7.052500512199295     2.385914062827462e-05
7.10063341673359     5.3888568497342764e-05
7.148766321267885     0.00010844793630170167
7.196899225802181     0.00019446533389483764
7.245032130336476     0.00031073500758427926
7.293165034870771     0.00044253149066561444
7.341297939405067     0.0005619733373050095
7.389430843939362     0.0006372065475367757
7.437563748473657     0.0006474427304295232
7.4856966530079525     0.000595186027283462
7.533829557542248     0.0005072332468032884
7.581962462076547     0.00042293124873193146
7.630095366610842     0.0003761897971620858
7.678228271145137     0.000380822469081534
7.726361175679433     0.00042603195187790386
7.774494080213728     0.0004835478773686506
7.822626984748023     0.0005228452425799322
7.8707598892823185     0.0005270337902262793
7.918892793816614     0.0005008959835518413
7.967025698350909     0.0004661666767622614
8.015158602885204     0.0004467332032171612
8.0632915074195     0.0004531622704498855
8.111424411953799     0.00047658970506420247
8.159557316488094     0.0004956508149710434
8.20769022102239     0.0004911763150470856
8.255823125556685     0.00045823563460848624
8.30395603009098     0.00040753059225234696
8.352088934625275     0.0003562689265069445
8.40022183915957     0.00031614355309328006
8.448354743693866     0.00028717727353180696
8.496487648228161     0.00026067710283625656
8.544620552762456     0.00022747104394404855
8.592753457296752     0.00018463462572319275
8.64088636183105     0.00013653464712698948
8.689019266365346     9.103348699073326e-05
8.737152170899641     5.478059980548977e-05
8.785285075433936     3.0985793309568673e-05
8.833417979968232     2.0530517600785507e-05
8.881550884502527     2.5224275520853478e-05
8.929683789036822     5.135035438248341e-05
8.977816693571118     0.00011152485548286684
9.025949598105413     0.0002225734115862804
9.074082502639708     0.00039754081181208516
9.122215407174004     0.000632978668754536
9.170348311708302     0.0008981431412036065
9.218481216242598     0.001136205914215504
9.266614120776893     0.0012830540988350019
9.314747025311188     0.0012966835221717402
9.362879929845484     0.0011791998225933174
9.411012834379779     0.0009756579746861024
9.459145738914074     0.0007498944323793762
9.50727864344837     0.00055386118568648
9.555411547982665     0.0004096670017352986
9.60354445251696     0.0003117286476104878
9.651677357051256     0.00024186996288914827
9.69981026158555     0.0001843993700166911
9.74794316611985     0.0001327774258102937
9.796076070654145     8.782971717401373e-05
9.84420897518844     5.2539943661204055e-05
9.892341879722736     2.8196369173761445e-05
9.940474784257031     1.3522944376294367e-05
9.988607688791326     5.785362686398051e-06
10.036740593325622     2.205977896159371e-06
10.084873497859917     7.49395850475992e-07
10.133006402394212     2.2676786854551217e-07
10.181139306928507     6.111884351285389e-08
10.229272211462803     1.4671521170310018e-08
10.277405115997102     3.1367062100834947e-09
10.325538020531397     5.972758050317334e-10
10.373670925065689     1.0140120094293521e-10
10.421803829599988     1.6399554279768384e-11
10.46993673413428     1.1551221397599996e-11
10.518069638668578     7.329623131426429e-11
10.566202543202877     5.019832865377271e-10
10.614335447737169     3.080503865685625e-09
10.662468352271468     1.688649081230761e-08
10.71060125680576     8.269507762798259e-08
10.758734161340058     3.618320752722102e-07
10.80686706587435     1.4148064145750214e-06
10.854999970408649     4.944740939979446e-06
10.90313287494294     1.5451575094670055e-05
10.95126577947724     4.3188226414326693e-05
10.999398684011531     0.00010804235796935772
11.04753158854583     0.00024215059165605518
11.095664493080129     0.00048699340419300135
11.14379739761442     0.0008810749562127903
11.19193030214872     0.0014399387100216506
11.240063206683011     0.0021397573782535083
11.28819611121731     0.002920379973898157
11.336329015751602     0.003713593562901565
11.3844619202859     0.004479902855666377
11.432594824820193     0.0052224418494707546
11.480727729354491     0.005960350239038142
11.528860633888783     0.006680711899778426
11.576993538423082     0.007314026854685902
11.62512644295738     0.007763304235061063
11.673259347491673     0.00796996253696073
11.721392252025971     0.007963654734547425
11.769525156560263     0.00785342932497601
11.817658061094562     0.007766774463345422
11.865790965628854     0.007786101964384058
11.913923870163153     0.007928884325928849
11.962056774697444     0.00817254084448774
12.010189679231743     0.008485097463528962
12.058322583766035     0.008828551734629615
12.106455488300334     0.009143474385233585
12.154588392834633     0.00935042224910327
12.202721297368925     0.009384596065258429
12.250854201903223     0.009238298005850066
12.298987106437515     0.00897016418019741
12.347120010971814     0.008668261517595711
12.395252915506106     0.008395264767409016
12.443385820040405     0.008156914286094732
12.491518724574696     0.007911120473127716
12.539651629108995     0.007601578318197213
12.587784533643287     0.007187655691088545
12.635917438177586     0.006656643350832409
12.684050342711885     0.0060243542637043596
12.732183247246176     0.0053344663444709174
12.780316151780475     0.00465644075336901
12.828449056314767     0.004073696648706357
12.876581960849066     0.003659466799795901
12.924714865383358     0.003450560950025491
12.972847769917657     0.003434506795501927
13.020980674451948     0.0035579625605912137
13.069113578986247     0.0037512347384027526
13.117246483520539     0.003955153912268565
13.165379388054838     0.004136760371128946
13.213512292589137     0.004287954494155352
13.261645197123428     0.004412343409772628
13.309778101657727     0.004513632038821973
13.357911006192019     0.004597425830016202
13.406043910726318     0.004686219432106057
13.45417681526061     0.0048333127944941105
13.502309719794908     0.005118132857762016
13.5504426243292     0.0056175359995900166
13.598575528863499     0.006366104522870195
13.64670843339779     0.00732844270636849
13.69484133793209     0.008400250420923698
13.742974242466389     0.009437464951156365
13.79110714700068     0.01029741309889757
13.83924005153498     0.010874068340979
13.887372956069271     0.011120021231357188
13.93550586060357     0.01105687038654735
13.983638765137862     0.010772774270581105
14.03177166967216     0.010399084703456296
14.079904574206452     0.010065400676425109
14.128037478740751     0.009854138917420242
14.176170383275043     0.009786085813998943
14.224303287809342     0.009846163792341971
14.27243619234364     0.01001981338347848
14.320569096877932     0.010297041944288474
14.368702001412231     0.010633844624024606
14.416834905946523     0.010910163361367646
14.464967810480822     0.010938374381827423
14.513100715015113     0.01053729363037763
14.561233619549412     0.009628423447708392
14.609366524083704     0.00828772692456123
14.657499428618003     0.0067183561145887135
14.705632333152295     0.005166989410809073
14.753765237686594     0.0038391430505440387
14.801898142220892     0.0028552360617077922
14.850031046755184     0.0022504302659813744
14.898163951289483     0.001994366278940982
14.946296855823775     0.0020089588310228624
14.994429760358074     0.0021813999958019323
15.042562664892365     0.0023828199008469274
15.090695569426664     0.0024990348501411816
15.138828473960956     0.0024647009499513713
15.186961378495255     0.0022819112220775553
15.235094283029547     0.0020098621691537135
15.283227187563845     0.0017300510753328717
15.331360092098137     0.0015069005226379557
15.379492996632436     0.0013648262951371421
15.427625901166735     0.001290271268880903
15.475758805701027     0.00125164184095349
15.523891710235326     0.0012217788425767074
15.572024614769617     0.001189990052782932
15.620157519303916     0.0011600683997163004
15.668290423838208     0.0011400841475479747
15.716423328372507     0.0011332709531808153
15.764556232906799     0.0011357661238114943
15.812689137441097     0.0011400689120161143
15.86082204197539     0.001138778058570534
15.908954946509688     0.0011248456761147438
15.957087851043987     0.0010898972242847928
16.00522075557828     0.0010250557154651886
16.053353660112577     0.0009258197059489548
16.10148656464687     0.0007972479455014366
16.149619469181168     0.0006542474201485954
16.19775237371546     0.000515845758608041
16.24588527824976     0.00039741517743999106
16.29401818278405     0.0003058849280554536
16.34215108731835     0.0002398989860826016
16.39028399185264     0.00019330650939746144
16.43841689638694     0.0001591424465533792
16.48654980092124     0.00013221044714271457
16.53468270545553     0.00010986872090542798
16.58281560998983     9.153185758008166e-05
16.63094851452412     7.763444952477404e-05
16.67908141905842     6.866988456035766e-05
16.72721432359271     6.467040300272549e-05
16.77534722812701     6.524399243235006e-05
16.823480132661302     7.006637668655447e-05
16.8716130371956     7.954202583204064e-05
16.919745941729893     9.521343642629572e-05
16.967878846264192     0.00011950940960226283
17.01601175079849     0.00015469293149691574
17.064144655332782     0.00020133550391200495
17.11227755986708     0.0002570346342427151
17.160410464401373     0.0003161614639062227
17.208543368935672     0.0003711231776489038
17.256676273469964     0.0004149523627775178
17.304809178004263     0.0004440860606078339
17.352942082538554     0.00045956581302376327
17.401074987072853     0.00046552402190661886
17.449207891607145     0.0004657663788981598
17.497340796141444     0.00046090722091286844
17.545473700675743     0.00044810195679433214
17.593606605210034     0.00042326667663012345
17.641739509744333     0.00038394419746972915
17.689872414278625     0.0003310758751778808
17.738005318812924     0.00026913170224915833
17.786138223347216     0.00020492037184123416
17.834271127881514     0.00014564091475653467
17.882404032415806     9.68656697533294e-05
17.930536936950105     6.125499717584638e-05
17.978669841484397     3.851060688303656e-05
18.026802746018696     2.6389700694153704e-05
18.074935650552995     2.2113099379763438e-05
18.123068555087286     2.3601834206899318e-05
18.171201459621585     3.0372097631734443e-05
18.219334364155877     4.4033990634901547e-05
18.267467268690176     6.804144365256261e-05
18.315600173224468     0.0001061336162097831
18.363733077758766     0.00015943674951081357
18.411865982293058     0.0002234647710174024
18.459998886827357     0.00028726316507226906
18.50813179136165     0.00033633091691493094
18.556264695895948     0.00035850963604044597
18.604397600430246     0.00034948725548632036
18.65253050496454     0.00031435128826731723
18.700663409498837     0.00026430981626322737
18.74879631403313     0.00021106507632765844
18.796929218567428     0.00016250341404953447
18.84506212310172     0.00012168522507762509
18.89319502763602     8.847092380050534e-05
18.94132793217031     6.174842489862757e-05
18.98946083670461     4.071313845986366e-05
19.0375937412389     2.4962177463988064e-05
19.0857266457732     1.4051225578795203e-05
19.1338595503075     7.193891184673655e-06
19.18199245484179     3.328233420621689e-06
19.23012535937609     1.3857161884604873e-06
19.27825826391038     5.198403451405714e-07
19.32639116844468     1.8501391548901658e-07
19.37452407297897     9.981667960974792e-08
19.42265697751327     1.83104713546642e-07
19.470789882047562     5.345175975499861e-07
19.51892278658186     1.4917051415435008e-06
19.567055691116153     3.752574350613838e-06
19.61518859565045     8.496980666704522e-06
19.66332150018475     1.7398353013286766e-05
19.711454404719042     3.244602368251215e-05
19.75958730925334     5.564046063219486e-05
19.807720213787633     8.875813800881365e-05
19.85585311832193     0.000133258945449054
19.903986022856223     0.00018997566103850664
19.952118927390522     0.00025797125731095587
20.000251831924814     0.0003325692087746618
20.048384736459113     0.0004039158711888256
20.096517640993405     0.00045811478043008636
20.144650545527703     0.0004816428957475624
20.192783450062002     0.0004670848534189018
20.240916354596294     0.00041669156806177114
20.289049259130593     0.0003415386159509727
20.337182163664885     0.00025701145717163705
20.385315068199183     0.00017738640595657928
20.433447972733475     0.00011209810686786918
20.481580877267774     6.469727369049414e-05
20.529713781802066     3.3994739049043575e-05
20.577846686336365     1.620673071140121e-05
20.625979590870656     6.990035933723579e-06
20.674112495404955     2.7336933131764424e-06
20.722245399939254     1.0208936607869312e-06
20.770378304473546     5.411869215447116e-07
20.818511209007845     8.258558707950739e-07
20.866644113542137     2.0736944538628736e-06
20.914777018076435     5.159895455516107e-06
20.962909922610727     1.1742639646191947e-05
21.011042827145026     2.4209300712111775e-05
21.059175731679318     4.510266766235551e-05
21.107308636213617     7.582279275097578e-05
21.15544154074791     0.00011495721717384255
21.203574445282207     0.00015730804432024224
21.251707349816506     0.00019482264628582524
21.299840254350798     0.00021958657252914524
21.347973158885097     0.00022730082129371614
21.39610606341939     0.00021886127478375742
21.444238967953687     0.00019893241464169492
21.49237187248798     0.0001728231422195941
21.540504777022278     0.0001441840253580344
