-21.79376113277784     1.4733559317253515
-21.640079805076436     1.4698022644984357
-21.486398477375033     1.2638893864582947
-21.33271714967363     1.533465183366357
-21.179035821972228     1.5972982154991524
-21.02535449427083     0.717297221166342
-20.871673166569426     0.29492951624874475
-20.717991838868024     0.9885664678928405
-20.56431051116662     1.568454291217224
-20.41062918346522     0.7718010564186073
-20.256947855763816     0.11721026128568104
-20.103266528062413     0.005492821203019564
-19.94958520036101     7.942110117801426e-05
-19.795903872659608     3.542491616855702e-07
-19.64222254495821     4.873261054734012e-10
-19.488541217256806     2.0670965369344538e-13
-19.334859889555403     2.7028053831311577e-17
-19.181178561854     1.0890761381214036e-21
-19.027497234152598     1.3519627503396295e-26
-18.873815906451195     5.169013957823565e-32
-18.720134578749793     6.085034005926502e-38
-18.566453251048394     2.205011123722361e-44
-18.41277192334699     2.4588780169767823e-51
-18.25909059564559     8.435958374160628e-59
-18.105409267944186     8.902325481348357e-67
-17.951727940242783     2.8890318289825344e-75
-17.79804661254138     2.882684798614114e-84
-17.644365284839978     8.843163195325609e-94
-17.490683957138575     4.868095987930289e-88
-17.337002629437173     7.814079770527549e-79
-17.183321301735774     3.850696631429402e-70
-17.02963997403437     5.825639141052866e-62
-16.87595864633297     2.70576948564278e-54
-16.722277318631566     3.8581692501615303e-47
-16.568595990930163     1.6889462453138999e-40
-16.41491466322876     2.269846300839118e-34
-16.261233335527358     9.365438321328789e-29
-16.107552007825955     1.1863780820166817e-23
-15.953870680124554     4.614365841161559e-19
-15.800189352423152     5.511510099512532e-15
-15.64650802472175     2.022490975235418e-11
-15.492826697020348     2.2825690249740514e-08
-15.339145369318945     7.94368748089533e-06
-15.185464041617543     0.0008579036505582046
-15.03178271391614     0.029181427995028545
-14.878101386214738     0.32273453463123014
-14.724420058513337     1.2307799625484834
-14.570738730811934     1.8164225103943887
-14.417057403110531     1.7710833374387975
-14.26337607540913     2.6189826148455375
-14.109694747707728     2.4365667546017433
-13.956013420006325     1.4705692427435846
-13.802332092304923     1.9380242937757517
-13.64865076460352     1.4850553980915224
-13.49496943690212     0.36535671123544095
-13.341288109200717     0.027834542026783503
-13.187606781499314     0.0006555211978237122
-13.033925453797911     4.772635864746557e-06
-12.88024412609651     2.812920049125998e-07
-12.726562798395108     1.6566331819032988e-05
-12.572881470693705     0.0004332147809876941
-12.419200142992302     0.0041015071610101
-12.265518815290902     0.01469983295566884
-12.111837487589499     0.03454161804054903
-11.958156159888096     0.18644850649931743
-11.804474832186694     0.9745655201721889
-11.650793504485291     2.0534530682989494
-11.49711217678389     2.115185000525 
-11.343430849082488     2.101966553456652
-11.189749521381085     2.949597572816039
-11.036068193679682     3.6103413411261887
-10.882386865978281     3.4628528135952674
-10.728705538276879     3.3261208574379326
-10.575024210575476     2.2313266730877066
-10.421342882874074     1.1639279455913794
-10.267661555172673     1.4037145714849746
-10.11398022747127     1.902124614071833
-9.960298899769867     1.5389781558548246
-9.806617572068465     0.641411739993291
-9.652936244367064     0.10685051249632704
-9.499254916665661     0.006167588543157644
-9.345573588964259     0.0016041666641822422
-9.191892261262856     0.03570503342908954
-9.038210933561453     0.27755259377479785
-8.884529605860052     0.7723133967714946
-8.73084827815865     0.9252206921276718
-8.577166950457247     0.7619940530068934
-8.423485622755845     1.1349381742783013
-8.269804295054444     1.3744420776647717
-8.116122967353041     0.7583458633094675
-7.962441639651638     0.5082838749700236
-7.808760311950236     0.9387601499896009
-7.655078984248835     0.7371136573939815
-7.501397656547432     0.20202312057067803
-7.34771632884603     0.04271682888209948
-7.194035001144627     0.03922472295806485
-7.040353673443224     0.4049103096134001
-6.8866723457418235     2.3768315801679143
-6.732991018040421     5.084408138510418
-6.579309690339018     6.274378867020957
-6.425628362637616     7.487270592707832
-6.271947034936215     6.06235307144797
-6.118265707234812     5.282100417900301
-5.9645843795334095     4.04173020582836
-5.810903051832007     1.1995490290329838
-5.657221724130604     0.11598190001883549
-5.503540396429202     0.0035762828541756856
-5.3498590687278025     3.494486590934822e-05
-5.1961777410264     1.0767102612775949e-07
-5.042496413324997     1.0413982737461757e-10
-4.888815085623595     3.149081186758716e-14
-4.735133757922192     1.5378110610966603e-17
-4.581452430220789     4.057149729362114e-14
-4.427771102519387     4.0720582463664275e-11
-4.274089774817984     1.2553480801194025e-08
-4.120408447116581     1.1907050609893851e-06
-3.9667271194151823     3.5006733742976496e-05
-3.8130457917137797     0.0003292981704520974
-3.659364464012377     0.0011193652765091632
-3.5056831363109744     0.0018839856685813863
-3.3520018086095718     0.0021215335332063897
-3.198320480908169     0.0014620347219395612
-3.0446391532067665     0.00047085313891175203
-2.890957825505364     0.00021463259189146314
-2.7372764978039648     0.0009920219736834208
-2.583595170102562     0.0032392614633959226
-2.4299138424011595     0.0063148980423202005
-2.276232514699757     0.007572355363881513
-2.122551186998354     0.007743240649160096
-1.9688698592969516     0.009365528393357928
-1.815188531595549     0.01302843397998391
-1.6615072038941463     0.017504716717956795
-1.5078258761927437     0.020618792115031922
-1.3541445484913446     0.023518594597578848
-1.200463220789942     0.027336429823368612
-1.0467818930885393     0.030740994884764238
-0.8931005653871367     0.0290500500568966
-0.739419237685734     0.023731779055337708
-0.5857379099843314     0.023001628441830083
-0.43205658228292876     0.023698690593975648
-0.2783752545815261     0.018384932880868884
-0.12469392688012704     0.011965018303600725
0.0289874008212756     0.007023456727845694
0.18266872852267824     0.0022816930056926365
0.3363500562240809     0.0003008848441574607
0.4900313839254835     1.5097408499426107e-05
0.6437127116268861     2.903712643073098e-07
0.7973940393282888     2.1214369062197637e-09
0.9510753670296914     5.599456613848422e-12
1.104756694731094     5.017118624289523e-15
1.2584380224324931     1.456939498432781e-18
1.4121193501338958     1.3350365863309544e-22
1.5658006778352984     7.433652230525012e-26
1.719482005536701     2.2428969979697742e-21
1.8731633332381037     2.1902867208989656e-17
2.0268446609395063     6.570943963973374e-14
2.180525988640909     6.063097166620906e-11
2.3342073163423116     1.7263148691904655e-08
2.4878886440437107     1.5312097820645407e-06
2.6415699717451133     4.354905483862095e-05
2.795251299446516     0.0004335953540326671
2.9489326271479186     0.0018769722309420855
3.1026139548493212     0.004518226966076578
3.256295282550724     0.005812453424452036
3.4099766102521265     0.003928043725695429
3.563657937953529     0.002692994318524281
3.717339265654932     0.0023726898578631064
3.871020593356331     0.0022918131497153653
4.0247019210577335     0.002456356996072724
4.178383248759136     0.0019005200991366279
4.332064576460539     0.0016058988743069176
4.485745904161941     0.0020555812087063763
4.639427231863344     0.0013669512812239466
4.793108559564747     0.00038239619888588824
4.946789887266149     4.635600414250421e-05
5.100471214967548     2.1828556792301454e-06
5.254152542668951     3.49935033729168e-08
5.407833870370354     1.7854656081345376e-10
5.561515198071756     2.8292253451517457e-13
5.715196525773159     1.3885634406821936e-16
5.868877853474562     5.468771439951391e-15
6.022559181175964     1.2686824124058668e-11
6.176240508877367     9.09795634265283e-09
6.3299218365787695     2.034396994384696e-06
6.483603164280169     0.00014453103791023736
6.637284491981571     0.0033854736599594933
6.790965819682974     0.02787093001834754
6.9446471473843765     0.08928945587249125
7.098328475085779     0.1356344431758835
7.252009802787182     0.1269591210059657
7.405691130488584     0.06680879118553769
7.559372458189987     0.023320427040626552
7.71305378589139     0.021507165686779565
7.866735113592789     0.01767013993344301
8.020416441294191     0.10141197844842158
8.174097768995594     0.7552679608104437
8.327779096696997     1.780109876559503
8.4814604243984     1.345608183631658
8.635141752099802     0.856493015391131
8.788823079801205     1.6894390852883936
8.942504407502607     1.4995520132407618
9.096185735204006     0.4133466549840607
9.249867062905409     0.04596162711376611
9.403548390606812     0.19959898248029598
9.557229718308214     1.1013160125975483
9.710911046009617     1.8742619398250955
9.86459237371102     0.9909001076738342
10.018273701412422     0.3639591308232951
10.171955029113825     1.115684536868831
10.325636356815224     1.8212598269749565
10.47931768451663     0.9189878251516753
10.63299901221803     0.1424224691955691
10.786680339919435     0.010981856593962008
10.940361667620834     0.10319795429432947
11.094042995322233     0.7750095407832355
11.24772432302364     1.7885517723411961
11.401405650725039     1.2671883155779617
11.555086978426445     0.2764718470170524
11.708768306127844     0.05316071185516827
11.86244963382925     0.4606464025168097
12.01613096153065     2.098333723211711
12.169812289232055     3.9291733774781825
12.323493616933455     5.222133499621436
12.477174944634854     7.085678955564525
12.63085627233626     6.413380521729566
12.784537600037659     4.82887630886319
12.938218927739065     5.694581863311099
13.091900255440464     7.797553677033263
13.24558158314187     6.724611808257931
13.39926291084327     4.219127792168697
13.552944238544676     3.164474121653428
13.706625566246075     1.718591397729246
13.860306893947474     0.4136845752693384
14.01398822164888     0.40561451348714805
14.16766954935028     1.966521706068983
14.321350877051685     3.4220019262085812
14.475032204753084     1.9956472598251989
14.62871353245449     0.3872405030505692
14.78239486015589     0.02458021607002839
14.936076187857289     0.0005006154197498814
15.089757515558695     3.2192257891752383e-06
15.243438843260094     6.4631872866044286e-09
15.3971201709615     4.022634237773875e-12
15.5508014986629     8.822680874167043e-16
15.704482826364305     7.474484345059758e-13
15.858164154065705     1.5826578706689435e-09
16.01184548176711     1.0419485861994093e-06
16.16552680946851     0.0002144446752383107
16.31920813716991     0.013939218820234084
16.472889464871315     0.2925773198381729
16.626570792572714     2.0899663658385936
16.78025212027412     5.7730996262256244
16.93393344797552     8.17186394885964
17.087614775676926     8.99513526583  
17.241296103378325     9.038587794073502
17.39497743107973     7.937945537667847
17.54865875878113     6.810026454125684
17.70234008648253     3.4428776607896916
17.856021414183935     0.6702287373257718
18.009702741885334     0.04417578444524721
18.16338406958674     0.0009423182900300422
18.31706539728814     6.366553227577548e-06
18.470746724989546     1.3469621924912767e-08
18.624428052690945     8.885115260279054e-12
18.77810938039235     5.882024709492786e-11
18.93179070809375     6.113466782358238e-08
19.08547203579515     1.9685658492496525e-05
19.239153363496555     0.0019872912417706837
19.392834691197955     0.0646227174608763
19.54651601889936     0.7173245178200264
19.70019734660076     3.032743278907268
19.853878674302166     5.890472469440019
20.007560002003565     7.071402751559723
20.161241329704975     5.796667106731181
