-21.808509703189305     1.4740700575742263
-21.654836947572406     1.4708884312776498
-21.501164191955503     1.2651823688242596
-21.347491436338604     1.5341318816281806
-21.1938186807217     1.5949645314449516
-21.040145925104802     0.7150857588742691
-20.886473169487903     0.29518567016308517
-20.732800413871     0.990148386617698
-20.5791276582541     1.5680490298680594
-20.4254549026372     0.7701685306425547
-20.2717821470203     0.11674824007187823
-20.1181093914034     0.005461320376306699
-19.964436635786498     7.882627755027196e-05
-19.8107638801696     3.509904230478165e-07
-19.657091124552696     4.820358389782558e-10
-19.503418368935797     2.041358951472171e-13
-19.3497456133189     2.6650302607822624e-17
-19.196072857701996     1.072279998576392e-21
-19.042400102085097     1.3292756833450002e-26
-18.888727346468194     5.075746198491302e-32
-18.735054590851295     5.96818049139256e-38
-18.581381835234396     2.1603514006524319e-44
-18.427709079617493     2.406777054869212e-51
-18.274036324000594     8.250332193898623e-59
-18.120363568383695     8.700282927959284e-67
-17.966690812766792     2.821834021507643e-75
-17.813018057149893     2.8143824148024463e-84
-17.65934530153299     8.630904883217767e-94
-17.50567254591609     4.492280319670041e-88
-17.35199979029919     7.233974343111125e-79
-17.19832703468229     3.576737353504949e-70
-17.04465427906539     5.429966658908601e-62
-16.890981523448488     2.5310891392116833e-54
-16.73730876783159     3.6225819901219937e-47
-16.58363601221469     1.591953420496884e-40
-16.429963256597787     2.148057596997849e-34
-16.27629050098089     8.89959141749848e-29
-16.122617745363986     1.132180087413946e-23
-15.968944989747087     4.422966638179052e-19
-15.815272234130186     5.3069142705981255e-15
-15.661599478513285     1.9565547582223997e-11
-15.507926722896386     2.2188810640048227e-08
-15.354253967279483     7.761015870519975e-06
-15.200581211662584     0.0008425890641502127
-15.046908456045683     0.02881752090842014
-14.893235700428782     0.32046587707919033
-14.739562944811883     1.2281831116935626
-14.58589018919498     1.8190225565247327
-14.432217433578082     1.775412527990686
-14.27854467796118     2.620718477484636
-14.12487192234428     2.435291454815443
-13.97119916672738     1.469469830292473
-13.817526411110478     1.937929892093743
-13.663853655493579     1.4855217805069285
-13.510180899876678     0.3655800275540829
-13.356508144259777     0.027859623694043472
-13.202835388642876     0.0006563046208652229
-13.049162633025977     4.7797746869917835e-06
-12.895489877409076     2.719124369520821e-07
-12.741817121792176     1.5840381754496515e-05
-12.588144366175275     0.0004162995294921199
-12.434471610558374     0.00396722640681939
-12.280798854941475     0.014142530862724881
-12.127126099324574     0.033392680035995985
-11.973453343707673     0.18400960535769179
-11.819780588090772     0.9666631045909712
-11.666107832473871     2.05060853372588
-11.512435076856972     2.1158513198357762
-11.358762321240071     2.095021255948273
-11.20508956562317     2.952623956579644
-11.05141681000627     3.629926807541929
-10.897744054389369     3.441076356268284
-10.74407129877247     3.311935999685026
-10.590398543155569     2.255192253378168
-10.436725787538668     1.1739282276760996
-10.283053031921767     1.396780799196068
-10.129380276304866     1.896704236100404
-9.975707520687967     1.5387167807707793
-9.822034765071066     0.6489440614369006
-9.668362009454166     0.11051243433965854
-9.514689253837265     0.006554534374109088
-9.361016498220364     0.0015870459411085774
-9.207343742603465     0.03524094372176347
-9.053670986986564     0.2755886152638598
-8.899998231369663     0.7709556014381682
-8.746325475752762     0.9266737585199774
-8.592652720135861     0.7634051097283
-8.438979964518962     1.1348865495927158
-8.285307208902061     1.3743299256399586
-8.13163445328516     0.7579979722572927
-7.97796169766826     0.5068403321826396
-7.824288942051359     0.9375984793303922
-7.67061618643446     0.7381466679829108
-7.516943430817559     0.20309222487908513
-7.363270675200658     0.04289120174082031
-7.209597919583757     0.03886133585903589
-7.055925163966858     0.40136391192233856
-6.902252408349957     2.367341949300984
-6.748579652733056     5.087650342866057
-6.5949068971161555     6.2920106867957655
-6.441234141499255     7.489175437248923
-6.287561385882356     6.055570454034924
-6.133888630265455     5.280294792817747
-5.980215874648554     4.042234580507904
-5.826543119031653     1.2003935163778643
-5.672870363414752     0.11618011172528966
-5.519197607797853     0.0035876347593695943
-5.36552485218095     3.512248940156209e-05
-5.211852096564051     1.0846665935525889e-07
-5.058179340947152     1.0518470192598481e-10
-4.90450658533025     3.189870970632358e-14
-4.7508338297133506     1.3301703013554082e-17
-4.597161074096448     3.447464061624201e-14
-4.443488318479549     3.547685541336424e-11
-4.28981556286265     1.1214596117870867e-08
-4.136142807245747     1.0906549474936016e-06
-3.982470051628848     3.285847891948457e-05
-3.8287972960119454     0.00031595520762874133
-3.6751245403950463     0.001088441594713445
-3.5214517847781472     0.001821828331669932
-3.3677790291612446     0.0020483774067313683
-3.2141062735443455     0.0015180131505549055
-3.060433517927443     0.0005612257255212737
-2.906760762310544     0.00023039003468381877
-2.7530880066936447     0.0009587453136684515
-2.599415251076742     0.003156936586285961
-2.445742495459843     0.006276733059619596
-2.2920697398429404     0.0075954870416209885
-2.1383969842260413     0.007796659330892966
-1.9847242286091422     0.009472144390798009
-1.8310514729922396     0.01304776881677768
-1.6773787173753405     0.017376574622815572
-1.5237059617584379     0.020410174843160236
-1.3700332061415388     0.02351805707292349
-1.2163604505246397     0.0276709637184177
-1.062687694907737     0.03083987544768459
-0.909014939290838     0.029036494200615135
-0.7553421836739354     0.023654660344712395
-0.6016694280570363     0.022762057859208047
-0.4479966724401372     0.023671739441377612
-0.29432391682323455     0.01846962172401248
-0.14065116120633547     0.011848164706414335
0.013021594410567161     0.007119491225435876
0.16669435002746624     0.002504052501116032
0.3203671056443653     0.00036498919513521216
0.47403986126126796     2.0150842953541542e-05
0.627712616878167     4.1822457363020306e-07
0.7813853724950697     3.231202900779769e-09
0.9350581281119688     8.93325074254993e-12
1.0887308837288678     8.384319057986511e-15
1.2424036393457705     2.5592746728879694e-18
1.3960763949626696     2.4734559092734413e-22
1.5497491505795722     6.835303245858569e-26
1.7034219061964713     1.966823626127378e-21
1.8570946618133704     1.9509944581623874e-17
2.010767417430273     5.946120175324869e-14
2.164440173047172     5.5743308971096826e-11
2.3181129286640747     1.6125847926577804e-08
2.471785684280974     1.4530364939062971e-06
2.625458439897873     4.1958903384139264e-05
2.7791311955147755     0.0004237024845858311
2.9328039511316746     0.0018580082539185055
3.086476706748577     0.004520061545858883
3.2401494623654763     0.005838817123335455
3.3938222179823754     0.003931740527492062
3.547494973599278     0.0026878027323327136
3.701167729216177     0.0023734968933857878
3.8548404848330797     0.0022796917595438297
4.008513240449979     0.0024462714753581845
4.162185996066878     0.0019169244069789737
4.3158587516837805     0.0016271036314451696
4.46953150730068     0.002053215914586034
4.623204262917582     0.0013558139351439401
4.776877018534481     0.00037992688400071805
4.93054977415138     4.629016750668059e-05
5.084222529768283     2.1875812890753705e-06
5.237895285385182     3.514496208770304e-08
5.391568041002085     1.7964030361214634e-10
5.545240796618984     2.851891892559748e-13
5.698913552235883     1.4020253553612471e-16
5.8525863078527856     5.156392339293039e-15
6.006259063469685     1.2055248870046283e-11
6.159931819086587     8.713837921438246e-09
6.313604574703486     1.9643590709456896e-06
6.467277330320385     0.00014070884322262158
6.620950085937288     0.0033229125575014243
6.774622841554187     0.027563719568427555
6.92829559717109     0.08885373215229031
7.081968352787989     0.13546404377057802
7.235641108404888     0.12696578536476066
7.389313864021791     0.06695620339099716
7.54298661963869     0.02334054235364999
7.696659375255589     0.0214763349397875
7.850332130872491     0.017601413097373758
8.00400488648939     0.09940998671093768
8.157677642106293     0.7466485150577415
8.311350397723192     1.776508595052195
8.465023153340091     1.354421844109899
8.618695908956994     0.8558114621429939
8.772368664573893     1.6852510749127363
8.926041420190796     1.5062660675093569
9.079714175807695     0.41827692868391064
9.233386931424594     0.04628361885298917
9.387059687041496     0.19523228498845857
9.540732442658395     1.0893502535974489
9.694405198275298     1.8754411198869387
9.848077953892197     1.0026983939229535
10.001750709509096     0.3638475062871477
10.155423465125999     1.1057695278189796
10.309096220742898     1.8229101402484562
10.4627689763598     0.929324456021298
10.616441731976703     0.1455281698981389
10.770114487593599     0.01102966892895465
10.923787243210501     0.10024847416110139
11.077459998827404     0.762742183393291
11.2311327544443     1.7837108514776583
11.384805510061202     1.280776708550479
11.538478265678105     0.2831846025842891
11.692151021295     0.052942271301182266
11.845823776911903     0.4533962554523868
11.999496532528806     2.085986559648054
12.153169288145708     3.9274817262237605
12.306842043762604     5.208916788987665
12.460514799379506     7.074250968183166
12.614187554996409     6.422086698839295
12.767860310613305     4.83360492653621
12.921533066230207     5.687103433810497
13.07520582184711     7.796436998277894
13.228878577464005     6.744564986954745
13.382551333080908     4.225938598343499
13.53622408869781     3.1650312711329387
13.689896844314713     1.7321880054780596
13.843569599931609     0.4209781775622897
13.997242355548511     0.4018523711579386
14.150915111165414     1.953492349764272
14.30458786678231     3.4213635976719825
14.458260622399212     2.009462265441094
14.611933378016115     0.39293594740027327
14.76560613363301     0.025147022634470304
14.919278889249913     0.000516550128410313
15.072951644866816     3.350919365375334e-06
15.226624400483718     6.78785356964019e-09
15.380297156100614     4.2631059348843685e-12
15.533969911717517     9.293057310354654e-16
15.68764266733442     7.070264640309204e-13
15.841315422951315     1.5088306873268807e-09
15.994988178568217     1.0012534260936891e-06
16.14866093418512     0.00020772813409866933
16.302333689802015     0.013612074526715257
16.456006445418918     0.2880106832999686
16.60967920103582     2.073041272731465
16.763351956652723     5.762041398026993
16.91702471226962     8.182892302551252
17.07069746788652     9.008082807316583
17.224370223503424     9.041868590721968
17.37804297912032     7.932088183417458
17.531715734737222     6.811678451754064
17.685388490354125     3.451143087579559
17.83906124597102     0.6731608740491284
17.992734001587923     0.04444527606536991
18.146406757204826     0.0009495612282002604
18.30007951282172     6.425214177876899e-06
18.453752268438624     1.3614216285141879e-08
18.607425024055527     8.992979862180768e-12
18.76109777967243     5.570121651912404e-11
18.914770535289325     5.839273720031109e-08
19.068443290906227     1.8972187672220497e-05
19.22211604652313     0.0019333663657635854
19.375788802140026     0.06348071431730899
19.529461557756928     0.711073164292432
19.68313431337383     3.0260550415652196
19.836807068990726     5.893140484643104
19.99047982460763     7.076660329368951
20.14415258022453     5.801082981930968
