-21.684099253150148     0.29592617007661465
-21.529538290033305     0.167258594407656
-21.37497732691646     0.09081484813036124
-21.220416363799618     0.30957438332367526
-21.065855400682775     0.6345364696415521
-20.91129443756593     0.9192970040780694
-20.756733474449085     1.0851497857357222
-20.602172511332242     0.7550674805940304
-20.4476115482154     0.3296477336051895
-20.293050585098555     0.07496379906882142
-20.138489621981712     0.006176504882149266
-19.98392865886487     0.00016024423104365036
-19.829367695748026     1.2688273682070458e-06
-19.674806732631183     3.0474227360375877e-09
-19.52024576951434     2.2174265252031033e-12
-19.365684806397496     4.88705904508465e-16
-19.211123843280653     3.2621691250263014e-20
-19.056562880163806     6.595101760208643e-25
-18.902001917046963     4.038236495290134e-30
-18.74744095393012     7.488882621875354e-36
-18.592879990813277     4.20627131531175e-42
-18.438319027696433     7.155376933410557e-49
-18.28375806457959     3.6865720361350386e-56
-18.129197101462747     5.752649389563403e-64
-17.974636138345904     2.718742397374615e-72
-17.82007517522906     3.8915551292553045e-81
-17.665514212112214     1.6870707184534102e-90
-17.51095324899537     2.215128657763567e-100
-17.356392285878528     4.891673159216157e-96
-17.201831322761684     2.390202599747038e-86
-17.04727035964484     3.53725989678532e-77
-16.892709396527998     1.585456020320549e-68
-16.738148433411155     2.1522682634881215e-60
-16.58358747029431     8.848987423893311e-53
-16.42902650717747     1.1019089980720301e-45
-16.274465544060625     4.1557830110113396e-39
-16.119904580943782     4.746953803721774e-33
-15.965343617826937     1.6422234681247397e-27
-15.810782654710094     1.7206993217423484e-22
-15.656221691593249     5.460528143687717e-18
-15.501660728476406     5.248398026047493e-14
-15.347099765359562     1.527926429947106e-10
-15.19253880224272     1.347542278715737e-07
-15.037977839125876     3.602921897544092e-05
-14.883416876009033     0.0029282790502609315
-14.72885591289219     0.07308279793216266
-14.574294949775346     0.5806905859102564
-14.419733986658501     1.6370109301558693
-14.265173023541658     2.0309432562913243
-14.110612060424815     1.812065462490316
-13.95605109730797     3.249208045079195
-13.801490134191127     4.718525887333768
-13.646929171074284     3.736305002296378
-13.49236820795744     1.6277694122751354
-13.337807244840597     0.28813287993812586
-13.183246281723754     0.017105512539875294
-13.028685318606911     0.0003224381255775076
-12.874124355490066     4.936785169015159e-05
-12.719563392373223     0.0007408536782326075
-12.56500242925638     0.00350051175114543
-12.410441466139536     0.005010683722882506
-12.255880503022693     0.0022339304467023837
-12.101319539905848     0.0018538394972593376
-11.946758576789005     0.01975744839904296
-11.792197613672162     0.0930596516897008
-11.637636650555319     0.1480346152948592
-11.483075687438475     0.11467209522405948
-11.32851472432163     0.15802050437633408
-11.173953761204787     0.3261382206689959
-11.019392798087944     0.5075871327993187
-10.8648318349711     0.49057874387363604
-10.710270871854258     0.5025602391185194
-10.555709908737413     0.7881209022580036
-10.40114894562057     0.9616649969156514
-10.246587982503726     0.8388763068479314
-10.092027019386883     0.5593323599765645
-9.93746605627004     0.3239332783092346
-9.782905093153197     0.14540034809170357
-9.628344130036352     0.02979289653838347
-9.473783166919509     0.002067837455962168
-9.319222203802665     5.330968499146539e-05
-9.164661240685822     0.0009332503350327792
-9.010100277568979     0.03082877897853373
-8.855539314452134     0.3087866125248965
-8.70097835133529     0.9481887341192162
-8.546417388218448     1.0414492505684347
-8.391856425101604     1.032258794399426
-8.237295461984761     1.330181266102371
-8.082734498867918     1.9525758842061933
-7.928173535751073     3.3571819041074185
-7.77361257263423     3.5698288405769354
-7.619051609517387     2.180390932364588
-7.464490646400543     0.7391731413329331
-7.3099296832837     0.1368131347349905
-7.155368720166855     0.030349829216749693
-7.000807757050012     0.0165509901961758
-6.846246793933169     0.22680710529362944
-6.691685830816326     1.8382498414830992
-6.537124867699482     5.223439566744428
-6.3825639045826374     6.4670917639731655
-6.228002941465794     7.909630176333206
-6.073441978348951     11.051248171216642
-5.918881015232108     9.62907332765559
-5.764320052115265     4.737095367198531
-5.60975908899842     1.0699755238924142
-5.4551981258815765     0.0884754971275096
-5.300637162764733     0.002395916787839811
-5.14607619964789     2.0322194062555874e-05
-4.991515236531047     5.3007084070516346e-08
-4.836954273414204     4.21762171570611e-11
-4.6823933102973605     2.5638446808169917e-13
-4.527832347180517     2.3114393413220156e-10
-4.373271384063674     6.572923971473086e-08
-4.218710420946827     5.660954854119412e-06
-4.064149457829984     0.00014766438028523252
-3.909588494713141     0.0011665860476478196
-3.7550275315962978     0.0027913434167439787
-3.6004665684794546     0.0020233896400255083
-3.4459056053626114     0.0004717910170026145
-3.291344642245768     0.00046369181759446697
-3.136783679128925     0.00205513968890176
-2.9822227160120818     0.0029844477743683736
-2.8276617528952386     0.001789470346595864
-2.673100789778392     0.0028031464595544148
-2.5185398266615486     0.007911376379042556
-2.3639788635447054     0.01452922326900736
-2.2094179004278622     0.017368605258591772
-2.054856937311019     0.01726560234393393
-1.9002959741941758     0.018654881837308707
-1.7457350110773326     0.025825565375477543
-1.5911740479604894     0.035843330260713256
-1.4366130848436462     0.03721828166709574
-1.282052121726803     0.037870680034609784
-1.1274911586099599     0.04007951213442015
-0.9729301954931131     0.04916451181318635
-0.8183692323762699     0.05353070884762681
-0.6638082692594267     0.04601695320907056
-0.5092473061425835     0.03777397892978609
-0.3546863430257403     0.036620147657732215
-0.20012537990889712     0.03758958743108778
-0.04556441679205392     0.02669503270294377
0.10899654632478928     0.010535735389306801
0.2635575094416325     0.0020995128411379323
0.4181184725584757     0.00037145550030143843
0.5726794356753224     0.0001634638011932585
0.7272403987921656     3.593522748731485e-05
0.8818013619090088     2.4541897514215682e-06
1.036362325025852     5.0817553531401e-08
1.1909232881426952     3.187091597279983e-10
1.3454842512595384     6.053843921284283e-13
1.5000452143763816     3.4827548794498715e-16
1.6546061774932248     6.105489121942705e-20
1.809167140610068     4.383514927485427e-18
1.9637281037269112     1.570795234710743e-14
2.1182890668437544     1.7148527981195474e-11
2.272850029960601     5.739533564704258e-09
2.4274109930774443     5.963984225412449e-07
2.5819719561942875     1.9710473994412828e-05
2.7365329193111307     0.00021645688104986587
2.891093882427974     0.0008521734569789303
3.045654845544817     0.0013760540459328613
3.2002158086616603     0.0012057208580816049
3.3547767717785035     0.001079969740351228
3.5093377348953467     0.0014721133857460247
3.66389869801219     0.001999146504416232
3.818459661129033     0.0017915400778594093
3.97302062424588     0.001262675258193705
4.127581587362723     0.0012457389559085877
4.282142550479566     0.0013134482716249797
4.4367035135964095     0.0010772849798140606
4.591264476713253     0.0006806265195065344
4.745825439830096     0.00038575230452367256
4.900386402946939     0.00011630700141472318
5.054947366063782     1.2861954340582877e-05
5.2095083291806255     4.716319752349097e-07
5.364069292297469     5.512559685278673e-09
5.518630255414312     2.007414951079623e-11
5.673191218531159     2.247389206018941e-14
5.827752181648002     7.679783911740968e-18
5.982313144764845     1.603889084669302e-17
6.136874107881688     1.4182410523457574e-13
6.291435070998531     3.799039137586131e-10
6.445996034115375     3.0838351042360434e-07
6.600556997232218     7.595563875127655e-05
6.755117960349061     0.005700702354636705
6.909678923465904     0.13218682449873692
7.064239886582747     0.9874921784332478
7.218800849699594     2.6475082100991476
7.373361812816437     3.2520797309139873
7.5279227759332805     3.9441686560048757
7.682483739050124     7.170009827976584
7.837044702166967     7.197122861317137
7.99160566528381     2.8316600368214093
8.146166628400653     0.40566757112942764
8.300727591517497     0.020099303143582634
8.45528855463434     0.00032950029915365154
8.609849517751183     1.7282968953294538e-06
8.764410480868026     2.0098064021253198e-08
8.918971443984873     2.0689049762522566e-06
9.073532407101716     8.15098074274519e-05
9.22809337021856     0.0011424179910577055
9.382654333335402     0.006104890933916634
9.537215296452246     0.012273715870775198
9.691776259569089     0.008571063354957262
9.846337222685932     0.0019360188059419187
10.000898185802775     0.00017253673990566347
10.155459148919618     0.000793964284060239
10.310020112036462     0.005187082168705327
10.464581075153308     0.01030148445489151
10.619142038270152     0.006196647886861966
10.773703001386995     0.0011606033937148525
10.928263964503838     0.0009620726202675267
11.082824927620681     0.007713870367045526
11.237385890737524     0.02002866349144675
11.391946853854368     0.015972532031041303
11.54650781697121     0.006732674876133424
11.701068780088054     0.012069994039480088
11.855629743204897     0.014140492416989097
12.01019070632174     0.0051316400259992295
12.164751669438584     0.0007787434750797733
12.319312632555427     0.004134046442802458
12.47387359567227     0.025919208492305335
12.628434558789113     0.06424474966966048
12.782995521905956     0.09738889472697874
12.9375564850228     0.11759608873902395
13.09211744813965     0.09864674244307745
13.246678411256493     0.05716391004737017
13.401239374373336     0.023266882835511683
13.55580033749018     0.023731093450649658
13.710361300607023     0.05690566218332377
13.864922263723866     0.062035188375174376
14.019483226840709     0.04668533970651044
14.174044189957552     0.03951900986928987
14.328605153074395     0.024797226778827116
14.483166116191239     0.00853046950314321
14.637727079308082     0.0011377116024323436
14.792288042424925     4.898735190475232e-05
14.946849005541768     6.47792743085354e-07
15.101409968658611     2.6020618146111274e-09
15.255970931775455     3.1675481405347495e-12
15.410531894892298     1.1679953506454153e-15
15.565092858009141     1.312761852324788e-19
15.719653821125984     2.1957316031018043e-17
15.874214784242827     1.7561822697498464e-13
16.02877574735967     4.2552685554441004e-10
16.183336710476514     3.125394881836804e-07
16.337897673593364     6.971898381433414e-05
16.492458636710207     0.004755319932566103
16.64701959982705     0.10154932267533098
16.801580562943894     0.7363017684732438
16.956141526060737     2.2457376066819257
17.11070248917758     3.778170681115669
17.265263452294423     4.577451146962151
17.419824415411266     6.654096623696232
17.57438537852811     7.630094614978938
17.728946341644953     5.253249001736017
17.883507304761796     2.690478687879209
18.03806826787864     1.3479961961644606
18.192629230995482     0.41418131269102587
18.347190194112326     0.04584405501601657
18.50175115722917     0.0015846756032498798
18.656312120346012     1.6679386228824548e-05
18.810873083462855     5.32227211674379e-08
18.9654340465797     3.565203110817771e-10
19.11999500969654     2.4164409445447676e-07
19.274555972813385     5.797302128995503e-05
19.429116935930228     0.004214342133589437
19.58367789904708     0.09312640952696553
19.73823886216392     0.6417615719177652
19.892799825280765     1.6597984824731467
20.047360788397608     3.109518829293152
20.20192175151445     5.045027740322763
20.356482714631294     4.911797779424661
20.51104367774814     3.236149195411045
