-21.687174139601247     1.7650815396399198
-21.532613973887614     0.9955316510243395
-21.378053808173977     0.5106572971714267
-21.223493642460344     1.6999182509855275
-21.06893347674671     3.5318120339655485
-20.914373311033078     5.256765878116178
-20.75981314531944     6.269934809603273
-20.605252979605808     4.361417505382088
-20.450692813892175     1.9088753155485476
-20.29613264817854     0.4340942641025991
-20.141572482464905     0.03565334330826211
-19.987012316751272     0.0009211119362588621
-19.832452151037636     7.26103058097163e-06
-19.677891985324003     1.7360959665784e-08
-19.52333181961037     1.2575784109931196e-11
-19.368771653896736     2.7591941870147103e-15
-19.2142114881831     1.833559697532127e-19
-19.059651322469467     3.690364546010111e-24
-18.905091156755834     2.24959346712691e-29
-18.750530991042197     4.1533563088437873e-35
-18.595970825328564     2.322494392788638e-41
-18.44141065961493     3.93342148990212e-48
-18.286850493901298     2.0176536823861215e-55
-18.13229032818766     3.1346069222643765e-63
-17.977730162474028     1.4749587613700428e-71
-17.823169996760395     2.1020207231290978e-80
-17.66860983104676     9.07307360842835e-90
-17.514049665333125     1.1861299352266722e-99
-17.359489499619492     2.8896512114548893e-96
-17.20492933390586     1.4081915530598428e-86
-17.050369168192223     2.0784442026926056e-77
-16.89580900247859     9.291275353875133e-69
-16.741248836764957     1.2579767588092115e-60
-16.58668867105132     5.158580717598056e-53
-16.432128505337687     6.40690332803452e-46
-16.277568339624054     2.4100521793814468e-39
-16.12300817391042     2.7457758207677213e-33
-15.968448008196784     9.474671266302173e-28
-15.813887842483151     9.902024593752433e-23
-15.659327676769518     3.134338496393691e-18
-15.504767511055883     3.0049323145691847e-14
-15.350207345342248     8.725874205833355e-11
-15.195647179628615     7.676081152801585e-08
-15.04108701391498     2.0469027012272458e-05
-14.886526848201346     0.001658486369848686
-14.731966682487712     0.041196058515519225
-14.57740651677408     0.32392154615088703
-14.422846351060445     0.8899734443837837
-14.26828618534681     1.056103949999765
-14.113726019633177     0.9090425981923553
-13.959165853919542     1.6135139157835092
-13.804605688205907     2.322690649102606
-13.650045522492274     1.824533504852767
-13.495485356778639     0.7868252870553387
-13.340925191065006     0.13756413804854375
-13.186365025351371     0.008061573961316564
-13.031804859637738     0.00015327388292534153
-12.877244693924103     0.0001984469950182643
-12.722684528210468     0.003201104802544481
-12.568124362496835     0.015707596638326674
-12.4135641967832     0.02334856872312535
-12.259004031069567     0.010864311902824856
-12.104443865355933     0.0163661794229678
-11.9498836996423     0.23133143555618688
-11.795323533928665     1.1413448846588357
-11.64076336821503     1.7951596117810633
-11.486203202501397     1.2325455474585856
-11.331643036787762     1.4238570588726442
-11.177082871074129     2.8796363848101
-11.022522705360494     4.593422771668292
-10.86796253964686     4.588481823415323
-10.713402373933226     4.675716106061496
-10.558842208219591     7.1973088427138086
-10.404282042505958     8.617895306439962
-10.249721876792323     7.301139766381822
-10.09516171107869     4.853694584864407
-9.940601545365055     2.7101080504294783
-9.78604137965142     1.1254069969793703
-9.631481213937787     0.21431880542781007
-9.476921048224153     0.013846334448821197
-9.32236088251052     0.0002882700757170075
-9.167800716796885     0.0010804272253117468
-9.013240551083252     0.03569292465511529
-8.858680385369617     0.35800551004253545
-8.704120219655982     1.101683675033806
-8.549560053942349     1.2229707854043315
-8.394999888228714     1.2514430122270963
-8.240439722515081     1.6262288063145434
-8.085879556801446     2.382048930442838
-7.931319391087813     4.083541902641665
-7.776759225374178     4.323528493266995
-7.622199059660543     2.6245067864316
-7.46763889394691     0.8811581420255374
-7.313078728233275     0.1583425240079116
-7.158518562519642     0.032771163044533584
-7.0039583968060075     0.008510251269287691
-6.849398231092373     0.01673275937560336
-6.69483806537874     0.12854372598581124
-6.540277899665105     0.37053744154356155
-6.385717733951472     0.4756458915247138
-6.231157568237837     0.5944409538314833
-6.076597402524204     0.8175455131286784
-5.922037236810569     0.7017058133079284
-5.767477071096934     0.3384832493643072
-5.612916905383301     0.0747839511990885
-5.458356739669668     0.006068022890607137
-5.303796573956031     0.00016178298643978063
-5.149236408242398     1.3538084633154249e-06
-4.994676242528765     3.4875871489182015e-09
-4.840116076815129     2.7424110846776037e-12
-4.6855559111014955     2.7656029155950225e-13
-4.530995745387862     2.614048958092462e-10
-4.376435579674229     7.501164312362294e-08
-4.221875413960593     6.519345027461573e-06
-4.06731524824696     0.00017160880973951607
-3.9127550825333266     0.0013681556817628673
-3.75819491681969     0.0033036338592420614
-3.603634751106057     0.002416216340106912
-3.449074585392424     0.0005425007842671904
-3.2945144196787908     0.00014279122615337074
-3.139954253965154     0.000478241969204472
-2.985394088251521     0.0008472178497344247
-2.830833922537888     0.0026887544882044537
-2.6762737568242514     0.010830447953734949
-2.5217135911106183     0.025264487907197455
-2.3671534253969853     0.03744002538749407
-2.212593259683352     0.0401363869705716
-2.0580330939697156     0.0377577038667651
-1.9034729282560825     0.04065965990862714
-1.7489127625424494     0.06433235296220505
-1.5943525968288128     0.09776568844329141
-1.4397924311151797     0.11075839570454088
-1.2852322654015467     0.11867741601496627
-1.1306720996879136     0.13485744371652353
-0.976111933974277     0.1599434912295591
-0.8215517682606439     0.1516524489495417
-0.6669916025470108     0.13405213511787822
-0.5124314368333742     0.1190340723884115
-0.35787127111974115     0.10428420451731985
-0.20331110540610808     0.09159507914800773
-0.048750939692475015     0.059111045338436564
0.1058092260211616     0.02183783752140383
0.2603693917347947     0.003938042850845651
0.41492955744842774     0.0009718136714862092
0.5694897231620644     0.0005606117515501427
0.7240498888756974     0.00012636563414167957
0.8786100545893305     8.701673209514084e-06
1.0331702203029636     1.8153369490824748e-07
1.1877303860166002     1.1470335396109327e-09
1.3422905517302333     2.1951057874645374e-12
1.4968507174438663     1.2723163945830864e-15
1.651410883157503     2.238978414201275e-19
1.805971048871136     5.999066428627715e-18
1.960531214584769     2.026535473701283e-14
2.1150913802984057     2.1155882705277964e-11
2.269651546012039     6.96196396915063e-09
2.424211711725672     7.469861275255995e-07
2.578771877439305     2.73872083640611e-05
2.7333320431529415     0.00036042290266024977
2.8878922088665746     0.0017825666032547556
3.0424523745802077     0.0035851129335369037
3.1970125402938443     0.0038026545727543877
3.3515727060074774     0.004030242625610011
3.5061328717211104     0.005362539905211316
3.6606930374347435     0.007209197026243355
3.81525320314838     0.0069419905151014705
3.969813368862013     0.004413119810374371
4.124373534575646     0.003031234997473379
4.278933700289283     0.0030329783507387054
4.433493866002916     0.0025374401345164732
4.588054031716549     0.0020089171730205994
4.742614197430182     0.00148677949352333
4.897174363143819     0.0005074420339103078
5.051734528857452     5.949262287442953e-05
5.206294694571085     2.229550623709649e-06
5.3608548602847215     2.5985780766568174e-08
5.5154150259983545     9.293288436646109e-11
5.669975191711988     1.0129695103248948e-13
5.824535357425621     3.354231184585487e-17
5.979095523139257     8.70291502583716e-18
6.13365568885289     7.7108763738667e-14
6.288215854566523     2.0703642452330177e-10
6.44277602028016     1.6846215571461726e-07
6.597336185993793     4.159671599270612e-05
6.751896351707426     0.003130858151141764
6.906456517421059     0.07288019220924795
7.061016683134696     0.5481347641702731
7.215576848848329     1.4881350718442847
7.370137014561962     1.8595965561357746
7.524697180275599     2.27276743205618
7.679257345989232     4.121695023360802
7.833817511702865     4.130578697564923
7.988377677416501     1.6224550187489641
8.142937843130134     0.23198064610228525
8.297498008843768     0.011467278332416841
8.4520581745574     0.00018749472658585368
8.606618340271037     9.98155338744812e-07
8.76117850598467     6.602913963727162e-06
8.915738671698303     0.0007575914244908437
9.07029883741194     0.02691300131132317
9.224859003125573     0.3056155887654575
9.379419168839206     1.1827030406207082
9.53397933455284     1.6958719053950433
9.688539500266476     0.932615892335232
9.843099665980109     0.1861374140663032
9.997659831693742     0.01582158556422073
10.152219997407379     0.07391599583479994
10.306780163121012     0.48014155741107706
10.461340328834645     0.9479701720752551
10.615900494548278     0.5668835218916429
10.77046066026191     0.10412527502253652
10.925020825975544     0.04685353539378598
11.079580991689184     0.3529312610370018
11.234141157402817     0.9150467851574086
11.38870132311645     0.7329600953226438
11.543261488830083     0.3589894831202827
11.697821654543716     0.738754348571389
11.85238182025735     0.8495684793587294
12.00694198597099     0.3008704884594897
12.161502151684623     0.04094767456822756
12.316062317398256     0.17071205149208557
12.470622483111889     1.0951569283294365
12.625182648825522     2.806042330146296
12.779742814539155     4.374318158581571
12.934302980252788     5.089172594993242
13.088863145966428     3.9026587259794674
13.243423311680061     2.1987148405994232
13.397983477393694     0.9271865072403392
13.552543643107327     0.942611090607366
13.70710380882096     2.3757217410796954
13.861663974534594     2.8636890931488335
14.016224140248227     2.6072745436949925
14.170784305961867     2.421680639796655
14.3253444716755     1.5146387532112753
14.479904637389133     0.514283111150919
14.634464803102766     0.06814928855231166
14.789024968816399     0.002924071320545309
14.943585134530032     3.8561107781223303e-05
15.098145300243665     1.5449762982343674e-07
15.252705465957305     1.8760337570314792e-10
15.407265631670938     6.900505513399575e-14
15.561825797384572     7.687722231028111e-18
15.716385963098205     1.423959745619424e-18
15.870946128811838     1.1415016256642898e-14
16.02550629452547     2.7724751062079086e-11
16.180066460239104     2.0406097609228724e-08
16.334626625952744     4.557507003302576e-06
16.489186791666377     0.0003103198983776973
16.64374695738001     0.006555345383504033
16.798307123093643     0.04586415809974353
16.952867288807276     0.13008822195502553
17.10742745452091     0.2081548266297265
17.261987620234542     0.26426315029613107
17.416547785948183     0.40982172111798837
17.571107951661816     0.47765233286357456
17.72566811737545     0.32933397318547686
17.88022828308908     0.16536424620250045
18.034788448802715     0.08019268842508448
18.189348614516348     0.024347786975627138
18.34390878022998     0.0026917878264841304
18.49846894594362     9.314904085776742e-05
18.653029111657254     9.81940099945911e-07
18.807589277370887     3.138387296430779e-09
18.96214944308452     5.6208133918003736e-12
19.116709608798153     2.0546249233525718e-09
19.271269774511786     4.951779528472996e-07
19.42582994022542     3.616454186779198e-05
19.58039010593906     0.000803344523020216
19.734950271652693     0.005588545425878814
19.889510437366326     0.0149100631502951
20.04407060307996     0.029290345955264377
20.198630768793592     0.04727859024963606
20.353190934507225     0.04490490293299799
20.507751100220858     0.02906412104083143
