-23.347177441042337     2.849968358083644e-24
-23.307978350030545     3.5594389124212325e-23
-23.268779259018753     4.1167726483128684e-22
-23.229580168006965     4.409263536290904e-21
-23.190381076995173     4.373297926216244e-20
-23.15118198598338     4.016852693754014e-19
-23.11198289497159     3.4166192310963257e-18
-23.072783803959798     2.6911697410310806e-17
-23.033584712948006     1.9629960964033827e-16
-22.994385621936217     1.3259636452557097e-15
-22.955186530924426     8.294259824050096e-15
-22.915987439912634     4.804602871708726e-14
-22.876788348900842     2.577336986494675e-13
-22.83758925788905     1.2803207345377909e-12
-22.79839016687726     5.889795846113278e-12
-22.75919107586547     2.5090865701100373e-11
-22.719991984853678     9.898402121514988e-11
-22.680792893841886     3.616169491849904e-10
-22.641593802830094     1.2233960646490478e-09
-22.602394711818302     3.832840368157639e-09
-22.563195620806514     1.1120163311994351e-08
-22.523996529794722     2.9877287059774055e-08
-22.48479743878293     7.433889955772856e-08
-22.44559834777114     1.712957601899165e-07
-22.406399256759347     3.65555367516695e-07
-22.367200165747555     7.225631916215491e-07
-22.328001074735766     1.3231000252363746e-06
-22.288801983723975     2.245203419374048e-06
-22.249602892712183     3.5331353371106507e-06
-22.21040380170039     5.162712751252442e-06
-22.1712047106886     7.022713569480953e-06
-22.13200561967681     8.935265831984707e-06
-22.09280652866502     1.0726335428954744e-05
-22.053607437653227     1.2330357876299054e-05
-22.014408346641435     1.3882299760999331e-05
-21.975209255629643     1.5735794614939567e-05
-21.93601016461785     1.83641056268109e-05
-21.896811073606063     2.21524093858877e-05
-21.85761198259427     2.7154914871099377e-05
-21.81841289158248     3.29333019175148e-05
-21.779213800570687     3.858109728714802e-05
-21.740014709558896     4.29643701796371e-05
-21.700815618547104     4.510595736321164e-05
-21.661616527535315     4.4578281967714916e-05
-21.622417436523524     4.18323739577927e-05
-21.58321834551173     3.866466492450682e-05
-21.54401925449994     3.964420470711719e-05
-21.504820163488148     5.6579244329767235e-05
-21.46562107247636     0.00012047233605902826
-21.426421981464568     0.00030924109605564524
-21.387222890452776     0.000803908523625136
-21.348023799440984     0.001987108405531175
-21.308824708429192     0.004587376342254375
-21.2696256174174     0.009840593556029766
-21.230426526405612     0.019583656344475373
-21.19122743539382     0.03613616077544794
-21.15202834438203     0.06181796002187541
-21.112829253370236     0.09806222099811926
-21.073630162358445     0.1443382498518728
-21.034431071346653     0.19740365405135507
-20.995231980334864     0.2515453404712961
-20.956032889323073     0.30021779892314493
-20.91683379831128     0.3388094405642334
-20.87763470729949     0.36744825437438833
-20.838435616287697     0.3923064410136861
-20.79923652527591     0.4242011458282117
-20.760037434264117     0.4744257788821625
-20.720838343252325     0.549199260827195
-20.681639252240533     0.645133346893135
-20.64244016122874     0.7480610874348891
-20.603241070216953     0.83629725375267
-20.56404197920516     0.8874072766361539
-20.52484288819337     0.8858170100008287
-20.485643797181577     0.8280714430454748
-20.446444706169785     0.7236146521493282
-20.407245615157994     0.5910702645224449
-20.3680465241462     0.4519796698018695
-20.328847433134413     0.3247586979599623
-20.28964834212262     0.22100550818018463
-20.25044925111083     0.14483294171376437
-20.211250160099038     0.09454230594772729
-20.172051069087246     0.06532994497360772
-20.132851978075458     0.051858921386833325
-20.093652887063666     0.05005241284604748
-20.054453796051874     0.05794484846784824
-20.015254705040082     0.07565838339977077
-19.97605561402829     0.10461804564762454
-19.936856523016502     0.14617043568948232
-19.89765743200471     0.19995882183392907
-19.858458340992918     0.26266744025845645
-19.819259249981126     0.32783329754853036
-19.780060158969334     0.38709527536211275
-19.740861067957542     0.4325350660582342
-19.70166197694575     0.45905804757661667
-19.662462885933962     0.4656020121073728
-19.62326379492217     0.4545825078401438
-19.58406470391038     0.43003632799971414
-19.544865612898587     0.39567548972177574
-19.505666521886795     0.35396933020894306
-19.466467430875007     0.3065352480626802
-19.427268339863215     0.2552013148795963
-19.388069248851423     0.20277060699572838
-19.34887015783963     0.1529148526488916
-19.30967106682784     0.10934374285395632
-19.27047197581605     0.07487540489727437
-19.23127288480426     0.051003030181100806
-19.192073793792467     0.03814859510508153
-19.152874702780675     0.03634732235582203
-19.113675611768883     0.045867690442196
-19.07447652075709     0.06730828247802907
-19.0352774297453     0.10096918919323426
-18.99607833873351     0.14567818955631728
-18.95687924772172     0.19763284707181772
-18.917680156709928     0.2500106818216059
-18.878481065698136     0.29390981943938105
-18.839281974686344     0.32058301086704466
-18.800082883674555     0.324180368510977
-18.760883792662764     0.3037828786225286
-18.72168470165097     0.26373624570475585
-18.68248561063918     0.21211155365664497
-18.643286519627388     0.1580377998066799
-18.6040874286156     0.10911161567988366
-18.564888337603808     0.06986528215128052
-18.525689246592016     0.04159988907839922
-18.486490155580224     0.023231602088025438
-18.447291064568432     0.012499463294918524
-18.408091973556644     0.0069815433512197085
-18.36889288254485     0.00466935293485653
-18.32969379153306     0.004130908831776412
-18.29049470052127     0.004431447047023987
-18.251295609509476     0.004982365780612565
-18.212096518497685     0.005420133383321165
-18.172897427485893     0.0055420166127329315
-18.133698336474104     0.005279053530744214
-18.094499245462313     0.004674957147010447
-18.05530015445052     0.0038520712568639666
-18.01610106343873     0.002965477868179308
-17.976901972426937     0.002159556383406681
-17.93770288141515     0.0015414986684685866
-17.898503790403357     0.0011764661075997203
-17.859304699391565     0.0010973791665438077
-17.820105608379773     0.001316119187993493
-17.78090651736798     0.001825029394364232
-17.741707426356193     0.002586163363802656
-17.702508335344397     0.003515988146686538
-17.66330924433261     0.0044795782634945965
-17.624110153320817     0.0053064016594699635
-17.584911062309025     0.005829172691774003
-17.545711971297234     0.005933047692937389
-17.50651288028544     0.005593453966720541
-17.467313789273653     0.004883876160529496
-17.42811469826186     0.003949231316433079
-17.38891560725007     0.0029574436550394564
-17.349716516238278     0.0020510400112900436
-17.310517425226486     0.0013173045551927204
-17.271318334214698     0.0007835301671274997
-17.232119243202906     0.000431607343244214
-17.192920152191114     0.0002201895656933666
-17.153721061179322     0.00010404003668482727
-17.11452197016753     4.553454092683535e-05
-17.075322879155742     1.846289721651034e-05
-17.036123788143946     6.938154204966094e-06
-16.996924697132158     2.4183399792151596e-06
-16.957725606120366     7.831266625336888e-07
-16.918526515108574     2.3640242668657196e-07
-16.879327424096783     6.697761140154012e-08
-16.84012833308499     1.8045324143110198e-08
-16.800929242073202     4.731641292525027e-09
-16.76173015106141     1.2494987912685612e-09
-16.72253106004962     3.4446095368956267e-10
-16.683331969037827     1.0076177631811096e-10
-16.644132878026035     3.07694085610972e-11
-16.604933787014247     9.462250451771316e-12
-16.565734696002455     2.8316937640000474e-12
-16.526535604990663     8.057724491852862e-13
-16.48733651397887     2.1517375923717914e-13
-16.44813742296708     5.355788975106354e-14
-16.40893833195529     1.2383750504217345e-14
-16.3697392409435     2.655623320171101e-15
-16.330540149931707     5.277472182495708e-16
-16.291341058919915     9.715562563400156e-17
-16.252141967908123     1.6565892097485668e-17
-16.21294287689633     2.615950490950653e-18
-16.17374378588454     3.8255539223865984e-19
-16.13454469487275     5.180847216950356e-20
-16.09534560386096     6.497478287046267e-21
-16.056146512849168     7.54613441215734e-22
-16.016947421837376     8.115942248145787e-23
-15.977748330825586     8.083279937352813e-24
-15.938549239813794     7.455389407712833e-25
-15.899350148802004     6.367764313563023e-26
-15.860151057790212     5.0366006019035056e-27
-15.82095196677842     3.68911289830512e-28
-15.781752875766628     2.502418870080062e-29
-15.742553784754838     1.605404626244915e-30
-15.703354693743048     1.0060373571309735e-30
-15.664155602731256     2.3044227383468097e-29
-15.624956511719464     5.3744860063193935e-28
-15.585757420707672     1.1610154085235597e-26
-15.54655832969588     2.3225927293228576e-25
-15.50735923868409     4.302709001191277e-24
-15.4681601476723     7.381501660849939e-23
-15.428961056660508     1.1726848172584656e-21
-15.389761965648717     1.7252487316426375e-20
-15.350562874636925     2.3504767791131016e-19
-15.311363783625135     2.9654734979310378e-18
-15.272164692613343     3.4647026089200114e-17
-15.232965601601553     3.7486225456589894e-16
-15.19376651058976     3.755876439890476e-15
-15.154567419577969     3.4848550123388625e-14
-15.115368328566179     2.994276937207571e-13
-15.076169237554387     2.3825007740259266e-12
-15.036970146542595     1.7555288436299208e-11
-14.997771055530805     1.197889400866642e-10
-14.958571964519013     7.569362580238393e-10
-14.919372873507221     4.429306455940144e-09
-14.880173782495431     2.4001919992725082e-08
-14.84097469148364     1.204453594210201e-07
-14.801775600471847     5.59716350787806e-07
-14.762576509460057     2.408683567776299e-06
-14.723377418448266     9.598985587075833e-06
-14.684178327436475     3.5424584346098336e-05
-14.644979236424684     0.00012106483671764678
-14.605780145412892     0.0003831467199956981
-14.566581054401102     0.0011229128136283821
-14.52738196338931     0.0030476198804804257
-14.488182872377518     0.007659658274070623
-14.448983781365728     0.017827556929105537
-14.409784690353936     0.03842449094025868
-14.370585599342144     0.07669345466623168
-14.331386508330354     0.14175633128914983
-14.292187417318562     0.24263915668409203
-14.25298832630677     0.38460448030183775
-14.21378923529498     0.5645533456352275
-14.174590144283188     0.7674302975282904
-14.135391053271398     0.9661253694830153
-14.096191962259606     1.1265164955570295
-14.056992871247814     1.2169981271085668
-14.017793780236024     1.219226012360933
-13.978594689224233     1.135623605185279
-13.93939559821244     0.9905045116466418
-13.90019650720065     0.8248146108471065
-13.860997416188859     0.6874013126534687
-13.821798325177067     0.6264007399036587
-13.782599234165277     0.6825107760028357
-13.743400143153485     0.8832795034683715
-13.704201052141693     1.2364795680588752
-13.665001961129903     1.7223816490607688
-13.625802870118111     2.288218394724186
-13.586603779106321     2.850486882280879
-13.54740468809453     3.3092811383373038
-13.508205597082737     3.57328527958856
-13.469006506070947     3.587327680434399
-13.429807415059155     3.3510390458198276
-13.390608324047363     2.9200483313865804
-13.351409233035573     2.389057746353434
-13.312210142023782     1.8643244424924441
-13.27301105101199     1.4367085151862653
-13.2338119600002     1.1640461768518313
-13.194612868988408     1.0657118408673465
-13.155413777976616     1.126970130051519
-13.116214686964826     1.3086349850836978
-13.077015595953034     1.5583415931364308
-13.037816504941242     1.8214306907125006
-12.998617413929452     2.0504587519061777
-12.95941832291766     2.212460214088627
-12.92021923190587     2.292938825799698
-12.881020140894078     2.2957187750151626
-12.841821049882286     2.2384126726454863
-12.802621958870496     2.1443644288823247
-12.763422867858704     2.0333571770242975
-12.724223776846912     1.9145149210872217
-12.685024685835122     1.784600676727161
-12.64582559482333     1.6327043609355285
-12.606626503811539     1.448965821981079
-12.567427412799749     1.2326130023153574
-12.528228321787957     0.9950021847712767
-12.489029230776165     0.7563775891671813
-12.449830139764375     0.5386409883499432
-12.410631048752583     0.3582011035035218
-12.371431957740793     0.222138706798503
-12.332232866729     0.12852635689058275
-12.293033775717209     0.06957179024814746
-12.253834684705419     0.03544838537915673
-12.214635593693627     0.017188799705674697
-12.175436502681835     0.008069419766973241
-12.136237411670045     0.0037509301988129674
-12.097038320658253     0.0017641254358626492
-12.057839229646461     0.0008483184664646327
-12.018640138634671     0.0004144149658613027
-11.97944104762288     0.0002027399217553978
-11.940241956611088     0.00010075482908635392
-11.901042865599297     6.001905810477845e-05
-11.861843774587506     6.434402666063016e-05
-11.822644683575716     0.00012166603099575145
-11.783445592563924     0.00026728363460774195
-11.744246501552132     0.0005734278415497298
-11.705047410540342     0.001161624114509336
-11.66584831952855     0.002212715576616273
-11.626649228516758     0.0039675326583338884
-11.587450137504968     0.0067118694693730635
-11.548251046493176     0.010744741852905491
-11.509051955481384     0.016338096511531966
-11.469852864469594     0.02370384161602512
-11.430653773457802     0.03298179232114488
-11.39145468244601     0.0442449735784427
-11.35225559143422     0.057494207030352976
-11.313056500422428     0.07260367132679844
-11.273857409410637     0.08920508924581375
-11.234658318398846     0.1065579412954199
-11.195459227387055     0.12350696626349453
-11.156260136375264     0.13862088672486247
-11.117061045363473     0.15051655566206773
-11.07786195435168     0.15824798879219337
-11.03866286333989     0.16157239405740476
-10.999463772328099     0.16095847042217543
-10.960264681316307     0.15734934747291654
-10.921065590304517     0.151831327131759
-10.881866499292725     0.14539308968684792
-10.842667408280933     0.13887224959194303
-10.803468317269143     0.13304777542798246
-10.764269226257351     0.1287443866763785
-10.72507013524556     0.12682301702591794
-10.68587104423377     0.1280277319279223
-10.646671953221977     0.1327858463044956
-10.607472862210187     0.14114293002088663
-10.568273771198395     0.15299840524382688
-10.529074680186604     0.16866658621524078
-10.489875589174813     0.18956220453207048
-10.450676498163022     0.21861333784333742
-10.41147740715123     0.2599846207130375
-10.37227831613944     0.31793042764293705
-10.333079225127648     0.3950179624931094
-10.293880134115856     0.4903440722856764
-10.254681043104066     0.5984816473253723
-10.215481952092274     0.7096505934671663
-10.176282861080482     0.811155766515181
-10.137083770068692     0.8897265232768106
-10.0978846790569     0.9342026235544496
-10.05868558804511     0.9380158644552788
-10.019486497033318     0.9009733949695269
-9.980287406021526     0.8298771943440578
-9.941088315009736     0.7375946268055507
-9.901889223997944     0.6404793317268664
-9.862690132986152     0.5545691225703735
-9.823491041974362     0.4915782522110455
-9.78429195096257     0.4560250529232437
-9.745092859950779     0.4446096062488529
-9.705893768938989     0.4481497189132176
-9.666694677927197     0.45531120972415257
-9.627495586915405     0.4565795772532844
-9.588296495903615     0.4468917213268465
-9.549097404891823     0.4261370436498541
-9.509898313880031     0.39787397444837497
-9.470699222868241     0.36737347020472794
-9.431500131856449     0.3400566839180407
-9.392301040844659     0.3207119456459646
-9.353101949832867     0.31317173107630125
-9.313902858821075     0.31993137858345594
-9.274703767809285     0.3415243017833643
-9.235504676797493     0.37592078848157034
-9.196305585785701     0.41837159706816424
-9.157106494773911     0.46191224370135553
-9.11790740376212     0.49843941997418983
-9.078708312750328     0.5201199528809156
-9.039509221738538     0.5208963206613936
-9.000310130726746     0.4978418184899433
-8.961111039714954     0.452019850251729
-8.921911948703164     0.3884582026542208
-8.882712857691372     0.3150524708893256
-8.843513766679582     0.24065003793074866
-8.80431467566779     0.17297359323924333
-8.765115584655998     0.11712742908514628
-8.725916493644208     0.07512489811410246
-8.686717402632416     0.04638993594396626
-8.647518311620624     0.02881932068662283
-8.608319220608834     0.019915969043901235
-8.569120129597042     0.017680024645932345
-8.52992103858525     0.02120738874341804
-8.49072194757346     0.031123930849034226
-8.451522856561668     0.04997866565158846
-8.412323765549877     0.08252322490126318
-8.373124674538087     0.13551109954798995
-8.333925583526295     0.2164601736867273
-8.294726492514503     0.3309975531045015
-8.255527401502713     0.4791007525028918
-8.21632831049092     0.6515770259720394
-8.17712921947913     0.8288673064043096
-8.137930128467339     0.9839644939904554
-8.098731037455547     1.089609336415409
-8.059531946443757     1.1276319942252315
-8.020332855431965     1.0967390071195655
-7.981133764420173     1.0153693650949949
-7.941934673408383     0.9184008810691447
-7.902735582396591     0.8491124864156288
-7.863536491384799     0.8492637226756362
-7.824337400373009     0.9498371108132184
-7.785138309361217     1.1637309474190083
-7.745939218349426     1.4808911754526108
-7.7067401273376355     1.8666887625069084
-7.667541036325844     2.2650993169685285
-7.6283419453140535     2.6080297820169926
-7.589142854302262     2.8301734728259635
-7.54994376329047     2.885776808433132
-7.51074467227868     2.7615966114018224
-7.471545581266888     2.4808916563785948
-7.432346490255096     2.0967165349230106
-7.393147399243306     1.6773165941049337
-7.353948308231514     1.289463395256146
-7.314749217219724     0.9854694749579617
-7.275550126207932     0.7967852626158654
-7.23635103519614     0.7335678860497685
-7.197151944184348     0.7875776122527077
-7.1579528531725565     0.9359932017414727
-7.118753762160768     1.1453585209458916
-7.079554671148976     1.3762499890623614
-7.040355580137184     1.5893193012315812
-7.001156489125393     1.7522651493253156
-6.961957398113601     1.8460182695905234
-6.922758307101809     1.8679524466626185
-6.8835592160900205     1.8306066663507505
-6.844360125078229     1.755968347198624
-6.805161034066437     1.6672530511949597
-6.765961943054645     1.5815522929296473
-6.726762852042853     1.506818600655824
-6.687563761031065     1.4448479644182344
-6.648364670019273     1.398665327745909
-6.609165579007481     1.379714211509671
-6.569966487995689     1.409546462521624
-6.530767396983897     1.513213681413743
-6.491568305972105     1.7061831141636323
-6.452369214960317     1.9807857784167968
-6.413170123948525     2.2995062678760574
-6.373971032936733     2.599940737816094
-6.3347719419249415     2.8110950329000803
-6.29557285091315     2.8753945618609515
-6.256373759901358     2.7680078971118407
-6.2171746688895695     2.506312673600616
-6.177975577877778     2.1469523970886004
-6.138776486865986     1.773452233818651
-6.099577395854194     1.4807021318457316
-6.060378304842402     1.3619255303725977
-6.021179213830614     1.4996376813080492
-5.981980122818822     1.9574398536402826
-5.94278103180703     2.7678450299493926
-5.903581940795238     3.914672935469431
-5.864382849783446     5.315616643881283
-5.825183758771654     6.816830958126663
-5.785984667759866     8.211302090926397
-5.746785576748074     9.283722687828778
-5.707586485736282     9.870009524639798
-5.6683873947244905     9.90810816385637
-5.629188303712699     9.456859514175536
-5.58998921270091     8.673243593219683
-5.5507901216891185     7.757966642761433
-5.511591030677327     6.893393214463105
-5.472391939665535     6.198422842543799
-5.433192848653743     5.71335779204937
-5.393993757641951     5.412542839361456
-5.354794666630163     5.232356296366095
-5.315595575618371     5.100462049930604
-5.276396484606579     4.956776966772561
-5.237197393594787     4.762868104282287
-5.197998302582995     4.501396007296988
-5.158799211571203     4.169943028756234
-5.119600120559415     3.7742380054590083
-5.080401029547623     3.324470176823693
-5.041201938535831     2.8354761147209007
-5.0020028475240395     2.3285397962944394
-4.962803756512248     1.8313374784245984
-4.923604665500459     1.3740473071161483
-4.884405574488667     0.9826421751238723
-4.8452064834768755     0.6725745290732286
-4.806007392465084     0.4459304736253538
-4.766808301453292     0.29306420305576253
-4.7276092104415     0.19739226962993187
-4.688410119429712     0.14089476611976484
-4.64921102841792     0.1082475695402278
-4.610011937406128     0.08871758366207089
-4.570812846394336     0.07609837727350541
-4.531613755382544     0.06754238671504735
-4.492414664370752     0.06214561313921533
-4.453215573358964     0.05981845709950017
-4.414016482347172     0.060608413981937594
-4.37481739133538     0.06439368486699296
-4.335618300323588     0.07078259247139988
-4.2964192093117965     0.07908903870980259
-4.257220118300008     0.08833734276590961
-4.218021027288216     0.09732096771241062
-4.1788219362764245     0.10476455394080325
-4.139622845264633     0.10960521736347513
-4.100423754252841     0.1113293348765456
-4.061224663241049     0.11021949021333165
-4.022025572229261     0.10734880994273341
-3.9828264812174687     0.10424926839150954
-3.943627390205677     0.1023477406006381
-3.904428299193885     0.1024095558213984
-3.865229208182093     0.10425158791336411
-3.826030117170305     0.10686044900871862
-3.786831026158513     0.10885104766908296
-3.747631935146721     0.10904533333248548
-3.7084328441349292     0.10691879284183153
-3.6692337531231374     0.10274892165183051
-3.6300346621113455     0.09744187114837742
-3.590835571099557     0.09214115832387582
-3.5516364800877653     0.0877938042512764
-3.5124373890759735     0.08484990489770713
-3.4732382980641816     0.08320349242367676
-3.4340392070523897     0.08236755236530935
-3.394840116040598     0.08176416291929213
-3.3556410250288096     0.08096462637006145
-3.3164419340170177     0.07976635604167404
-3.277242843005226     0.07811027955198048
-3.238043751993434     0.07594291360566366
-3.198844660981642     0.07314301177551115
-3.159645569969854     0.06956332401675187
-3.120446478958062     0.06514582501494331
-3.08124738794627     0.06002227979699932
-3.042048296934478     0.054532828487732415
-3.0028492059226863     0.049153033596235955
-2.9636501149108945     0.044368639497714364
-2.924451023899106     0.040552535393560046
-2.8852519328873143     0.03788481185841279
-2.8460528418755224     0.03633258164816165
-2.8068537508637306     0.035685730026439676
-2.7676546598519387     0.03563262540045518
-2.728455568840147     0.03585428195455327
-2.6892564778283585     0.03611325327854881
-2.6500573868165667     0.03631332564595004
-2.610858295804775     0.03650995049260347
-2.571659204792983     0.03686309332469984
-2.532460113781191     0.037544366308711864
-2.4932610227694028     0.038632180305168344
-2.454061931757611     0.04003989971394957
-2.414862840745819     0.04151291284739799
-2.375663749734027     0.04270221834001922
-2.3364646587222353     0.04328753646899268
-2.2972655677104434     0.04309968398383317
-2.258066476698655     0.04219185391476174
-2.2188673856868633     0.0408320021407854
-2.1796682946750714     0.03942175608122994
-2.1404692036632795     0.038374970837498495
-2.1012701126514877     0.03800002967816145
-2.0620710216396994     0.03842299873238793
-2.0228719306279075     0.03957075406537761
-1.9836728396161156     0.04121300189210186
-1.9444737486043238     0.04304545069485149
-1.905274657592532     0.044785992647311576
-1.86607556658074     0.04625381919532049
-1.8268764755689517     0.047409584034552824
-1.7876773845571599     0.048350863983286654
-1.748478293545368     0.049273692213774326
-1.7092792025335761     0.05041910271543251
-1.6700801115217843     0.05202053690865588
-1.6308810205099924     0.054259090313397984
-1.591681929498204     0.05722757589748791
-1.5524828384864122     0.06090530866127125
-1.5132837474746204     0.06515006097219266
-1.4740846564628285     0.06971527819207513
-1.4348855654510366     0.07429567468586941
-1.3956864744392483     0.07859412419933455
-1.3564873834274565     0.08239183489371148
-1.3172882924156646     0.08559726100289572
-1.2780892014038727     0.08825159979515335
-1.2388901103920809     0.09048268281135521
-1.199691019380289     0.09242206795864262
-1.1604919283685007     0.09412201648728383
-1.1212928373567088     0.09551535877742184
-1.082093746344917     0.09644321292982021
-1.042894655333125     0.09673934662179919
-1.0036955643213332     0.09632629168147686
-0.9644964733095414     0.09526931538009202
-0.925297382297753     0.0937575427452775
-0.8860982912859612     0.09202316415556336
-0.8468992002741693     0.09024364917366046
-0.8077001092623775     0.0884777650924785
-0.7685010182505856     0.08666273894438671
-0.7293019272387973     0.08466445524800761
-0.6901028362270054     0.08234757160182914
-0.6509037452152135     0.07962998295065546
-0.6117046542034217     0.07650220379835801
-0.5725055631916298     0.07301336331853134
-0.533306472179838     0.06923964455854435
-0.49410738116804964     0.06525409737321826
-0.4549082901562578     0.06111113520419135
-0.4157091991444659     0.0568489451478679
-0.37651010813267405     0.0525028357520308
-0.3373110171208822     0.04811691495169876
-0.29811192610909387     0.04374402674478379
-0.258912835097302     0.03943354388502985
-0.21971374408551014     0.035216721278320054
-0.18051465307371828     0.03110207476094697
-0.14131556206192641     0.027086420137623364
-0.10211647105013455     0.023176117892459106
-0.06291738003834624     0.019405949826094664
-0.023718289026554373     0.015844381862999694
0.015480801985237491     0.012581841039662865
0.054679892997029356     0.00970743506643501
0.09387898400882122     0.007284400277026808
0.13307807502061308     0.005333904944339758
0.1722771660324014     0.0038321498944771984
0.21147625704419326     0.002719886450683508
0.2506753480559851     0.0019191560182279647
0.289874439067777     0.0013506410570107178
0.32907353007956885     0.0009463933668314059
0.36827262109135717     0.0006556538422967282
0.40747171210314903     0.00044444406198101716
0.4466708031149409     0.0002914398710428646
0.48586989412673276     0.0001829545619541082
0.5250689851385246     0.00010901689020708463
0.5642680761503165     6.1258532901831e-05
0.6034671671621048     3.2306544390247676e-05
0.6426662581738967     1.5939981529088022e-05
0.6818653491856885     7.3558685175102766e-06
0.7210644401974804     3.2192176371160612e-06
0.7602635312092723     1.4757560700842398e-06
0.7994626222210641     1.0568895529819786e-06
0.8386617132328524     1.6141669720369001e-06
0.8778608042446443     3.3540118870495447e-06
0.9170598952564362     6.961738285722533e-06
0.956258986268228     1.353582404517978e-05
0.9954580772800199     2.4415278936616436e-05
1.0346571682918082     4.0798213622816584e-05
1.0738562593036     6.314345336026054e-05
1.113055350315392     9.051116605424695e-05
1.1522544413271838     0.00012015811904073385
1.1914535323389757     0.00014773191664166647
1.2306526233507675     0.0001682132240599041
1.2698517143625558     0.00017738045526239935
1.3090508053743477     0.00017322365533786578
1.3482498963861396     0.00015666105185934296
1.3874489873979314     0.00013120924750577103
1.4266480784097233     0.00010176893257593627
1.4658471694215116     7.309921237760395e-05
1.5050462604333035     4.862542869050471e-05
1.5442453514450953     2.9958184768130083e-05
1.5834444424568872     1.7106559327798916e-05
1.622643533468679     9.089826503295849e-06
1.661842624480471     4.601071302481856e-06
1.7010417154922592     2.5011248349549332e-06
1.740240806504051     2.091901485989117e-06
1.779439897515843     3.228627977500867e-06
1.8186389885276348     6.345789883577189e-06
1.8578380795394267     1.2416162241110032e-05
1.8970371705512186     2.278864328255555e-05
1.9362362615630069     3.88178739366036e-05
1.9754353525747987     6.125458643139019e-05
2.0146344435865906     8.95174028587908e-05
2.0538335345983825     0.00012114873942274817
2.0930326256101743     0.00015183691758793193
2.1322317166219626     0.0001762407692751207
2.1714308076337545     0.00018948569461518352
2.2106298986455464     0.00018879668822513812
2.2498289896573382     0.000174567963725725
2.28902808066913     0.00015039705761293821
2.328227171680922     0.00012212131605908168
2.3674262626927103     9.635927025521395e-05
2.406625353704502     7.917629797496273e-05
2.445824444716294     7.521788218289369e-05
2.485023535728086     8.722865211539917e-05
2.5242226267398777     0.00011564482250726894
2.5634217177516696     0.00015809511866923782
2.602620808763458     0.00020905254586022924
2.64181989977525     0.0002601984086415486
2.6810189907870416     0.00030195862313280627
2.7202180817988335     0.00032610070000018424
2.7594171728106254     0.0003285612654176786
2.7986162638224137     0.0003113116967580827
2.8378153548342056     0.00028237336981950514
2.8770144458459974     0.00025392103220108023
2.9162135368577893     0.00023925692403577547
2.955412627869581     0.00024981060245891234
2.994611718881373     0.00029309255416219346
3.0338108098931613     0.00037196499108470526
3.073009900904953     0.00048507591947311154
3.112208991916745     0.0006280522276555907
3.151408082928537     0.0007950312875131261
3.1906071739403288     0.0009801634201751302
3.229806264952117     0.0011787201003828627
3.269005355963909     0.0013874189872220477
3.308204446975701     0.0016036650067694927
3.3474035379874927     0.0018237300374525842
3.3866026289992845     0.0020404154203570463
3.4258017200110764     0.002241221110702839
3.4650008110228647     0.0024081640106757697
3.5041999020346566     0.002519968670303626
3.5433989930464485     0.002556499166314694
3.5825980840582403     0.0025043439508105844
3.621797175070032     0.002361795030261028
3.660996266081824     0.00214137751584427
3.7001953570936124     0.0018687150133209324
3.7393944481054042     0.001577744587791371
3.778593539117196     0.0013036863188683418
3.817792630128988     0.0010760577978519855
3.85699172114078     0.0009138652276115404
3.896190812152568     0.0008239399444621876
3.93538990316436     0.0008019411828631183
3.974588994176152     0.0008347434593032775
4.013788085187944     0.0009031870196110732
4.052987176199736     0.0009850419661406895
4.0921862672115275     0.0010585813698414095
4.131385358223316     0.0011067725021322668
4.170584449235108     0.0011210742169547021
4.2097835402468995     0.0011031526704865617
4.248982631258691     0.0010633155912296846
4.288181722270483     0.0010160136709347588
4.327380813282275     0.0009743455002526054
4.366579904294063     0.0009459920344748533
4.405778995305855     0.0009320603310620629
4.444978086317647     0.0009286410071157159
4.484177177329439     0.0009296196089501765
4.523376268341231     0.0009291118422012412
4.562575359353019     0.0009226381180946774
4.601774450364811     0.0009071051387022533
4.640973541376603     0.0008802237013144994
4.680172632388395     0.0008400315590666069
4.719371723400187     0.0007849176185822967
4.7585708144119785     0.0007141925151479116
4.797769905423767     0.0006289339707155101
4.836968996435559     0.0005326242161576853
4.8761680874473505     0.0004310983036299118
4.915367178459142     0.0003316029703090003
4.954566269470934     0.00024121905397861187
4.993765360482723     0.00016525811345054762
5.032964451494514     0.00010626873833497567
5.072163542506306     6.396785953228876e-05
5.111362633518098     3.596629707206095e-05
5.15056172452989     1.885678837067059e-05
5.189760815541682     9.206495025399024e-06
5.22895990655347     4.181329591431121e-06
5.268158997565262     1.7650712984556585e-06
5.307358088577054     6.920642934387927e-07
5.346557179588846     2.5190330687712565e-07
5.385756270600638     8.50832120409583e-08
5.4249553616124295     2.6665381932020484e-08
5.464154452624218     7.78819143782329e-09
5.50335354363601     2.2775169039864336e-09
5.542552634647802     1.2992406468100027e-09
5.581751725659593     3.051704643751021e-09
5.620950816671385     1.0247655901661542e-08
5.660149907683174     3.3015310284836634e-08
5.6993489986949655     9.87201599415394e-08
5.738548089706757     2.7339442076908033e-07
5.777747180718549     7.011500043236074e-07
5.816946271730341     1.6651995846789362e-06
5.856145362742133     3.6623133027103064e-06
5.895344453753921     7.458964320802233e-06
5.934543544765713     1.4068098451018632e-05
5.973742635777505     2.4571185007826488e-05
6.012941726789297     3.974208416853733e-05
6.052140817801089     5.952631654642098e-05
6.091339908812881     8.256599406828398e-05
6.130538999824669     0.00010605404862660228
6.169738090836461     0.00012614996217592627
6.208937181848253     0.0001389571284074689
6.2481362728600445     0.0001417452031192383
6.287335363871836     0.00013389666015721914
6.326534454883625     0.00011712913929073866
6.3657335458954165     9.48842203402475e-05
6.404932636907208     7.11798172485448e-05
6.444131727919      4.9448551892334314e-05
6.483330818930792     3.181149801693567e-05
6.522529909942584     1.8951714161412843e-05
6.561729000954372     1.0455545798252166e-05
6.600928091966164     5.341690982746408e-06
6.640127182977956     2.527229832470302e-06
6.679326273989748     1.1072504586673174e-06
6.71852536500154     4.4926204287720874e-07
6.757724456013332     1.6891380564003764e-07
6.79692354702512     5.938027839061084e-08
6.836122638036912     2.219161929580019e-08
6.875321729048704     2.1346069457302206e-08
6.9145208200604955     7.379125362015244e-08
6.953719911072287     3.180128485014019e-07
6.992919002084076     1.329700357079594e-06
7.0321180930958676     5.274074318568149e-06
7.071317184107659     1.9728441636096215e-05
7.110516275119451     6.92950213953726e-05
7.149715366131243     0.00022773018109317918
7.188914457143035     0.0006982762462883432
7.228113548154823     0.001993419308473367
7.267312639166615     0.005290005267267184
7.306511730178407     0.01303500916845937
7.345710821190199     0.02980022665157049
7.384909912201991     0.06317465544256586
7.424109003213779     0.12414366647093215
7.463308094225571     0.2260862967939734
7.502507185237363     0.3815619364715262
7.541706276249155     0.59682476030497
7.5809053672609465     0.8655345900728032
7.620104458272738     1.1647678276503763
7.659303549284527     1.4568998400135307
7.698502640296319     1.6991362457816466
7.7377017313081105     1.8586176274856256
7.776900822319902     1.927071340053109
7.816099913331694     1.9276853716725355
7.855299004343486     1.9097702062340332
7.894498095355274     1.9326861688248516
7.933697186367066     2.045992866125413
7.972896277378858     2.27435375100337
8.01209536839065     2.612408393349673
8.051294459402442     3.0289325218233882
8.09049355041423     3.475250361610757
8.129692641426022     3.892965622140227
8.168891732437814     4.2200456888982325
8.208090823449606     4.398296693533626
8.247289914461398     4.385293826062713
8.28648900547319     4.169279066890371
8.325688096484978     3.7801038559550677
8.36488718749677     3.288005729493897
8.404086278508561     2.786867068689972
8.443285369520353     2.3667925668744516
8.482484460532145     2.087024880909259
8.521683551543937     1.9606101675194083
8.560882642555725     1.9568638751895622
8.600081733567517     2.0196553930685113
8.63928082457931     2.0927060879877275
8.678479915591101     2.1404067205789103
8.71767900660289     2.1552721952360203
8.756878097614685     2.1500330036471853
8.796077188626473     2.1402846718483683
8.835276279638268     2.1283403949099355
8.874475370650057     2.097619019302601
8.913674461661845     2.0202314598996156
8.95287355267364     1.8725191619642607
8.992072643685429     1.6490548372196376
9.031271734697224     1.3673792292090694
9.070470825709013     1.061814026525416
9.1096699167208     0.7708133512461244
9.148869007732596     0.5248674174139742
9.188068098744385     0.34022780464880853
9.22726718975618     0.2197102582945716
9.266466280767968     0.158320775521285
9.305665371779757     0.15000822241385778
9.344864462791552     0.192326970900026
9.38406355380334     0.28719716915601673
9.423262644815136     0.43751012997512545
9.462461735826924     0.6408526675329161
9.50166082683872     0.8830524974282489
9.540859917850508     1.1350733143481666
9.580059008862296     1.3561442836306852
9.619258099874092     1.5034807436423212
9.65845719088588     1.5454228758664585
9.697656281897675     1.4723383157319774
9.736855372909464     1.3000796332207991
9.776054463921252     1.0642739318420706
9.815253554933047     0.8082406862730829
9.854452645944836     0.5701212404851391
9.893651736956631     0.37435676502891674
9.93285082796842     0.22968950986979886
9.972049918980208     0.13252492562810422
10.011249009992003     0.07265347032316691
10.050448101003791     0.03847667252917974
10.089647192015587     0.02023448095820491
10.128846283027375     0.011154276617890582
10.16804537403917     0.00723678858636542
10.207244465050959     0.006497801888711671
10.246443556062747     0.00820489862436589
10.285642647074543     0.01231530922898802
10.32484173808633     0.019105737901752566
10.364040829098126     0.028905916368958104
10.403239920109915     0.041855075025538924
10.442439011121703     0.05764838396215149
10.481638102133498     0.07530609855221464
10.520837193145287     0.09306318584637871
10.560036284157082     0.10850497521937741
10.59923537516887     0.1190199495270834
10.638434466180659     0.12249615793504977
10.677633557192454     0.11801975616862743
10.716832648204242     0.10626097186369558
10.756031739216038     0.08933571574044914
10.795230830227826     0.07017385413682264
10.834429921239622     0.05166359322005239
10.87362901225141     0.03592790893379872
10.912828103263198     0.023982954584904556
10.952027194274994     0.015816707720377875
10.991226285286782     0.010744502408692567
11.030425376298577     0.007832141789183606
11.069624467310366     0.006223076287405709
11.108823558322154     0.005302334815965838
11.14802264933395     0.004714377426623576
11.187221740345738     0.004295043137539706
11.226420831357533     0.003980985384019553
11.265619922369321     0.0037396642747975187
11.30481901338111     0.0035359984771152855
11.344018104392905     0.003330085213424836
11.383217195404693     0.003089837022360561
11.422416286416489     0.002802974029418604
11.461615377428277     0.0024801065330711815
11.500814468440065     0.002148704314051002
11.540013559451861     0.0018424063785663029
11.57921265046365     0.001590567107862656
11.618411741475445     0.0014109353819647525
11.657610832487233     0.001306240881807945
11.696809923499028     0.0012644445470952718
11.736009014510817     0.001262291517964456
11.775208105522605     0.0012716805601476323
11.8144071965344     0.001267652325576161
11.853606287546189     0.0012357896115109588
11.892805378557984     0.0011764356711049583
11.932004469569772     0.0011041376879040979
11.97120356058156     0.0010430282573539108
12.010402651593356     0.0010214543275803166
12.049601742605144     0.0010706456873314546
12.08880083361694     0.0012314844989650758
12.127999924628728     0.0015701193673038352
12.167199015640517     0.0021977570564511526
12.206398106652312     0.0032839985604750798
12.2455971976641     0.005049359482186393
12.284796288675896     0.007724774415095842
12.323995379687684     0.011476525860162838
12.36319447069948     0.01631263502870604
12.402393561711268     0.0220038840960558
12.441592652723056     0.02805859337893951
12.480791743734851     0.033778042944480564
12.51999083474664     0.0383920674876371
12.559189925758435     0.041244393349358775
12.598389016770223     0.04197851312473956
12.637588107782012     0.040673566847252846
12.676787198793807     0.03789278490897112
12.715986289805596     0.03462729916689978
12.755185380817391     0.032139335158533004
12.79438447182918     0.03172707489891197
12.833583562840968     0.034447013277544604
12.872782653852763     0.040839559924402614
12.911981744864551     0.05071317584019271
12.951180835876347     0.06305076594814268
12.990379926888135     0.0760985518438429
13.02957901789993     0.08766552812453288
13.068778108911719     0.09559514663005236
13.107977199923507     0.09829099052552447
13.147176290935302     0.09512835766445778
13.18637538194709     0.08660290328807388
13.225574472958886     0.07415949378316135
13.264773563970675     0.05976859296182191
13.303972654982463     0.04541152277858913
13.343171745994258     0.03265427292866605
13.382370837006047     0.022430008759535956
13.421569928017842     0.015051477626046776
13.46076901902963     0.010388115131257434
13.499968110041419     0.008103812152842536
13.539167201053214     0.00786344241237114
13.578366292065002     0.00945759742630885
13.617565383076798     0.012837029410127222
13.656764474088586     0.01807283017550871
13.695963565100381     0.0252642057359646
13.73516265611217     0.03441440328352955
13.774361747123958     0.04530017694242384
13.813560838135754     0.057374793745706705
13.852759929147542     0.06975783509023686
13.891959020159337     0.08135656312979557
13.931158111171126     0.09111941337999914
13.970357202182914     0.09835147577418225
14.00955629319471     0.10296099975205625
14.048755384206498     0.10550070973295439
14.087954475218293     0.10694091541179826
14.127153566230081     0.10823905195241598
14.16635265724187     0.10988704045504492
14.205551748253665     0.11165322290740987
14.244750839265453     0.11265843080894945
14.283949930277249     0.11176743079950527
14.323149021289037     0.1081182039413166
14.362348112300833     0.10153901217814194
14.40154720331262     0.09266026868819678
14.44074629432441     0.08268627479769822
14.479945385336205     0.0729626010632401
14.519144476347993     0.06456107805775019
14.558343567359788     0.058060959640280914
14.597542658371577     0.05356858490425098
14.636741749383365     0.05088177379511364
14.67594084039516     0.04965374272191721
14.715139931406949     0.04946379119224482
14.754339022418744     0.04980502848616659
14.793538113430532     0.050071905103282195
14.83273720444232     0.04962419560735298
14.871936295454116     0.04793475647519995
14.911135386465904     0.04475543063902132
14.9503344774777     0.04021323969924404
14.989533568489488     0.034787830210070994
15.028732659501276     0.029186815263962294
15.067931750513072     0.024181421700720417
15.10713084152486     0.020466126122754974
15.146329932536656     0.018571878355419614
15.185529023548444     0.018822059674306557
15.22472811456024     0.02129990122372537
15.263927205572028     0.025805427548276014
15.303126296583816     0.03181074434934042
15.342325387595611     0.03845430675445586
15.3815244786074     0.0446244705386384
15.420723569619195     0.04915581575735627
15.459922660630983     0.0511047942611858
15.499121751642772     0.05001404975513085
15.538320842654567     0.046056041500484673
15.577519933666355     0.03998691352417051
15.61671902467815     0.03292397352325676
15.65591811568994     0.026037949038271235
15.695117206701727     0.02027971920522676
15.734316297713523     0.016228813636700472
15.773515388725311     0.01408380146449592
15.812714479737107     0.013754035144480682
15.851913570748895     0.01498570430350436
15.89111266176069     0.017464557834309762
15.930311752772479     0.02086698801943016
15.969510843784267     0.024862193450678857
16.008709934796062     0.029089482277836694
16.04790902580785     0.03314208229090366
16.087108116819646     0.03658182572891157
16.126307207831434     0.038991001570419605
16.165506298843223     0.04004630301257839
16.204705389855018     0.03958601891109059
16.243904480866806     0.03764349442356682
16.283103571878602     0.034436166627210656
16.32230266289039     0.03031915710277007
16.36150175390218     0.02572273576912337
16.400700844913974     0.021089808536072348
16.439899935925762     0.016820196276387516
16.479099026937558     0.013223831843294287
16.518298117949346     0.010489182262785663
16.55749720896114     0.008680552435472406
16.59669629997293     0.007780372167957043
16.635895390984718     0.00778921419262445
16.675094481996513     0.008895351827593738
16.7142935730083     0.011735332986722597
16.753492664020097     0.017780438160713365
16.792691755031885     0.029869418775747402
16.831890846043674     0.05281959246188336
16.87108993705547     0.09386603963131059
16.910289028067258     0.16246600668025374
16.949488119079053     0.2689358945813478
16.98868721009084     0.4216686781819457
17.02788630110263     0.623363908964763
17.067085392114425     0.8675157435802533
17.106284483126213     1.1367987723394206
17.14548357413801     1.4045218859230022
17.184682665149797     1.6390945110608495
17.223881756161592     1.8101846969168232
17.26308084717338     1.8947417366030568
17.30227993818517     1.8814931827145338
17.341479029196964     1.773348330466738
17.380678120208753     1.5876597799643561
17.419877211220548     1.3544016682949969
17.459076302232337     1.1124761606360525
17.498275393244125     0.9048843413417061
17.53747448425592     0.7740547978666257
17.57667357526771     0.7585133542755914
17.615872666279504     0.8910496911436202
17.655071757291292     1.1971950206110342
17.69427084830308     1.6922012777042135
17.733469939314876     2.375455790708947
17.772669030326664     3.2231767693829116
17.81186812133846     4.1823937250503525
17.851067212350248     5.170426513636744
17.890266303362043     6.083334582536405
17.929465394373832     6.813793138967649
17.96866448538562     7.274418730462095
18.007863576397416     7.418828196361488
18.047062667409204     7.252160613462859
18.086261758421     6.826553695424622
18.125460849432788     6.223607472094826
18.164659940444576     5.531535194463197
18.20385903145637     4.826144634785819
18.24305812246816     4.161410458993538
18.282257213479955     3.5697118040791787
18.321456304491743     3.067476779195235
18.36065539550353     2.6611777177004337
18.399854486515327     2.3508632103174296
18.439053577527115     2.1313788884007385
18.47825266853891     1.992925414038826
18.5174517595507     1.9220742647195457
18.556650850562495     1.9029765078390495
18.595849941574283     1.9178852034153089
18.63504903258607     1.9468598724463155
18.674248123597867     1.9677539849284045
18.713447214609655     1.9579307919700466
18.75264630562145     1.8981125139178219
18.79184539663324     1.7771419651080065
18.831044487645027     1.5954944498212345
18.870243578656822     1.3657548146935383
18.90944266966861     1.1096187199964564
18.948641760680406     0.8524410607590467
18.987840851692194     0.6172377306764272
19.027039942703983     0.42007491303557015
19.066239033715778     0.2680619453263632
19.105438124727566     0.16007282888003693
19.144637215739362     0.08935201503329321
19.18383630675115     0.04671135641465408
19.22303539776294     0.023194044522141383
19.262234488774734     0.011637660693832026
19.301433579786522     0.0071457170900143755
19.340632670798318     0.006816519565412584
19.379831761810106     0.009139332370324767
19.4190308528219     0.01336743398805304
19.45822994383369     0.01905631694021952
19.497429034845478     0.02588370165021544
19.536628125857273     0.03383323409079194
19.57582721686906     0.04376886606615467
19.615026307880857     0.05830040689534196
19.654225398892645     0.08263083909321098
19.693424489904434     0.12483452179682183
19.73262358091623     0.19487838600483284
19.771822671928017     0.3018759946916837
19.811021762939813     0.44973618423263356
19.8502208539516     0.6324626901244919
19.88941994496339     0.8313675489659923
19.928619035975185     1.016547915467491
19.967818126986973     1.1535568235103144
20.00701721799877     1.2136220076763902
20.046216309010557     1.183452970249547
20.085415400022352     1.0702923660790744
20.12461449103414     0.9000150074121576
20.16381358204593     0.7096118828437349
20.203012673057724     0.5381135783549553
20.242211764069513     0.42022275086927474
20.281410855081308     0.38463918623297927
20.320609946093096     0.4558173546152349
20.359809037104885     0.6556295959789626
20.39900812811668     1.0013056090501917
20.43820721912847     1.4981059334324436
20.477406310140264     2.1285428280388916
20.516605401152052     2.843115289039244
20.55580449216384     3.55884923275819
20.595003583175636     4.170212290867793
20.634202674187424     4.572190800193696
20.67340176519922     4.68922890412646
20.712600856211008     4.499456002857579
20.751799947222803     4.0440138197916315
20.79099903823459     3.416868998561537
20.83019812924638     2.7386507639846647
20.869397220258175     2.12444084259311
20.908596311269964     1.6568415905912284
20.94779540228176     1.3720318566806171
20.986994493293547     1.2606482263293988
21.026193584305336     1.2803655902607636
21.06539267531713     1.3744625402580761
21.10459176632892     1.490113985626684
21.143790857340715     1.5909572611536706
21.182989948352503     1.6605899676885214
21.22218903936429     1.697173813006058
21.261388130376087     1.703257136432909
21.300587221387875     1.6771239519531922
21.33978631239967     1.6106593063309032
21.37898540341146     1.4943516427197263
21.418184494423254     1.3254339941421662
21.457383585435043     1.1134161421710724
21.49658267644683     0.8793787657134736
21.535781767458626     0.6495835860151069
21.574980858470415     0.4471851539843508
21.61417994948221     0.28623221475968963
21.653379040494     0.17008971748724386
21.692578131505787     0.09374649340419305
21.731777222517582     0.047895242428448524
21.77097631352937     0.022674152833024173
21.810175404541166     0.009944318507457844
21.849374495552954     0.004039901804698225
21.888573586564743     0.0015201955658008053
21.927772677576538     0.0005298856227527113
21.966971768588326     0.00017112320251681115
22.00617085960012     5.122901904124714e-05
22.04536995061191     1.4235492066262753e-05
22.084569041623705     3.683084851917936e-06
22.123768132635494     8.934885971012774e-07
22.162967223647282     2.063996499705323e-07
22.202166314659078     4.682218392546795e-08
22.241365405670866     1.0967146316504287e-08
22.28056449668266     2.7974600040792743e-09
22.31976358769445     7.895034128689524e-10
22.358962678706238     2.3750485471284004e-10
22.398161769718033     7.201507872377508e-11
22.43736086072982     2.110494261409114e-11
22.476559951741617     5.841256890974098e-12
22.515759042753405     1.5100939759923394e-12
22.554958133765194     3.628646193924782e-13
22.59415722477699     8.087331739507858e-14
22.633356315788777     1.6702877802005976e-14
22.672555406800573     3.195471475828306e-15
22.71175449781236     5.66193585328253e-16
22.75095358882415     9.290756665881296e-17
22.790152679835945     1.4118258478997536e-17
22.829351770847733     1.9869935843485228e-18
22.86855086185953     2.612287111769946e-19
22.907749952871317     5.359881806916248e-20
22.946949043883112     2.0314535143372517e-19
22.9861481348949     1.6517391310773035e-18
23.02534722590669     1.2648849382411503e-17
23.064546316918484     8.971954944471025e-17
23.103745407930273     5.893294444943358e-16
23.142944498942068     3.584784430820835e-15
23.182143589953856     2.0193043613660084e-14
23.221342680965645     1.0533540167664483e-13
23.26054177197744     5.088394352710097e-13
23.29974086298923     2.2762554679148564e-12
23.338939954001024     9.429639201053132e-12
23.378139045012812     3.61745372078548e-11
23.4173381360246     1.2851230861195739e-10
23.456537227036396     4.2278571092580573e-10
23.495736318048184     1.2880410674698545e-09
23.53493540905998     3.633899843918589e-09
23.574134500071768     9.494017551784945e-09
23.613333591083563     2.2969997138789636e-08
23.65253268209535     5.14642544648103e-08
23.69173177310714     1.0677861029047145e-07
23.730930864118935     2.051618830967166e-07
23.770129955130724     3.650420736484832e-07
23.80932904614252     6.014825092619646e-07
23.848528137154307     9.177764651002637e-07
23.887727228166096     1.2968348248800703e-06
23.92692631917789     1.6969390586435123e-06
23.96612541018968     2.056277206146178e-06
24.005324501201475     2.307442622909865e-06
24.04452359221326     2.3978057300779643e-06
