-23.387613558443515     3.805221726254417e-05
-23.34841352212308     3.703769799588602e-05
-23.309213485802648     3.4110507279495527e-05
-23.27001344948221     3.084370451036502e-05
-23.230813413161776     2.966247627179132e-05
-23.191613376841342     3.3760717534040955e-05
-23.15241334052091     4.695588131474536e-05
-23.11321330420047     7.332821200914154e-05
-23.074013267880037     0.00011644908087570717
-23.034813231559603     0.00017817426162288874
-22.99561319523917     0.00025734110602811
-22.956413158918732     0.00034904044885397326
-22.917213122598298     0.00044511254674392396
-22.878013086277864     0.0005359830428435792
-22.83881304995743     0.0006131496633113692
-22.799613013636996     0.0006711297783781998
-22.76041297731656     0.0007079674266583727
-22.721212940996125     0.0007243813466891638
-22.68201290467569     0.000722587000351769
-22.642812868355257     0.0007059396028340948
-22.60361283203482     0.0006796621280057274
-22.564412795714386     0.0006517443659669634
-22.525212759393952     0.0006326380245694385
-22.486012723073518     0.0006330919703794147
-22.446812686753084     0.000660873243564213
-22.407612650432647     0.0007181189622759579
-22.368412614112213     0.0008008321955587002
-22.32921257779178     0.0009006575896510483
-22.290012541471345     0.0010075505964920821
-22.250812505150908     0.0011115020659200438
-22.211612468830474     0.001202560772671513
-22.17241243251004     0.0012702121516773664
-22.133212396189606     0.0013041506507530788
-22.09401235986917     0.001297560975168472
-22.054812323548735     0.0012516947583584269
-22.0156122872283     0.0011786370578142616
-21.976412250907867     0.0010994315671882132
-21.937212214587433     0.0010372985985089235
-21.898012178266995     0.001008861797977035
-21.85881214194656     0.001017900741647704
-21.819612105626128     0.0010550699546736915
-21.780412069305694     0.00110395597869794
-21.741212032985256     0.0011506330116383221
-21.702011996664822     0.0011922767262165497
-21.66281196034439     0.0012410757951809915
-21.623611924023955     0.0013220321957337624
-21.584411887703517     0.0014659046963196377
-21.545211851383083     0.0017002509256412637
-21.50601181506265     0.002041712075091261
-21.466811778742215     0.0024916564518984263
-21.42761174242178     0.003035841940073381
-21.388411706101344     0.003647635144145754
-21.34921166978091     0.004293878112646619
-21.310011633460476     0.004942489336610145
-21.270811597140042     0.0055706819073095
-21.231611560819605     0.006171794694551177
-21.19241152449917     0.006757585810636987
-21.153211488178737     0.007352937589025978
-21.114011451858303     0.007982764569321558
-21.074811415537866     0.008656091244076675
-21.035611379217432     0.00935657587021212
-20.996411342896998     0.010047929849559493
-20.957211306576564     0.010695037414813119
-20.91801127025613     0.011290612096526532
-20.878811233935693     0.011870264207155704
-20.83961119761526     0.01250204783731517
-20.800411161294825     0.013249863133145821
-20.76121112497439     0.014126380050414056
-20.722011088653957     0.015060444821006276
-20.68281105233352     0.015899818110847577
-20.643611016013086     0.016453893939783217
-20.604410979692652     0.016561142750343063
-20.565210943372215     0.0161530226278932
-20.52601090705178     0.015286852501808062
-20.486810870731347     0.01413397263997962
-20.447610834410913     0.012928894402506276
-20.40841079809048     0.011900292097409892
-20.36921076177004     0.011209252136857837
-20.330010725449608     0.010914110714173116
-20.290810689129174     0.010969279051484152
-20.25161065280874     0.011253434512342573
-20.212410616488306     0.01161416593879751
-20.17321058016787     0.011913142168460062
-20.134010543847435     0.012058242478340192
-20.094810507527     0.01201569127982865
-20.055610471206567     0.011803278565371542
-20.01641043488613     0.011471608097801827
-19.977210398565695     0.011081859506575847
-19.93801036224526     0.010686653388608946
-19.898810325924828     0.01031791456542716
-19.85961028960439     0.009983693750575028
-19.820410253283956     0.009674045726038421
-19.781210216963522     0.009373223488458954
-19.74201018064309     0.009072597309233614
-19.702810144322655     0.008778407531414675
-19.663610108002217     0.00851187646410257
-19.624410071681783     0.008304145767107644
-19.58521003536135     0.008191066998835286
-19.546009999040916     0.00821107827122495
-19.506809962720478     0.008404984031659063
-19.467609926400044     0.008813150372489755
-19.42840989007961     0.009466031542111583
-19.389209853759176     0.01036794238777364
-19.35000981743874     0.01147940922894509
-19.310809781118305     0.012707368659904314
-19.27160974479787     0.013912272446280719
-19.232409708477437     0.014935428969692466
-19.193209672157003     0.01564014194524473
-19.154009635836566     0.015951258700107645
-19.114809599516132     0.015875549220577146
-19.075609563195698     0.015492569268471557
-19.036409526875264     0.014919091901404953
-18.99720949055483     0.014262600298589116
-18.958009454234393     0.013584354093513345
-18.91880941791396     0.012888207772777677
-18.879609381593525     0.012140086824803498
-18.840409345273088     0.011309514859183599
-18.801209308952654     0.010414055494797759
-18.76200927263222     0.00954455807945468
-18.722809236311786     0.008855979267981694
-18.683609199991352     0.0085235838483237
-18.644409163670915     0.008681678686141097
-18.60520912735048     0.009374020135311308
-18.566009091030047     0.010545318574386843
-18.526809054709613     0.012089174327521485
-18.48760901838918     0.013941594259867447
-18.44840898206874     0.016179147773549417
-18.409208945748308     0.0190609137082481
-18.370008909427874     0.022960008658631032
-18.330808873107436     0.028173157211666994
-18.291608836787002     0.03466625062528858
-18.25240880046657     0.04187692029184356
-18.213208764146135     0.04870644733908219
-18.1740087278257     0.05376517222252819
-18.134808691505263     0.05580814699871561
-18.09560865518483     0.05418081697294366
-18.056408618864396     0.04906685227706194
-18.01720858254396     0.041420683377040184
-17.978008546223528     0.03262574453502691
-17.93880850990309     0.02404857452599133
-17.899608473582656     0.016684313395642456
-17.860408437262222     0.011009857485877362
-17.821208400941785     0.007041064326216778
-17.78200836462135     0.004504911096656371
-17.742808328300917     0.0030216767364517746
-17.703608291980483     0.0022307927112286546
-17.66440825566005     0.0018468266197048868
-17.625208219339612     0.0016667442202223405
-17.586008183019178     0.0015570784592351676
-17.546808146698744     0.001439404961414469
-17.50760811037831     0.001279095381812903
-17.468408074057876     0.0010748999275457618
-17.42920803773744     0.0008467262812987519
-17.390008001417005     0.0006222652674770164
-17.35080796509657     0.0004255876036005084
-17.311607928776134     0.00027059796465372693
-17.2724078924557     0.00016002950809501046
-17.233207856135266     8.839217723051934e-05
-17.194007819814832     4.6319908764843015e-05
-17.154807783494398     2.4227213085619757e-05
-17.11560774717396     1.4348560925110778e-05
-17.076407710853527     1.1269773667018818e-05
-17.037207674533093     1.1562974089528841e-05
-16.99800763821266     1.314637152152776e-05
-16.958807601892225     1.4752791044355254e-05
-16.919607565571788     1.5629360600997564e-05
-16.880407529251354     1.541836212653546e-05
-16.84120749293092     1.410733019716872e-05
-16.802007456610482     1.1958436285740326e-05
-16.762807420290052     9.388363706875746e-06
-16.723607383969615     6.825787908371735e-06
-16.68440734764918     4.595705323884133e-06
-16.645207311328747     2.865398250557762e-06
-16.60600727500831     1.6544375380224963e-06
-16.566807238687876     8.846023337043026e-07
-16.52760720236744     4.380039612152884e-07
-16.488407166047008     2.0083538259413026e-07
-16.449207129726574     8.527753620901034e-08
-16.410007093406136     3.353214119198109e-08
-16.370807057085702     1.2210126195687747e-08
-16.33160702076527     4.117287971726557e-09
-16.292406984444835     1.28568494671534e-09
-16.2532069481244     3.717834893244311e-10
-16.214006911803963     9.955838974208128e-11
-16.17480687548353     2.4688678987697405e-11
-16.135606839163096     5.6695692790986396e-12
-16.096406802842658     1.2056867957704547e-12
-16.057206766522224     2.3743851500998424e-13
-16.01800673020179     4.3301212228046484e-14
-15.978806693881356     7.312757408673994e-15
-15.93960665756092     1.1436536038028193e-15
-15.900406621240485     1.6563040496129779e-16
-15.861206584920051     2.2213543830029576e-17
-15.822006548599617     2.7588485434082628e-18
-15.782806512279183     3.173000156280962e-19
-15.743606475958748     3.379438539324674e-20
-15.704406439638312     3.3331221988299584e-21
-15.665206403317878     3.044318946421798e-22
-15.626006366997444     2.57491515915373e-23
-15.586806330677009     2.0187617983734734e-24
-15.547606294356573     1.8246450183509459e-25
-15.508406258036139     6.303450103827615e-25
-15.469206221715705     9.856182313388422e-24
-15.43000618539527     1.4495750130073025e-22
-15.390806149074836     1.9743839212572793e-21
-15.3516061127544     2.4903182206424006e-20
-15.312406076433966     2.9087762235998326e-19
-15.27320604011353     3.1462845787984266e-18
-15.234006003793096     3.151504388197322e-17
-15.19480596747266     2.9232775765196776e-16
-15.155605931152227     2.511044555775824e-15
-15.116405894831793     1.9974274180917347e-14
-15.077205858511357     1.4713629625342683e-13
-15.038005822190923     1.003692911290491e-12
-14.998805785870488     6.340362937481306e-12
-14.959605749550054     3.7090236702755315e-11
-14.920405713229618     2.0092654465990742e-10
-14.881205676909184     1.007969175115208e-09
-14.842005640588749     4.682625339730202e-09
-14.802805604268315     2.014483874781941e-08
-14.763605567947879     8.02546868192754e-08
-14.724405531627445     2.9608011299190975e-07
-14.685205495307011     1.0115335596002294e-06
-14.646005458986576     3.200247586128407e-06
-14.606805422666142     9.376032117614583e-06
-14.567605386345706     2.5438225897610045e-05
-14.528405350025272     6.391264344609009e-05
-14.489205313704836     0.00014870274112693693
-14.450005277384403     0.00032039329280280634
-14.410805241063967     0.0006392638521440075
-14.371605204743533     0.0011811615109763622
-14.332405168423097     0.0020210225699336536
-14.293205132102663     0.0032023345765717177
-14.25400509578223     0.00469892501845883
-14.214805059461794     0.006385191542244046
-14.17560502314136     0.008035513404108402
-14.136404986820924     0.009366471189303763
-14.09720495050049     0.010116400781697293
-14.058004914180055     0.010135139282410634
-14.01880487785962     0.009447090958444258
-13.979604841539185     0.008261638055017615
-13.940404805218751     0.006930821986412878
-13.901204768898316     0.005877698842240958
-13.862004732577882     0.005523639326654385
-13.822804696257446     0.006227385193037358
-13.783604659937012     0.008227823607117947
-13.744404623616578     0.011576495548065342
-13.705204587296143     0.016063978377304503
-13.666004550975709     0.021175036186209233
-13.626804514655273     0.026124290417592004
-13.587604478334839     0.030004392925797017
-13.548404442014403     0.03202362721131213
-13.50920440569397     0.03175022084960671
-13.470004369373534     0.02925830454332069
-13.4308043330531     0.025107135021610896
-13.391604296732664     0.020162871760857334
-13.35240426041223     0.015343724565793516
-13.313204224091796     0.011392642459545852
-13.27400418777136     0.008749573647394123
-13.234804151450927     0.007536172875077211
-13.195604115130491     0.007618540585400031
-13.156404078810057     0.008699376297464449
-13.117204042489622     0.010404698231810353
-13.078004006169188     0.012352873315076101
-13.038803969848752     0.014209876590028443
-12.999603933528318     0.015741751959298042
-12.960403897207883     0.01688031986916602
-12.921203860887449     0.017831879581479422
-12.882003824567015     0.019289637717120823
-12.842803788246579     0.02285645530564431
-12.803603751926145     0.031813629861904405
-12.76440371560571     0.05230645297032113
-12.725203679285276     0.0947536158162516
-12.68600364296484     0.1747828205879377
-12.646803606644406     0.3124167069726409
-12.60760357032397     0.5280508277545473
-12.568403534003536     0.8345941201950161
-12.5292034976831     1.2272387420640565
-12.490003461362667     1.6749796294989237
-12.450803425042231     2.1194474341887197
-12.411603388721797     2.4849868367770838
-12.372403352401363     2.698922326676338
-12.333203316080928     2.714926921915189
-12.294003279760494     2.529265843170316
-12.254803243440058     2.182138189573549
-12.215603207119624     1.7434630725205722
-12.176403170799189     1.2899803907485696
-12.137203134478755     0.8838966271200094
-12.098003098158319     0.5609539981960382
-12.058803061837885     0.3299939134592206
-12.01960302551745     0.18076315361058737
-11.980402989197016     0.09456911600748594
-11.941202952876582     0.05351541909538389
-11.902002916556146     0.04667867679657802
-11.862802880235712     0.07377610199710592
-11.823602843915276     0.14761477791880256
-11.784402807594843     0.295950669153385
-11.745202771274407     0.5619806246919337
-11.706002734953973     1.0014327968784438
-11.666802698633537     1.6740213184355708
-11.627602662313103     2.6285781096505585
-11.588402625992668     3.884479041061116
-11.549202589672234     5.4159112527665085
-11.5100025533518     7.147833729193522
-11.470802517031364     8.970715823580624
-11.43160248071093     10.774300792291687
-11.392402444390495     12.490660495038775
-11.35320240807006     14.12855817636039
-11.314002371749625     15.780291006342553
-11.274802335429191     17.591615571647083
-11.235602299108756     19.70227989358827
-11.196402262788322     22.18087031789066
-11.157202226467886     24.983488233545692
-11.118002190147452     27.956110149468234
-11.078802153827016     30.879089575441707
-11.039602117506583     33.530856287393746
-11.000402081186149     35.739538885058906
-10.961202044865713     37.40149981400119
-10.92200200854528     38.46783830958934
-10.882801972224843     38.91875381797336
-10.84360193590441     38.74881312405506
-10.804401899583974     37.972941594779954
-10.76520186326354     36.64436350993106
-10.726001826943104     34.865404350105905
-10.68680179062267     32.77633586279492
-10.647601754302235     30.52207028233565
-10.6084017179818     28.211351976928267
-10.569201681661367     25.889276732557228
-10.530001645340931     23.538415262275347
-10.490801609020497     21.10976222560532
-10.451601572700062     18.56952788958925
-10.412401536379628     15.939364183991303
-10.373201500059192     13.310526107953898
-10.334001463738758     10.825218868038455
-10.294801427418323     8.63403478055335
-10.255601391097889     6.848674341230891
-10.216401354777453     5.509442304714795
-10.17720131845702     4.578591923011116
-10.138001282136585     3.9589037593773915
-10.09880124581615     3.5276682973312634
-10.059601209495716     3.172584847444228
-10.02040117317528     2.817936006493923
-9.981201136854846     2.43475056078641
-9.94200110053441     2.034988900754185
-9.902801064213977     1.654844249819218
-9.86360102789354     1.334624131918102
-9.824400991573107     1.1020916287341658
-9.785200955252671     0.9634936674609356
-9.746000918932237     0.9032500597676897
-9.706800882611802     0.8906273328413612
-9.667600846291368     0.8901669979937681
-9.628400809970934     0.8721537039561827
-9.589200773650498     0.8198901341919606
-9.550000737330064     0.7319163873758113
-9.510800701009629     0.6192527356291523
-9.471600664689195     0.4995274475706405
-9.43240062836876     0.39065704587295286
-9.393200592048325     0.30625335984832347
-9.35400055572789     0.253590224566462
-9.314800519407456     0.23366402097052996
-9.27560048308702     0.2423162557226605
-9.236400446766586     0.2716280941636541
-9.197200410446152     0.31139086996821563
-9.158000374125717     0.3508354370129885
-9.118800337805283     0.3806876876445072
-9.079600301484847     0.39515934640280703
-9.040400265164413     0.3931137312311036
-9.001200228843977     0.37775257172533766
-8.962000192523544     0.35479944925268075
-8.922800156203108     0.329948785476691
-8.883600119882674     0.3067744417543244
-8.844400083562238     0.28603108824479206
-8.805200047241804     0.2664809254562519
-8.76600001092137     0.24655384517705117
-8.726799974600935     0.22581158631626694
-8.687599938280501     0.20548409198654793
-8.648399901960065     0.187999031518239
-8.609199865639631     0.17597528847865138
-8.569999829319196     0.17129971134808356
-8.530799792998762     0.17467586901570534
-8.491599756678326     0.18567225014519712
-8.452399720357892     0.20305943565375142
-8.413199684037457     0.22521154772492083
-8.373999647717023     0.25048894593288734
-8.334799611396587     0.2776706619438561
-8.295599575076153     0.30654715279511174
-8.25639953875572     0.3386840452501761
-8.217199502435284     0.37818252972118177
-8.17799946611485     0.4321016251383856
-8.138799429794414     0.5101817052031861
-8.09959939347398     0.623673142861225
-8.060399357153544     0.7833830716921578
-8.02119932083311     0.9973521362855426
-7.981999284512675     1.2686760368564545
-7.942799248192241     1.593834357765892
-7.903599211871805     1.961654340016712
-7.864399175551371     2.353009990622908
-7.8251991392309375     2.7416264657436415
-7.785999102910502     3.096598823916363
-7.746799066590068     3.3869183465414023
-7.707599030269632     3.5872773180451865
-7.668398993949198     3.683275329819041
-7.629198957628763     3.6738427702612833
-7.589998921308329     3.569731278820027
-7.550798884987893     3.3887878660915893
-7.511598848667459     3.150248891041444
-7.4723988123470235     2.8705332215668555
-7.43319877602659     2.561953729163364
-7.393998739706156     2.2341511005233157
-7.354798703385722     1.8967831644527835
-7.315598667065284     1.5616138932942487
-7.2763986307448505     1.2426854140076755
-7.237198594424417     0.954383428231509
-7.197998558103983     0.7083511463403226
-7.158798521783545     0.5107906015590452
-7.119598485463111     0.3614253857374435
-7.0803984491426775     0.25448665434340006
-7.041198412822244     0.18109694755455838
-7.001998376501806     0.13191704301270799
-6.962798340181372     0.09907029529134584
-6.923598303860938     0.07693006502983284
-6.884398267540504     0.061940844714333324
-6.8451982312200705     0.051954901836255514
-6.805998194899633     0.04555868390319955
-6.766798158579199     0.04166426790545129
-6.727598122258765     0.03941011813586607
-6.688398085938331     0.03825320394115734
-6.649198049617894     0.03807317870980726
-6.60999801329746     0.03914037884567899
-6.570797976977026     0.0418951341483815
-6.531597940656592     0.04660363957949689
-6.492397904336158     0.053042395806486314
-6.453197868015721     0.060373867956085014
-6.413997831695287     0.06729889136626643
-6.374797795374853     0.07244159918329543
-6.335597759054419     0.07480858985582961
-6.296397722733982     0.07412998414246803
-6.257197686413548     0.07095661108030733
-6.217997650093114     0.06651641730515875
-6.17879761377268     0.06244813829564329
-6.139597577452243     0.0605630556047433
-6.100397541131809     0.06271710266899716
-6.061197504811375     0.0707478817690547
-6.021997468490941     0.08632711684223049
-5.982797432170507     0.11058002317689769
-5.94359739585007     0.143461448926222
-5.904397359529636     0.18310269142894278
-5.865197323209202     0.22551899785857474
-5.825997286888768     0.26504374068238173
-5.7867972505683305     0.29557094390464766
-5.747597214247897     0.3122589145288713
-5.708397177927463     0.3130309453065164
-5.669197141607029     0.2992351384789664
-5.629997105286591     0.2752148738439366
-5.5907970689661575     0.24706571087429782
-5.551597032645724     0.22119395969516817
-5.51239699632529     0.20326444978619387
-5.473196960004856     0.19779273851293475
-5.433996923684418     0.20822441043095452
-5.394796887363984     0.23706952641937015
-5.3555968510435505     0.2856368733904206
-5.316396814723117     0.35315520385258914
-5.277196778402679     0.4355162111034613
-5.237996742082245     0.5243569215059579
-5.198796705761811     0.6074183868442329
-5.1595966694413775     0.6707745391146617
-5.120396633120944     0.7026011214613866
-5.081196596800506     0.6970975200263022
-5.041996560480072     0.656711759820555
-5.002796524159638     0.591425187837607
-4.9635964878392045     0.5152924404895786
-4.924396451518767     0.4418339682806586
-4.885196415198333     0.38035509630531267
-4.845996378877899     0.3345668704690393
-4.806796342557465     0.30354205014415575
-4.767596306237028     0.28392551587843007
-4.728396269916594     0.27202022770984075
-4.68919623359616     0.26487477703885043
-4.649996197275726     0.2603291730832825
-4.610796160955292     0.25657985346549284
-4.571596124634855     0.25191454785070755
-4.532396088314421     0.244922142470076
-4.493196051993987     0.23502015284599875
-4.453996015673553     0.222879490970234
-4.414795979353116     0.21038822477690028
-4.375595943032682     0.2000833477386849
-4.336395906712248     0.19428179638910037
-4.297195870391814     0.19429171769037942
-4.257995834071377     0.200037953160848
-4.218795797750943     0.21024821540453123
-4.179595761430509     0.22311007613763595
-4.140395725110075     0.23711019760567723
-4.101195688789641     0.2516812646846308
-4.061995652469204     0.2673608963403073
-4.02279561614877     0.2854028845506256
-3.983595579828336     0.3070791318404959
-3.944395543507902     0.3331168182182704
-3.9051955071874644     0.3637027524875166
-3.8659954708670305     0.399235063291969
-3.8267954345465967     0.4416069132959911
-3.7875953982261628     0.4954207482500585
-3.748395361905729     0.5683037352362496
-3.7091953255852914     0.6695594138443177
-3.6699952892648575     0.8068697223077932
-3.6307952529444236     0.9816862631102555
-3.5915952166239897     1.1850749212902523
-3.5523951803035523     1.3964767626919614
-3.5131951439831184     1.5873584787278874
-3.4739951076626845     1.7297732442671039
-3.4347950713422506     1.807189440436431
-3.395595035021813     1.823154314993496
-3.3563949987013793     1.8038068783965624
-3.3171949623809454     1.792934439370466
-3.2779949260605115     1.8416299728484915
-3.2387948897400776     1.9966542549639958
-3.19959485341964     2.2913669409761255
-3.160394817099206     2.741201789384828
-3.1211947807787723     3.343622983942381
-3.0819947444583384     4.081389190528841
-3.042794708137901     4.927762283502034
-3.003594671817467     5.85234541988747
-2.964394635497033     6.8260747125948775
-2.9251945991765993     7.823798595229852
-2.885994562856162     8.823496061894884
-2.846794526535728     9.80269445324796
-2.807594490215294     10.73434643193177
-2.76839445389486     11.585138266153596
-2.7291944175744263     12.318235981173505
-2.689994381253989     12.900278755040357
-2.650794344933555     13.310306549449162
-2.611594308613121     13.547424890952389
-2.572394272292687     13.634557296363843
-2.5331942359722497     13.616924840697703
-2.493994199651816     13.555166082306851
-2.454794163331382     13.514080522666456
-2.415594127010948     13.549048465025713
-2.376394090690514     13.693209474972479
-2.3371940543700767     13.948953021947151
-2.2979940180496428     14.286652827931476
-2.258793981729209     14.65185697977946
-2.219593945408775     14.979833436527839
-2.1803939090883375     15.214046791697116
-2.1411938727679036     15.32332552420485
-2.1019938364474697     15.311910533047834
-2.062793800127036     15.2181810799421
-2.0235937638065984     15.10185070488738
-1.9843937274861645     15.024357691369671
-1.9451936911657306     15.030314677515715
-1.9059936548452967     15.137188897937062
-1.8667936185248628     15.336293776744766
-1.8275935822044254     15.60331757755365
-1.7883935458839915     15.913627407172225
-1.7491935095635576     16.25713686259347
-1.7099934732431237     16.648440010816095
-1.6707934369226862     17.128977231465154
-1.6315934006022523     17.759364753592138
-1.5923933642818184     18.60274658373492
-1.5531933279613845     19.704256689084566
-1.513993291640947     21.075426771209315
-1.4747932553205132     22.692427096194752
-1.4355932190000793     24.5115624403017
-1.3963931826796454     26.496277050254456
-1.3571931463592115     28.642202967612473
-1.317993110038774     30.985837799889403
-1.2787930737183402     33.58983995095626
-1.2395930373979063     36.50991182149837
-1.2003930010774724     39.75789001955459
-1.161192964757035     43.277486822794586
-1.121992928436601     46.942648842911666
-1.0827928921161671     50.578207561505856
-1.0435928557957332     53.99435664386913
-1.0043928194752993     57.02382315895756
-0.9651927831548619     59.552539703580706
-0.925992746834428     61.53802776460727
-0.8867927105139941     63.012348680469835
-0.8475926741935602     64.06855129517761
-0.8083926378731228     64.83242996174648
-0.7691926015526889     65.42552061031571
-0.729992565232255     65.92914754252052
-0.6907925289118211     66.36054225196747
-0.6515924925913836     66.66884803743369
-0.6123924562709497     66.75161428803509
-0.5731924199505158     66.48423525103367
-0.533992383630082     65.75022128759521
-0.49479234730964805     64.4622237206372
-0.4555923109892106     62.57103830341666
-0.4163922746687767     60.066998029299256
-0.3771922383483428     56.97994311441362
-0.3379922020279089     53.37975759627473
-0.29879216570747147     49.373935512538495
-0.2595921293870376     45.097276632742165
-0.22039209306660368     40.69297116470891
-0.18119205674616978     36.29041056377853
-0.14199202042573233     31.988128621932805
-0.10279198410529844     27.848242458538156
-0.06359194778486454     23.903379943565056
-0.02439191146443065     20.17179251873881
0.014808124856003246     16.673665878438957
0.054008161176440694     13.44211629650865
0.09320819749687459     10.525146236765481
0.13240823381730848     7.978534360865378
0.17160827013774238     5.852837669160682
0.21080830645817983     4.179294322072929
0.2500083427786137     2.959058151529207
0.2892083790990476     2.158435143645072
0.3284084154194815     1.7107987238541806
0.3676084517399154     1.5245678839919206
0.40680848806035286     1.4960493587625863
0.44600852438078675     1.5253294000411415
0.48520856070122065     1.532240704617296
0.5244085970216545     1.4682881066322777
0.563608633342092     1.3206383159351183
0.6028086696625259     1.10666439978969
0.6420087059829598     0.8612512159136725
0.6812087423033937     0.622001768607888
0.7204087786238311     0.41785095630357233
0.759608814944265     0.2643224280311211
0.7988088512646989     0.1653340587426511
0.8380088875851328     0.118956994141449
0.8772089239055667     0.12374938299014755
0.9164089602260042     0.18286515858863614
0.955608996546438     0.3042502963030461
0.994809032866872     0.4964455238922985
1.0340090691873058     0.760941245085571
1.0732091055077433     1.0837816756765575
1.1124091418281772     1.4305842327740668
1.151609178148611     1.7490399239214238
1.190809214469045     1.9803353664484942
1.2300092507894824     2.076431582998572
1.2692092871099163     2.016218009832367
1.3084093234303502     1.8130460063528713
1.347609359750784     1.5099387862501248
1.386809396071218     1.1648174714648056
1.4260094323916555     0.8326729676695497
1.4652094687120893     0.5521141316739835
1.5044095050325232     0.3403743970812414
1.5436095413529571     0.1962508427091013
1.5828095776733946     0.10736375421907939
1.6220096139938285     0.05770513202636714
1.6612096503142624     0.03297092135999889
1.7004096866346963     0.023129663836908836
1.7396097229551302     0.022942944777401775
1.7788097592755676     0.031439355615173144
1.8180097955960015     0.05097752266838638
1.8572098319164354     0.086001425034954
1.8964098682368693     0.1412724628010702
1.9356099045573067     0.2194581213620125
1.9748099408777406     0.31845758154689974
2.0140099771981745     0.42948001292081905
2.0532100135186084     0.5371724865398374
2.092410049839046     0.6225822952483474
2.1316100861594798     0.6684475179629067
2.1708101224799137     0.6648965776009433
2.2100101588003476     0.6130682639757528
2.2492101951207815     0.5249905938616833
2.288410231441219     0.4198892122779699
2.327610267761653     0.31879192072645135
2.3668103040820867     0.23979095382233218
2.4060103404025206     0.19541886857624224
2.445210376722958     0.19205220922202493
2.484410413043392     0.2301911350170483
2.523610449363826     0.30453228938677324
2.5628104856842597     0.4037612203568326
2.602010522004697     0.5110833903708522
2.641210558325131     0.6067704843594199
2.680410594645565     0.6730727503871936
2.719610630965999     0.7002475803860428
2.7588106672864328     0.6912597884436903
2.79801070360687     0.6628327313986925
2.837210739927304     0.6420340650254109
2.876410776247738     0.6596008123123285
2.915610812568172     0.7425639508158014
2.9548108488886093     0.9087252595264983
2.9940108852090432     1.1643347753321576
3.033210921529477     1.5047199249985375
3.072410957849911     1.9165225086246556
3.111610994170345     2.380100463583325
3.1508110304907824     2.871402147641988
3.1900110668112163     3.3635449110344284
3.22921110313165     3.8286827051136307
3.268411139452084     4.240305885307204
3.3076111757725215     4.575398190553217
3.3468112120929554     4.815683722442073
3.3860112484133893     4.94782859507839
3.425211284733823     4.963374974347953
3.4644113210542606     4.859500019046539
3.5036113573746945     4.641036744656399
3.5428113936951284     4.323028634910121
3.5820114300155623     3.932255256954658
3.621211466335996     3.506210471814698
3.6604115026564337     3.0889330157434065
3.6996115389768676     2.7244769310166705
3.7388115752973015     2.450044548212406
3.7780116116177354     2.2911691401951666
3.817211647938173     2.260351667725512
3.8564116842586067     2.3585412867659072
3.8956117205790406     2.5770761911026296
3.9348117568994745     2.8976635003084663
3.974011793219912     3.2901100148391365
4.013211829540346     3.7104959862898506
4.05241186586078     4.103921668627539
4.091611902181214     4.414171578871283
4.1308119385016475     4.598229071724544
4.170011974822085     4.639409801820357
4.209212011142519     4.552230318986133
4.248412047462953     4.3760369183470935
4.287612083783387     4.16053507197976
4.326812120103824     3.950467369672939
4.366012156424258     3.7760085456419326
4.405212192744692     3.650877055523904
4.444412229065126     3.575406574369365
4.48361226538556     3.540206317407305
4.522812301705997     3.527969158368439
4.562012338026431     3.5141475764322703
4.601212374346865     3.468919683586884
4.640412410667299     3.3621309993899002
4.679612446987736     3.170685670525377
4.71881248330817     2.885868685755563
4.758012519628604     2.5174902613557646
4.797212555949038     2.0927734353232332
4.836412592269475     1.649990303869433
4.875612628589909     1.2290015748003826
4.914812664910343     0.8620562313187186
4.954012701230777     0.5678931828395388
4.993212737551211     0.3505685735472178
5.032412773871648     0.20241363877562527
5.071612810192082     0.10913989700806874
5.110812846512516     0.054882091703244575
5.15001288283295     0.025709854035500822
5.189212919153388     0.011209498120087032
5.2284129554738215     0.004545177627242627
5.267612991794255     0.00171280716049307
5.306813028114689     0.0005995414326276489
5.346013064435127     0.00019484149738691674
5.385213100755561     5.876637125637566e-05
5.4244131370759945     1.644673612850056e-05
5.463613173396428     4.280091106259419e-06
5.502813209716862     1.077044541541887e-06
5.5420132460373     4.1699656429821486e-07
5.581213282357734     7.016309218323566e-07
5.6204133186781675     2.119363790965595e-06
5.659613354998601     6.305070228674119e-06
5.698813391319039     1.7436389686802846e-05
5.738013427639473     4.4663604318331415e-05
5.777213463959907     0.00010594709294681326
5.8164135002803405     0.0002327324251238407
5.855613536600774     0.0004734313255466505
5.894813572921212     0.0008918448562148115
5.934013609241646     0.0015558003245439858
5.97321364556208     0.0025133364413437633
6.012413681882514     0.0037599288191711737
6.051613718202951     0.005208837904709324
6.090813754523385     0.006682427978903442
6.130013790843819     0.007938893123716984
6.169213827164253     0.008734093734585936
6.20841386348469     0.008898318901856652
6.247613899805124     0.008395185723543782
6.286813936125558     0.007334742556009061
6.326013972445992     0.005934329632591199
6.365214008766426     0.004446217278673317
6.404414045086863     0.003084905908986931
6.443614081407297     0.001982099204595922
6.482814117727731     0.001179345560775132
6.522014154048165     0.0006498138904373514
6.561214190368602     0.00033156534310537227
6.600414226689036     0.00015666843302453295
6.63961426300947     6.85529553730642e-05
6.678814299329904     2.7778210436625598e-05
6.7180143356503415     1.042390011328577e-05
6.757214371970775     3.6240782529408813e-06
6.796414408291209     1.1742960082736904e-06
6.835614444611643     3.8216183732587604e-07
6.874814480932077     2.242193787605917e-07
6.9140145172525145     4.626321068078681e-07
6.953214553572948     1.3910295392680713e-06
6.992414589893382     4.0589201929216665e-06
7.031614626213816     1.1014631762457855e-05
7.070814662534254     2.771486997390535e-05
7.1100146988546875     6.467294875546709e-05
7.149214735175121     0.00014004384559719387
7.188414771495555     0.0002816580975670249
7.227614807815989     0.0005267902792204384
7.266814844136427     0.0009178173177203183
7.3060148804568605     0.0014930853834419168
7.345214916777294     0.002274792412271176
7.384414953097728     0.003258234565055319
7.423614989418166     0.004407184067128743
7.4628150257386     0.005657193158096041
7.502015062059034     0.006923848765537286
7.5412150983794675     0.008110600176650084
7.580415134699905     0.009113946407538199
7.619615171020339     0.009830623514349102
7.658815207340773     0.010175103575152302
7.698015243661207     0.010110256259480836
7.7372152799816405     0.009681314103188957
7.776415316302078     0.009033414291004635
7.815615352622512     0.008396072392881818
7.854815388942946     0.008034308860050195
7.89401542526338     0.008184597366734879
7.933215461583817     0.009000411418133611
7.972415497904251     0.010522194280978787
8.011615534224685     0.012669089952851884
8.050815570545119     0.015240331100387207
8.090015606865553     0.01792141038938915
8.12921564318599     0.020306956050995327
8.168415679506424     0.021960175902035275
8.207615715826858     0.02251404291011061
8.246815752147292     0.021787571172740404
8.28601578846773     0.019865326293092133
8.325215824788163     0.017093191952382878
8.364415861108597     0.01398076083041248
8.403615897429031     0.01104803469333567
8.442815933749468     0.008681224761962179
8.482015970069902     0.007054100128537591
8.521216006390336     0.006135943027464345
8.56041604271077     0.00576703516094637
8.599616079031204     0.005757545814958049
8.638816115351641     0.005963733347963175
8.678016151672072     0.006313377830129263
8.71721618799251     0.006780763420032966
8.756416224312947     0.007337947416505397
8.795616260633377     0.007921457697213304
8.834816296953814     0.008445087758011904
8.874016333274252     0.008863166269350575
8.913216369594682     0.009257433590060938
8.95241640591512     0.00990029306585695
8.99161644223555     0.01124756342473753
9.030816478555987     0.013834966575716067
9.070016514876425     0.018087929456901616
9.109216551196855     0.02409524926149858
9.148416587517293     0.031432081769000364
9.187616623837723     0.039128154238505006
9.22681666015816     0.04584290967969458
9.266016696478598     0.050227050091837026
9.305216732799028     0.0513508591403869
9.344416769119466     0.04902242793272595
9.383616805439903     0.043851111643382755
9.422816841760334     0.03702738781114095
9.462016878080771     0.029924913850425106
9.501216914401201     0.023703378662542744
9.540416950721639     0.019063672692601848
9.579616987042076     0.016208586159789207
9.618817023362507     0.014960280888825317
9.658017059682944     0.014935520483053176
9.697217096003374     0.015692426303681336
9.736417132323812     0.016811468366441693
9.77561716864425     0.0179213584262453
9.81481720496468     0.01870395544711678
9.854017241285117     0.01890809541554107
9.893217277605554     0.018381574818386592
9.932417313925985     0.017109259809645443
9.971617350246422     0.015236163196469019
10.010817386566853     0.013061217195002042
10.05001742288729     0.011003554435920413
10.089217459207728     0.009555150550616424
10.128417495528158     0.009231761165489702
10.167617531848595     0.01052051749191726
10.206817568169026     0.01381188243093776
10.246017604489463     0.019311342652138973
10.2852176408099     0.026952917312398555
10.32441767713033     0.03636183438253646
10.363617713450768     0.0469084802728015
10.402817749771199     0.057848968295696496
10.442017786091636     0.06848567621881042
10.481217822412074     0.07825563845603879
10.520417858732504     0.08670027451797374
10.559617895052941     0.09336418888260187
10.598817931373379     0.0977401971871782
10.63801796769381     0.09935554478059863
10.677218004014247     0.09798383529597827
10.716418040334677     0.09385000852919274
10.755618076655114     0.08766911614816099
10.794818112975552     0.08045461915839758
10.834018149295982     0.07318339823725899
10.87321818561642     0.06650152792092952
10.91241822193685     0.06062765356604376
10.951618258257287     0.055483623823436204
10.990818294577725     0.05094817766766503
11.030018330898155     0.04707595835144975
11.069218367218593     0.04417026785128191
11.10841840353903     0.04269487842869277
11.14761843985946     0.043090537067809076
11.186818476179898     0.0455894989598766
11.226018512500328     0.05010252403680914
11.265218548820766     0.05621220095656263
11.304418585141203     0.06326411907223681
11.343618621461633     0.07051412468009097
11.382818657782071     0.07727462126673948
11.422018694102501     0.08301249151775683
11.461218730422939     0.08738131813452871
11.500418766743376     0.09020252472428322
11.539618803063806     0.09142391982903768
11.578818839384244     0.0910763147688545
11.618018875704681     0.08923477286950882
11.657218912025112     0.0859882059708204
11.69641894834555     0.0814303162802792
11.73561898466598     0.07568956326090097
11.774819020986417     0.0690000232515071
11.814019057306854     0.061782536005414244
11.853219093627285     0.05468026779828861
11.892419129947722     0.048499556221046146
11.931619166268153     0.044049729905524596
11.97081920258859     0.04193220926929792
12.010019238909027     0.042365495568321705
12.049219275229458     0.04512589100572555
12.088419311549895     0.04963685400084973
12.127619347870333     0.05517751297674022
12.166819384190763     0.0611326449212884
12.2060194205112     0.06719056344838374
12.24521945683163     0.07341369539387164
12.284419493152068     0.08015021027530642
12.323619529472506     0.08781094427421181
12.362819565792936     0.09658856263299694
12.402019602113374     0.10622704907922549
12.441219638433804     0.1159429803152075
12.480419674754241     0.12455210327688487
12.519619711074679     0.13078114831533527
12.558819747395109     0.1336750267125667
12.598019783715547     0.13297240244825753
12.637219820035984     0.1293325734609249
12.676419856356414     0.12434693760075784
12.715619892676852     0.12033289713938966
12.754819928997282     0.11995389967035297
12.79401996531772     0.12571939848504834
12.833220001638157     0.1394101400113882
12.872420037958587     0.16148949690599063
12.911620074279025     0.1906253846943038
12.950820110599455     0.22352536928441574
12.990020146919893     0.25529349805335966
13.02922018324033     0.28038006258814036
13.06842021956076     0.29393740118536776
13.107620255881198     0.2931473798503668
13.146820292201628     0.2780134240456596
13.186020328522066     0.2512908852016415
13.225220364842503     0.21758994702792223
13.264420401162933     0.18203573036200155
13.30362043748337     0.149024427715882
13.342820473803808     0.12150331768304994
13.382020510124239     0.10090795937599345
13.421220546444676     0.08758152475574257
13.460420582765106     0.08133107064606898
13.499620619085544     0.08180008819413895
13.538820655405981     0.08850765507321548
13.578020691726412     0.10061621381432584
13.61722072804685     0.11664044495156516
13.65642076436728     0.13434073874510755
13.695620800687717     0.150953257952642
13.734820837008154     0.1637398557481454
13.774020873328585     0.17067276624199043
13.813220909649022     0.17098280250917144
13.85242094596946     0.16534278451020346
13.89162098228989     0.15561125124698633
13.930821018610327     0.1442449077039473
13.970021054930758     0.13360685273044814
14.009221091251195     0.12540140493502808
14.048421127571633     0.12037652439094194
14.087621163892063     0.11831819522099243
14.1268212002125     0.11827754245688772
14.16602123653293     0.11893869475499522
14.205221272853368     0.11903349191307178
14.244421309173806     0.11771079003365585
14.283621345494236     0.11476654193319244
14.322821381814673     0.1106550108502526
14.362021418135111     0.1062566789839024
14.401221454455541     0.10247508490667492
14.440421490775979     0.09983043176172364
14.479621527096409     0.09824459157327005
14.518821563416846     0.09712853134391167
14.558021599737284     0.09572062262404507
14.597221636057714     0.09348140981817148
14.636421672378152     0.09032584294406903
14.675621708698582     0.0865873843452403
14.71482174501902     0.08277924904249576
14.754021781339457     0.0793260471646322
14.793221817659887     0.07641772161291913
14.832421853980325     0.07402178035095504
14.871621890300762     0.07197954705838677
14.910821926621193     0.07008807715821586
14.95002196294163     0.06813204603360891
14.98922199926206     0.06590959865306861
15.028422035582498     0.0633171850338885
15.067622071902935     0.0605010397517902
15.106822108223366     0.05799500347558401
15.146022144543803     0.056719688788088196
15.185222180864233     0.05775969977816876
15.22442221718467     0.06194755805197246
15.263622253505108     0.06940390760165635
15.302822289825539     0.07924536491657441
15.342022326145976     0.08963373070677992
15.381222362466414     0.0982086730061128
15.420422398786844     0.10277327739601745
15.459622435107281     0.10197137945035488
15.498822471427712     0.09568224311895344
15.538022507748149     0.08498047326306016
15.577222544068587     0.07170691495016815
15.616422580389017     0.05786147280214304
15.655622616709454     0.045074233326665214
15.694822653029885     0.0343272770413137
15.734022689350322     0.025952933092133954
15.77322272567076     0.01981486447526783
15.81242276199119     0.015539268840457516
15.851622798311627     0.012698095738941501
15.890822834632058     0.010910035729304692
15.930022870952495     0.00987445162383718
15.969222907272933     0.00937030848486764
16.008422943593363     0.009243904423826322
16.0476229799138     0.009393548920343227
16.086823016234238     0.009749868995596213
16.126023052554668     0.010250934483950223
16.165223088875106     0.010817897395331576
16.204423125195536     0.011342385383105781
16.243623161515973     0.011695833719747663
16.28282319783641     0.01176186397736315
16.32202323415684     0.011479711930473781
16.36122327047728     0.010877428133464765
16.40042330679771     0.010075249387359752
16.439623343118146     0.009253199808616119
16.478823379438584     0.008595588885420068
16.518023415759014     0.008237404635886235
16.55722345207945     0.008235784314060572
16.59642348839989     0.008574896481083137
16.63562352472032     0.009194155529119591
16.674823561040757     0.010019153862952778
16.714023597361187     0.010977942256806875
16.753223633681625     0.01199908969492393
16.792423670002062     0.0130023786607818
16.831623706322492     0.013898077634367994
16.87082374264293     0.014603108498386252
16.91002377896336     0.015067622226915833
16.949223815283798     0.015294312573190385
16.988423851604235     0.015333938548927417
17.027623887924666     0.015254331268298426
17.066823924245103     0.015097859450376162
17.10602396056554     0.014851746016324056
17.14522399688597     0.01444971423411548
17.184424033206408     0.013805544080525669
17.22362406952684     0.012860844898563237
17.262824105847276     0.011622314804056183
17.302024142167713     0.010171460771332751
17.341224178488144     0.008645806527514515
17.38042421480858     0.007204271002230101
17.41962425112901     0.005993431321089085
17.45882428744945     0.005126073275794275
17.498024323769886     0.004674490291743843
17.537224360090317     0.004674348114671249
17.576424396410754     0.005132947572580868
17.61562443273119     0.0060370328389924175
17.654824469051622     0.007357242580506627
17.69402450537206     0.009047430099126853
17.73322454169249     0.011038009835250636
17.772424578012927     0.013224845844098313
17.811624614333365     0.015459439146102046
17.850824650653795     0.017549978284153556
17.890024686974233     0.019281878432809194
17.929224723294663     0.02045806141057939
17.9684247596151     0.020946387441563043
18.007624795935538     0.020713000471461167
18.046824832255968     0.019824234326521938
18.086024868576406     0.018416136431099444
18.125224904896836     0.0166490774872889
18.164424941217273     0.014671797484607781
18.20362497753771     0.012609489023485639
18.24282501385814     0.010572165952294975
18.28202505017858     0.008666898791097994
18.321225086499016     0.006998968350962741
18.360425122819446     0.005659002812139246
18.399625159139884     0.004704691065896606
18.438825195460314     0.004148305621887319
18.47802523178075     0.003955386638082068
18.51722526810119     0.0040524145514189685
18.55642530442162     0.004338385032666696
18.595625340742057     0.00469747136361385
18.634825377062487     0.0050132343412536565
18.674025413382925     0.005185088641574107
18.713225449703362     0.005144844987356986
18.752425486023792     0.004868348519728808
18.79162552234423     0.004377520953521272
18.830825558664667     0.003731556891386183
18.870025594985098     0.003010223287953249
18.909225631305535     0.0022947093410512
18.948425667625965     0.0016514637874367776
18.987625703946403     0.0011226230137575315
19.02682574026684     0.0007240989903380148
19.06602577658727     0.0004500624675312106
19.105225812907708     0.00028104579226953725
19.14442584922814     0.0001925441796614877
19.183625885548576     0.0001617237161443451
19.222825921869013     0.00017111277694317235
19.262025958189444     0.00020931142977302771
19.30122599450988     0.0002694540068144035
19.34042603083032     0.00034646778053444067
19.37962606715075     0.00043430597582552326
19.418826103471186     0.0005243620552863556
19.458026139791617     0.0006060513976629163
19.497226176112054     0.0006699351138221787
19.53642621243249     0.000712837163593625
19.575626248752922     0.0007434575768221161
19.61482628507336     0.0007863028462171191
19.65402632139379     0.0008814989314993444
19.693226357714227     0.0010783763985566656
19.732426394034665     0.0014219859838764356
19.771626430355095     0.001934337742589353
19.810826466675532     0.0025958843693801186
19.85002650299597     0.003335844591993447
19.8892265393164     0.004039540581799824
19.928426575636838     0.004575128962730127
19.967626611957268     0.004832526404340336
20.006826648277706     0.004759339883553245
20.046026684598143     0.004378120916520226
20.085226720918573     0.003777906542350064
20.12442675723901     0.003086010118900161
20.16362679355944     0.002435213791466642
20.20282682987988     0.0019413131645383416
20.242026866200316     0.0016972780999502722
20.281226902520746     0.0017792651673867407
20.320426938841184     0.002252979442044061
20.35962697516162     0.0031695055921872038
20.39882701148205     0.004546474671139999
20.43802704780249     0.006339616826636051
20.47722708412292     0.008417390409014404
20.516427120443357     0.01055431782252904
20.555627156763794     0.012454980496744223
20.594827193084225     0.013810286453395102
20.634027229404662     0.014373444569883325
20.673227265725092     0.014030980383341255
20.71242730204553     0.012841136618204851
20.751627338365967     0.011022015615451438
20.790827374686398     0.008891762283783248
20.830027411006835     0.006783218168211303
20.869227447327265     0.004965010419443828
20.908427483647703     0.003595299404472379
20.94762751996814     0.0027177349628683956
20.98682755628857     0.002291223973890121
21.026027592609008     0.00223413935841993
21.065227628929446     0.0024623799382444546
21.104427665249876     0.002907335179887516
21.143627701570313     0.003510749717244963
21.182827737890744     0.004204974002353245
21.22202777421118     0.0048948757637032585
21.26122781053162     0.005457481487183282
21.30042784685205     0.005765729693000588
21.339627883172486     0.005727790322544839
21.378827919492917     0.005322194961893256
21.418027955813354     0.004609371541391045
21.45722799213379     0.003712500990695556
21.496428028454222     0.0027769761188033747
21.53562806477466     0.0019276782115652308
21.574828101095097     0.001241504553409551
21.614028137415527     0.0007420764218784215
21.653228173735965     0.00041214779677408385
21.692428210056395     0.00021332356151337967
21.731628246376832     0.00010358601366503646
21.77082828269727     4.787180233388209e-05
21.8100283190177     2.1661656546902112e-05
21.849228355338138     1.005302383948994e-05
21.888428391658568     5.037830303548394e-06
21.927628427979005     2.7812620488570965e-06
21.966828464299443     1.6405571742430371e-06
22.006028500619873     9.804149111673809e-07
22.04522853694031     5.687652199985917e-07
22.084428573260748     3.124767254568982e-07
22.12362860958118     1.6060300009960144e-07
22.162828645901616     7.678843899258357e-08
22.202028682222046     3.406825939408683e-08
22.241228718542484     1.400974650575251e-08
22.28042875486292     5.3372914946546285e-09
22.31962879118335     1.8833248772935075e-09
22.35882882750379     6.154596030026633e-10
22.39802886382422     1.8626182655994778e-10
22.437228900144657     5.220220910176428e-11
22.476428936465094     1.3548470066444023e-11
22.515628972785525     3.2563110992587518e-12
22.554829009105962     7.247609170462329e-13
22.5940290454264     1.4938135117699285e-13
22.63322908174683     2.8512184381067857e-14
22.672429118067267     5.039610370838964e-15
22.711629154387698     8.248894690636984e-16
22.750829190708135     1.2503434862566173e-16
22.790029227028572     1.7558876194579715e-17
22.829229263349003     2.3683404278870532e-18
22.86842929966944     1.1140450837753705e-18
22.90762933598987     7.529029989348182e-18
22.946829372310308     6.203055546905513e-17
22.986029408630746     4.751490579773252e-16
23.025229444951176     3.370605105948679e-15
23.064429481271613     2.214207767100038e-14
23.10362951759205     1.3469798323491282e-13
23.14282955391248     7.588152341506065e-13
23.18202959023292     3.9586145249035915e-12
23.22122962655335     1.9124170673805424e-11
23.260429662873786     8.555674086199487e-11
23.299629699194224     3.5445252840892936e-10
23.338829735514654     1.3598598435262304e-09
23.37802977183509     4.831282630662052e-09
23.417229808155522     1.5895089010361386e-08
23.45642984447596     4.842790797977113e-08
23.495629880796397     1.36634596095518e-07
23.534829917116827     3.569914958969408e-07
23.574029953437265     8.637484648784286e-07
23.613229989757695     1.935302826601309e-06
23.652430026078132     4.01552928795846e-06
23.69163006239857     7.715585519188423e-06
23.730830098719     1.3728630151892279e-05
23.770030135039438     2.2621309716057006e-05
23.809230171359875     3.4517593579515254e-05
23.848430207680305     4.877480036738613e-05
23.887630244000743     6.382380831928517e-05
23.926830280321173     7.733964127081496e-05
23.96603031664161     8.678682820778505e-05
24.005230352962048     9.018570493010884e-05
