-23.387613558443515     7.610443438856047e-05
-23.34841352212308     7.407544775577882e-05
-23.309213485802648     6.82211798609052e-05
-23.27001344948221     6.168760567251783e-05
-23.230813413161776     5.932488119684762e-05
-23.191613376841342     6.75205287317725e-05
-23.15241334052091     9.390919191118982e-05
-23.11321330420047     0.00014665123896857182
-23.074013267880037     0.00023288969212058482
-23.034813231559603     0.00035633713410114867
-22.99561319523917     0.0005146703871589984
-22.956413158918732     0.0006980744446822717
-22.917213122598298     0.0008902341579799262
-22.878013086277864     0.001072005734610862
-22.83881304995743     0.0012263896627153674
-22.799613013636996     0.0013424254130050346
-22.76041297731656     0.0014162048396351515
-22.721212940996125     0.0014491668132920817
-22.68201290467569     0.001445738783679556
-22.642812868355257     0.0014126200118768726
-22.60361283203482     0.0013602362381663472
-22.564412795714386     0.0013045399705895226
-22.525212759393952     0.0012664070241631723
-22.486012723073518     0.0012673156777399232
-22.446812686753084     0.0013227959479249936
-22.407612650432647     0.0014371355972628448
-22.368412614112213     0.0016023678733343397
-22.32921257779178     0.001801814606719436
-22.290012541471345     0.002015416235645217
-22.250812505150908     0.002223175398435304
-22.211612468830474     0.002405199763748179
-22.17241243251004     0.0025404587338607038
-22.133212396189606     0.0026083263814616433
-22.09401235986917     0.0025951404296341717
-22.054812323548735     0.0025033526132501563
-22.0156122872283     0.0023570642354231583
-21.976412250907867     0.0021982905577368067
-21.937212214587433     0.002073425185349717
-21.898012178266995     0.002015731743350779
-21.85881214194656     0.0020328813875229923
-21.819612105626128     0.0021063932709218906
-21.780412069305694     0.0022037014688531206
-21.741212032985256     0.0022971714509965055
-21.702011996664822     0.002381218754049342
-21.66281196034439     0.0024800625051570333
-21.623611924023955     0.00264333874093478
-21.584411887703517     0.002932083764172199
-21.545211851383083     0.003400953690858469
-21.50601181506265     0.004082906478901771
-21.466811778742215     0.004980542088375211
-21.42761174242178     0.006065431271300631
-21.388411706101344     0.007284550829799726
-21.34921166978091     0.00857204315234759
-21.310011633460476     0.009864476033624996
-21.270811597140042     0.011117344802354913
-21.231611560819605     0.012318789132732433
-21.19241152449917     0.01349422345366411
-21.153211488178737     0.014695765424532777
-21.114011451858303     0.015975947180452775
-21.074811415537866     0.017355430918442327
-21.035611379217432     0.018803060900199422
-20.996411342896998     0.02024517307543469
-20.957211306576564     0.021606282317624334
-20.91801127025613     0.022861789255454533
-20.878811233935693     0.024069405247024896
-20.83961119761526     0.02535161317560214
-20.800411161294825     0.026826840635441038
-20.76121112497439     0.028518657468910476
-20.722011088653957     0.030291065035771378
-20.68281105233352     0.03185110196484568
-20.643611016013086     0.032829379525626125
-20.604410979692652     0.03291038753302702
-20.565210943372215     0.03195812667113812
-20.52601090705178     0.03008293363175988
-20.486810870731347     0.02762184382701087
-20.447610834410913     0.025042860866324942
-20.40841079809048     0.0228131744202673
-20.36921076177004     0.021279522414962407
-20.330010725449608     0.020595968756152015
-20.290810689129174     0.020711549498689454
-20.25161065280874     0.021410081493112874
-20.212410616488306     0.0223831088199098
-20.17321058016787     0.023313657120112366
-20.134010543847435     0.02394997833458714
-20.094810507527     0.024153141623953503
-20.055610471206567     0.023909903138457603
-20.01641043488613     0.02331176507597952
-19.977210398565695     0.022510166566939972
-19.93801036224526     0.021663960231568333
-19.898810325924828     0.020897196375834856
-19.85961028960439     0.020281635610742012
-19.820410253283956     0.01984873773457646
-19.781210216963522     0.01962205064912189
-19.74201018064309     0.01964895970835956
-19.702810144322655     0.02000847840901171
-19.663610108002217     0.02078311288399753
-19.624410071681783     0.02200360799901628
-19.58521003536135     0.023594527888719227
-19.546009999040916     0.02535443626692687
-19.506809962720478     0.026991443689825437
-19.467609926400044     0.028207661590180462
-19.42840989007961     0.02879833848559433
-19.389209853759176     0.028719668750358425
-19.35000981743874     0.028092775286958804
-19.310809781118305     0.02714428456984929
-19.27160974479787     0.026116640559894898
-19.232409708477437     0.02519320705288867
-19.193209672157003     0.02446779396482847
-19.154009635836566     0.02395805140583339
-19.114809599516132     0.02363862672497248
-19.075609563195698     0.023466867596690318
-19.036409526875264     0.023388570220178092
-18.99720949055483     0.023329938637161776
-18.958009454234393     0.02319180579523258
-18.91880941791396     0.022859807059470313
-18.879609381593525     0.02223415417426884
-18.840409345273088     0.02127136261484859
-18.801209308952654     0.020022105386149548
-18.76200927263222     0.01864691743921792
-18.722809236311786     0.017396766953817415
-18.683609199991352     0.01655882155968464
-18.644409163670915     0.016385347587577467
-18.60520912735048     0.017037779378947578
-18.566009091030047     0.01857987062762337
-18.526809054709613     0.021038113618735456
-18.48760901838918     0.024515139213433606
-18.44840898206874     0.02930137021450315
-18.409208945748308     0.0358998469887569
-18.370008909427874     0.04488428164238105
-18.330808873107436     0.05657200372573232
-18.291608836787002     0.0706054362989968
-18.25240880046657     0.08564672706058668
-18.213208764146135     0.09941671086760864
-18.1740087278257     0.10919144444259807
-18.134808691505263     0.11263591930700553
-18.09560865518483     0.10863491694501043
-18.056408618864396     0.09772946815094807
-18.01720858254396     0.08194300027665029
-17.978008546223528     0.06408717215302805
-17.93880850990309     0.04688332795200856
-17.899608473582656     0.03227771602784772
-17.860408437262222     0.021169228262566613
-17.821208400941785     0.013535224157330423
-17.78200836462135     0.008778884653608203
-17.742808328300917     0.006094807292607113
-17.703608291980483     0.004725105449486573
-17.66440825566005     0.004078426386219976
-17.625208219339612     0.0037494409645718292
-17.586008183019178     0.0034916419555182806
-17.546808146698744     0.003179891836035506
-17.50760811037831     0.002776566844079574
-17.468408074057876     0.0023016537508111215
-17.42920803773744     0.0018047652915048969
-17.390008001417005     0.0013401838696307559
-17.35080796509657     0.0009486151382182829
-17.311607928776134     0.0006486219852731123
-17.2724078924557     0.0004375868192662864
-17.233207856135266     0.0002989472404858185
-17.194007819814832     0.00021119320816313843
-17.154807783494398     0.00015496199278076315
-17.11560774717396     0.00011657030478764878
-17.076407710853527     8.825716533509454e-05
-17.037207674533093     6.65037262720385e-05
-16.99800763821266     4.992405215236844e-05
-16.958807601892225     3.7712738298122156e-05
-16.919607565571788     2.895406656286679e-05
-16.880407529251354     2.2594361575835673e-05
-16.84120749293092     1.769020671619204e-05
-16.802007456610482     1.361604527612403e-05
-16.762807420290052     1.0098778095482033e-05
-16.723607383969615     7.1077916141505705e-06
-16.68440734764918     4.699380629703772e-06
-16.645207311328747     2.9006965368752465e-06
-16.60600727500831     1.6655671220978759e-06
-16.566807238687876     8.878520492637302e-07
-16.52760720236744     4.3888267939660883e-07
-16.488407166047008     2.010554166620916e-07
-16.449207129726574     8.53285591286239e-08
-16.410007093406136     3.354309777663568e-08
-16.370807057085702     1.221230500540023e-08
-16.33160702076527     4.11768920547017e-09
-16.292406984444835     1.2857533708868207e-09
-16.2532069481244     3.71794295090054e-10
-16.214006911803963     9.955997002705015e-11
-16.17480687548353     2.4688893005119674e-11
-16.135606839163096     5.669596119975121e-12
-16.096406802842658     1.2056899130668556e-12
-16.057206766522224     2.3743885027893863e-13
-16.01800673020179     4.33012456200454e-14
-15.978806693881356     7.312760488493961e-15
-15.93960665756092     1.1436538668551035e-15
-15.900406621240485     1.656304257674925e-16
-15.861206584920051     2.2213545354001877e-17
-15.822006548599617     2.758848646778455e-18
-15.782806512279183     3.173000221211264e-19
-15.743606475958748     3.379438577094247e-20
-15.704406439638312     3.333122219366426e-21
-15.665206403317878     3.044319001285433e-22
-15.626006366997444     2.574924823343093e-23
-15.586806330677009     2.0206941681433597e-24
-15.547606294356573     2.182624964084981e-25
-15.508406258036139     1.2444766091972328e-24
-15.469206221715705     1.9612771620205186e-23
-15.43000618539527     2.884960129196932e-22
-15.390806149074836     3.92995086230699e-21
-15.3516061127544     4.9575546505641515e-20
-15.312406076433966     5.791364957418008e-19
-15.27320604011353     6.265091107714826e-18
-15.234006003793096     6.276346065335147e-17
-15.19480596747266     5.822632855006069e-16
-15.155605931152227     5.002245082743017e-15
-15.116405894831793     3.9796379177285236e-14
-15.077205858511357     2.9319407487812315e-13
-15.038005822190923     2.0003217366356915e-12
-14.998805785870488     1.2637976833636653e-11
-14.959605749550054     7.394150600260878e-11
-14.920405713229618     4.0061948218047567e-10
-14.881205676909184     2.010059326269719e-09
-14.842005640588749     9.339394560736742e-09
-14.802805604268315     4.01847812754809e-08
-14.763605567947879     1.601170324021632e-07
-14.724405531627445     5.908081726961549e-07
-14.685205495307011     2.0187776835294715e-06
-14.646005458986576     6.387979819640906e-06
-14.606805422666142     1.8718524654880304e-05
-14.567605386345706     5.0794037731104836e-05
-14.528405350025272     0.00012764003133066857
-14.489205313704836     0.00029702576029899414
-14.450005277384403     0.0006400802026362592
-14.410805241063967     0.0012773437294591036
-14.371605204743533     0.0023605564480825374
-14.332405168423097     0.004039750592206737
-14.293205132102663     0.006402199343348842
-14.25400509578223     0.009395954438684684
-14.214805059461794     0.012770179061324816
-14.17560502314136     0.016073780876801436
-14.136404986820924     0.018739682438203085
-14.09720495050049     0.02024388607982775
-14.058004914180055     0.020285106851954744
-14.01880487785962     0.018911187259921504
-13.979604841539185     0.01654021363251871
-13.940404805218751     0.01387605144480723
-13.901204768898316     0.011765065076273371
-13.862004732577882     0.011050638666040608
-13.822804696257446     0.012451245178452447
-13.783604659937012     0.016446032926146634
-13.744404623616578     0.023139857361352895
-13.705204587296143     0.032115836159713806
-13.666004550975709     0.04234508450405579
-13.626804514655273     0.052257250604087785
-13.587604478334839     0.06003620069775597
-13.548404442014403     0.06409516263097359
-13.50920440569397     0.06356610458017209
-13.470004369373534     0.058592974780368734
-13.4308043330531     0.05029143189049089
-13.391604296732664     0.04039305143609993
-13.35240426041223     0.030735442504930544
-13.313204224091796     0.022806917546628287
-13.27400418777136     0.01749032670327086
-13.234804151450927     0.015032194327728288
-13.195604115130491     0.01516827564528243
-13.156404078810057     0.01730788258880373
-13.117204042489622     0.020706853462459165
-13.078004006169188     0.024604589326798616
-13.038803969848752     0.028333432189164124
-12.999603933528318     0.031423073472970325
-12.960403897207883     0.033732749062779455
-12.921203860887449     0.035670993252519795
-12.882003824567015     0.03862425541971257
-12.842803788246579     0.04580708458850377
-12.803603751926145     0.06380444474589622
-12.76440371560571     0.10494582573349737
-12.725203679285276     0.19012177402212987
-12.68600364296484     0.3506425551497488
-12.646803606644406     0.6265834405645485
-12.60760357032397     1.0587031454209712
-12.568403534003536     1.672691238231161
-12.5292034976831     2.4587034685932645
-12.490003461362667     3.3544483325937664
-12.450803425042231     4.242952055669992
-12.411603388721797     4.972830413341187
-12.372403352401363     5.398891226031068
-12.333203316080928     5.428848197398531
-12.294003279760494     5.055687238377032
-12.254803243440058     4.360185446874766
-12.215603207119624     3.4823564003151875
-12.176403170799189     2.57561932309499
-12.137203134478755     1.7641530876560412
-12.098003098158319     1.1191402987542505
-12.058803061837885     0.657974849275991
-12.01960302551745     0.359878896736589
-11.980402989197016     0.1871239976679935
-11.941202952876582     0.10333547949643265
-11.902002916556146     0.08566301958962032
-11.862802880235712     0.1320543422953037
-11.823602843915276     0.2664539753902693
-11.784402807594843     0.5434773077314843
-11.745202771274407     1.0511551681567723
-11.706002734953973     1.907346025051074
-11.666802698633537     3.244250256555026
-11.627602662313103     5.177916252160156
-11.588402625992668     7.766392589881349
-11.549202589672234     10.969476047963461
-11.5100025533518     14.6300424995013
-11.470802517031364     18.49557419551487
-11.43160248071093     22.28514884122969
-11.392402444390495     25.785035517502358
-11.35320240807006     28.935928443122773
-11.314002371749625     31.870111887141505
-11.274802335429191     34.874427309202616
-11.235602299108756     38.28843482072736
-11.196402262788322     42.37860972034355
-11.157202226467886     47.24003716408917
-11.118002190147452     52.76043346296646
-11.078802153827016     58.64850973403864
-11.039602117506583     64.5008154613315
-11.000402081186149     69.8742643804549
-10.961202044865713     74.34517403374348
-10.92200200854528     77.55476041308142
-10.882801972224843     79.24925907904921
-10.84360193590441     79.31618195392858
-10.804401899583974     77.80667283447289
-10.76520186326354     74.93030885795586
-10.726001826943104     71.0164068826139
-10.68680179062267     66.44798316234126
-10.647601754302235     61.58318223924745
-10.6084017179818     56.68304992204291
-10.569201681661367     51.86638194488345
-10.530001645340931     47.11042477372958
-10.490801609020497     42.30459193226258
-10.451601572700062     37.34202667706671
-10.412401536379628     32.21140671200327
-10.373201500059192     27.045420937287737
-10.334001463738758     22.100900171641044
-10.294801427418323     17.679432873499927
-10.255601391097889     14.02605990049899
-10.216401354777453     11.251047360027815
-10.17720131845702     9.304365443337275
-10.138001282136585     8.006142546530597
-10.09880124581615     7.113868227807799
-10.059601209495716     6.3972902735566315
-10.02040117317528     5.695202738918226
-9.981201136854846     4.939771255809538
-9.94200110053441     4.1475962419133925
-9.902801064213977     3.387469712636212
-9.86360102789354     2.7399187057899166
-9.824400991573107     2.262736157871906
-9.785200955252671     1.9715531760384617
-9.746000918932237     1.8379640621257873
-9.706800882611802     1.802187321708518
-9.667600846291368     1.793832680804432
-9.628400809970934     1.7531479058754735
-9.589200773650498     1.6460114803707397
-9.550000737330064     1.4687419881356139
-9.510800701009629     1.2427928897256977
-9.471600664689195     1.0030630014686848
-9.43240062836876     0.7852116628190495
-9.393200592048325     0.6163873591132367
-9.35400055572789     0.5110807949872707
-9.314800519407456     0.471197726381415
-9.27560048308702     0.48829932470065607
-9.236400446766586     0.5464269637156718
-9.197200410446152     0.6251011642112669
-9.158000374125717     0.7028294903121705
-9.118800337805283     0.7612267858751945
-9.079600301484847     0.7889528157839192
-9.040400265164413     0.7839630597541054
-9.001200228843977     0.7528033956159266
-8.962000192523544     0.7069370866380709
-8.922800156203108     0.6576553286719529
-8.883600119882674     0.6119440622448197
-8.844400083562238     0.5711435137137937
-8.805200047241804     0.5326414014864942
-8.76600001092137     0.4932079146065562
-8.726799974600935     0.45191885244135444
-8.687599938280501     0.41121341031046577
-8.648399901960065     0.37593815815091625
-8.609199865639631     0.3513278259781409
-8.569999829319196     0.3411696917974375
-8.530799792998762     0.3469313019121434
-8.491599756678326     0.36789450551341607
-8.452399720357892     0.40184640028507246
-8.413199684037457     0.44584447486343026
-8.373999647717023     0.4968755893674312
-8.334799611396587     0.5525708813484707
-8.295599575076153     0.6122597504297256
-8.25639953875572     0.6784530273965519
-8.217199502435284     0.7584435760455931
-8.17799946611485     0.8653415517201128
-8.138799429794414     1.017772498755078
-8.09959939347398     1.2377839444352863
-8.060399357153544     1.547127406376874
-8.02119932083311     1.9626859663441223
-7.981999284512675     2.4920418626032657
-7.942799248192241     3.1299231273975465
-7.903599211871805     3.85586368812086
-7.864399175551371     4.633381293985931
-7.8251991392309375     5.411455421897594
-7.785999102910502     6.129450463912155
-7.746799066590068     6.7259345015682435
-7.707599030269632     7.149878209539663
-7.668398993949198     7.370621115538086
-7.629198957628763     7.382553565060845
-7.589998921308329     7.20252220086707
-7.550798884987893     6.861452269349449
-7.511598848667459     6.3943439079070306
-7.4723988123470235     5.83301175206231
-7.43319877602659     5.203845925840209
-7.393998739706156     4.530003613082917
-7.354798703385722     3.8354007028795936
-7.315598667065284     3.1474337478030927
-7.2763986307448505     2.496411291714435
-7.237198594424417     1.9115722755278055
-7.197998558103983     1.4154285106289737
-7.158798521783545     1.0190952464798064
-7.119598485463111     0.7207864791040433
-7.0803984491426775     0.5080464137941791
-7.041198412822244     0.3625265646619623
-7.001998376501806     0.2651881043817313
-6.962798340181372     0.20007411955860024
-6.923598303860938     0.15585741585177137
-6.884398267540504     0.12548055963439636
-6.8451982312200705     0.10481482986976914
-6.805998194899633     0.09126866487268095
-6.766798158579199     0.08290320981301796
-6.727598122258765     0.07816549722329473
-6.688398085938331     0.07602701362068919
-6.649198049617894     0.07618401806848882
-6.60999801329746     0.07902382759116593
-6.570797976977026     0.08523866103151805
-6.531597940656592     0.09519615733348895
-6.492397904336158     0.10835054948104626
-6.453197868015721     0.12300884023540354
-6.413997831695287     0.13662367493043426
-6.374797795374853     0.1465339741568368
-6.335597759054419     0.15084981909610212
-6.296397722733982     0.14910827779664498
-6.257197686413548     0.14245491602527993
-6.217997650093114     0.13335735330005027
-6.17879761377268     0.12508254598738933
-6.139597577452243     0.12123352109460866
-6.100397541131809     0.1255054445861682
-6.061197504811375     0.14156795681570608
-6.021997468490941     0.17277443300538836
-5.982797432170507     0.22140105137663801
-5.94359739585007     0.28739452382895564
-5.904397359529636     0.3670548103051521
-5.865197323209202     0.452432338564406
-5.825997286888768     0.5321747678632951
-5.7867972505683305     0.5939950882663274
-5.747597214247897     0.6280787923158763
-5.708397177927463     0.6301113360840622
-5.669197141607029     0.6026468900316229
-5.629997105286591     0.5543013013415965
-5.5907970689661575     0.4972915750205381
-5.551597032645724     0.44453345465268845
-5.51239699632529     0.40748141840649055
-5.473196960004856     0.3952576657111425
-5.433996923684418     0.41479362072065773
-5.394796887363984     0.4711297036279957
-5.3555968510435505     0.5669340134056982
-5.316396814723117     0.7007704589426589
-5.277196778402679     0.864565047167554
-5.237996742082245     1.04172716496281
-5.198796705761811     1.2078435343564093
-5.1595966694413775     1.335154837482464
-5.120396633120944     1.4001265801720266
-5.081196596800506     1.3912778720142631
-5.041996560480072     1.3135284209869365
-5.002796524159638     1.1866094593576793
-4.9635964878392045     1.0380356404212527
-4.924396451518767     0.8939487345186925
-4.885196415198333     0.7720189157000374
-4.845996378877899     0.6790629113390825
-4.806796342557465     0.6132596117076747
-4.767596306237028     0.5686287930127771
-4.728396269916594     0.5389681808972964
-4.68919623359616     0.5196150618322816
-4.649996197275726     0.5071496527993063
-4.610796160955292     0.49832880111943867
-4.571596124634855     0.48958994513398846
-4.532396088314421     0.477650993468982
-4.493196051993987     0.460764129080072
-4.453996015673553     0.4396982660840125
-4.414795979353116     0.417722104183996
-4.375595943032682     0.3994809460719946
-4.336395906712248     0.389268249427831
-4.297195870391814     0.38947345680895096
-4.257995834071377     0.39987653730063755
-4.218795797750943     0.41807330343987
-4.179595761430509     0.44082872848697896
-4.140395725110075     0.4657440144580368
-4.101195688789641     0.4924562927278646
-4.061995652469204     0.5227852740751597
-4.02279561614877     0.5597674858903046
-3.983595579828336     0.606143239130625
-3.944395543507902     0.6632429442148563
-3.9051955071874644     0.7311150436294367
-3.8659954708670305     0.810167853459161
-3.8267954345465967     0.9038285917758042
-3.7875953982261628     1.0210852409377584
-3.748395361905729     1.1774809945386022
-3.7091953255852914     1.3932464383812433
-3.6699952892648575     1.6878441140014302
-3.6307952529444236     2.0713930165406578
-3.5915952166239897     2.53522084797477
-3.5523951803035523     3.0455875217676285
-3.5131951439831184     3.5451902335058056
-3.4739951076626845     3.965144535928971
-3.4347950713422506     4.245708769396906
-3.395595035021813     4.3590191776276885
-3.3563949987013793     4.324625045808254
-3.3171949623809454     4.210752608014979
-3.2779949260605115     4.120254720248589
-3.2387948897400776     4.1667997255836795
-3.19959485341964     4.450388926480944
-3.160394817099206     5.040276196561972
-3.1211947807787723     5.969060195229973
-3.0819947444583384     7.236744769619252
-3.042794708137901     8.820029450709033
-3.003594671817467     10.68087959006457
-2.964394635497033     12.769619533592778
-2.9251945991765993     15.021130659565916
-2.885994562856162     17.347309293549614
-2.846794526535728     19.63272960990681
-2.807594490215294     21.74090321559001
-2.76839445389486     23.534310520862945
-2.7291944175744263     24.90404643933759
-2.689994381253989     25.798590933285368
-2.650794344933555     26.240013983526744
-2.611594308613121     26.32093702757193
-2.572394272292687     26.18380366758261
-2.5331942359722497     25.990480552844026
-2.493994199651816     25.891608017965417
-2.454794163331382     26.002020660159967
-2.415594127010948     26.384369487876477
-2.376394090690514     27.04090388232212
-2.3371940543700767     27.91369254072953
-2.2979940180496428     28.894540041405435
-2.258793981729209     29.845406986844694
-2.219593945408775     30.627589363850454
-2.1803939090883375     31.134145771927233
-2.1411938727679036     31.316873588807418
-2.1019938364474697     31.198589284256087
-2.062793800127036     30.865085173122885
-2.0235937638065984     30.438559376460642
-1.9843937274861645     30.042420951867577
-1.9451936911657306     29.771479067568233
-1.9059936548452967     29.678676370614678
-1.8667936185248628     29.781139042630144
-1.8275935822044254     30.0794302847637
-1.7883935458839915     30.579383489687253
-1.7491935095635576     31.307054342004726
-1.7099934732431237     32.31182212644897
-1.6707934369226862     33.6573091809314
-1.6315934006022523     35.403190603191746
-1.5923933642818184     37.58366520313049
-1.5531933279613845     40.19084678040184
-1.513993291640947     43.172383550974736
-1.4747932553205132     46.44971679171804
-1.4355932190000793     49.95520335769578
-1.3963931826796454     53.67515399281638
-1.3571931463592115     57.67777179250907
-1.317993110038774     62.10663919096069
-1.2787930737183402     67.13388638958443
-1.2395930373979063     72.88691905384167
-1.2003930010774724     79.37756669731526
-1.161192964757035     86.46332551513692
-1.121992928436601     93.85621245022674
-1.0827928921161671     101.17439479642579
-1.0435928557957332     108.01703759152332
-1.0043928194752993     114.03985146054103
-0.9651927831548619     119.0146933073475
-0.925992746834428     122.86386881497037
-0.8867927105139941     125.6641006964735
-0.8475926741935602     127.61797378295543
-0.8083926378731228     128.99588999424026
-0.7691926015526889     130.0600105843519
-0.729992565232255     130.98967413391955
-0.6907925289118211     131.83013675501974
-0.6515924925913836     132.480348037775
-0.6123924562709497     132.72239998218018
-0.5731924199505158     132.28073189724495
-0.533992383630082     130.890018353634
-0.49479234730964805     128.3513097237481
-0.4555923109892106     124.56513413071755
-0.4163922746687767     119.54136637026372
-0.3771922383483428     113.3917845874278
-0.3379922020279089     106.31051529245755
-0.29879216570747147     98.54426579291791
-0.2595921293870376     90.35418732523098
-0.22039209306660368     81.9760206106215
-0.18119205674616978     73.59061229144396
-0.14199202042573233     65.31665846294128
-0.10279198410529844     57.229000201915184
-0.06359194778486454     49.392871870247305
-0.02439191146443065     41.89536461252568
0.014808124856003246     34.856652895580424
0.054008161176440694     28.415198178084246
0.09320819749687459     22.696002593687705
0.13240823381730848     17.779614643120958
0.17160827013774238     13.687028894606843
0.21080830645817983     10.384645154951343
0.2500083427786137     7.802006027835029
0.2892083790990476     5.85024831581052
0.3284084154194815     4.432784916678727
0.3676084517399154     3.4477361382617895
0.40680848806035286     2.787985136068083
0.44600852438078675     2.345491988379953
0.48520856070122065     2.0220174095313457
0.5244085970216545     1.7424882011308525
0.563608633342092     1.464210313111206
0.6028086696625259     1.1768989266397671
0.6420087059829598     0.8934974904484357
0.6812087423033937     0.6364684597288075
0.7204087786238311     0.4258212734012531
0.759608814944265     0.2732360121650256
0.7988088512646989     0.18305901129921637
0.8380088875851328     0.15792233462675936
0.8772089239055667     0.20536235009766857
0.9164089602260042     0.3418215090857397
0.955608996546438     0.5911455649546881
0.994809032866872     0.9760441941937419
1.0340090691873058     1.5034573947270546
1.0732091055077433     2.1484092295824455
1.1124091418281772     2.8442548900641733
1.151609178148611     3.4874554994748905
1.190809214469045     3.9600861477220963
1.2300092507894824     4.164363102031856
1.2692092871099163     4.055458586603965
1.3084093234303502     3.6574888570607422
1.347609359750784     3.054854607435914
1.386809396071218     2.363173826757376
1.4260094323916555     1.6934841850283708
1.4652094687120893     1.124741461765329
1.5044095050325232     0.6931448538373988
1.5436095413529571     0.39755591028258747
1.5828095776733946     0.21389517853316015
1.6220096139938285     0.11035892452391091
1.6612096503142624     0.058273358273168596
1.7004096866346963     0.03736757999257874
1.7396097229551302     0.03686843392881227
1.7788097592755676     0.054461443446384754
1.8180097955960015     0.09444079290842596
1.8572098319164354     0.16527830981333025
1.8964098682368693     0.27616963053123195
1.9356099045573067     0.4322880491335729
1.9748099408777406     0.6294772174217019
2.0140099771981745     0.8503950803861178
2.0532100135186084     1.0646997982203874
2.092410049839046     1.2348642850173444
2.1316100861594798     1.3266444311812582
2.1708101224799137     1.3204096864231103
2.2100101588003476     1.2183941205100983
2.2492101951207815     1.0445453591320808
2.288410231441219     0.8372700481292529
2.327610267761653     0.6387344645610551
2.3668103040820867     0.4853657513706098
2.4060103404025206     0.40242271554797027
2.445210376722958     0.4024963058026055
2.484410413043392     0.4857660023581947
2.523610449363826     0.6400495468044684
2.5628104856842597     0.8406756758650875
2.602010522004697     1.0522247098615432
2.641210558325131     1.234438121162924
2.680410594645565     1.352567486712804
2.719610630965999     1.3893097746206404
2.7588106672864328     1.3534358012256438
2.79801070360687     1.2808720193569558
2.837210739927304     1.2271589189864074
2.876410776247738     1.2540114244262734
2.915610812568172     1.414961533644978
2.9548108488886093     1.7447481340375872
2.9940108852090432     2.2548181663086213
3.033210921529477     2.93452241691993
3.072410957849911     3.755727098101537
3.111610994170345     4.678261130595572
3.1508110304907824     5.654618195183625
3.1900110668112163     6.633701475381612
3.22921110313165     7.564117075282041
3.268411139452084     8.397226464713594
3.3076111757725215     9.089481913197917
3.3468112120929554     9.603523243469379
3.3860112484133893     9.908461637594641
3.425211284733823     9.980902775279368
3.4644113210542606     9.80831634924827
3.5036113573746945     9.394900979768458
3.5428113936951284     8.76796770280491
3.5820114300155623     7.981489237975252
3.621211466335996     7.113762091943615
3.6604115026564337     6.258094255892367
3.6996115389768676     5.5083133350764815
3.7388115752973015     4.943460557916101
3.7780116116177354     4.616835001277863
3.817211647938173     4.552598310130071
3.8564116842586067     4.749037888586799
3.8956117205790406     5.183819370380805
3.9348117568994745     5.81611493783987
3.974011793219912     6.584325705690376
4.013211829540346     7.403765230389428
4.05241186586078     8.171614125138131
4.091611902181214     8.783536669231554
4.1308119385016475     9.158681702709174
4.170011974822085     9.262568424339012
4.209212011142519     9.116237298418682
4.248412047462953     8.78659577089774
4.287612083783387     8.362908660326562
4.326812120103824     7.930926922300653
4.366012156424258     7.5550261613429255
4.405212192744692     7.271744752288123
4.444412229065126     7.0911570875707435
4.48361226538556     7.000385012283138
4.522812301705997     6.966350919374882
4.562012338026431     6.938941099343584
4.601212374346865     6.857431306569583
4.640412410667299     6.6614985839438265
4.679612446987736     6.305123583273062
4.71881248330817     5.769363693620474
4.758012519628604     5.069501676459671
4.797212555949038     4.253504713801361
4.836412592269475     3.3915352348485985
4.875612628589909     2.559493460483854
4.914812664910343     1.8219063698478073
4.954012701230777     1.2196772268912082
4.993212737551211     0.7660171044417161
5.032412773871648     0.4504053409764176
5.071612810192082     0.24750407089575338
5.110812846512516     0.12692327520635288
5.15001288283295     0.06066688218010186
5.189212919153388     0.02700058024830181
5.2284129554738215     0.011179918571325102
5.267612991794255     0.004303705644798653
5.306813028114689     0.001539323220382079
5.346013064435127     0.0005113138290627021
5.385213100755561     0.00015766675611079034
5.4244131370759945     4.5121379625031304e-05
5.463613173396428     1.2001012627504767e-05
5.502813209716862     3.047552655477309e-06
5.5420132460373     1.044584186828643e-06
5.581213282357734     1.4365529195103491e-06
5.6204133186781675     4.204385171905945e-06
5.659613354998601     1.2487472506561216e-05
5.698813391319039     3.4548986736143154e-05
5.738013427639473     8.854933767760842e-05
5.777213463959907     0.00021017352232626234
5.8164135002803405     0.0004619600781597922
5.855613536600774     0.0009402949527869402
5.894813572921212     0.0017723804353813018
5.934013609241646     0.0030937340187380635
5.97321364556208     0.005000831053456105
6.012413681882514     0.007485737235764581
6.051613718202951     0.010376721514374868
6.090813754523385     0.013320451124156432
6.130013790843819     0.01583473849257111
6.169213827164253     0.01743155174313666
6.20841386348469     0.017770285141890184
6.247613899805124     0.01677590424118412
6.286813936125558     0.014665966094046223
6.326013972445992     0.01187322266773986
6.365214008766426     0.008901429319038385
6.404414045086863     0.006179937510430786
6.443614081407297     0.0039732109335188365
6.482814117727731     0.0023655512630893875
6.522014154048165     0.0013042363836756779
6.561214190368602     0.0006659068250427283
6.600414226689036     0.00031485010009959233
6.63961426300947     0.00013785658041662985
6.678814299329904     5.589661767743597e-05
6.7180143356503415     2.098901849489263e-05
6.757214371970775     7.301917614053748e-06
6.796414408291209     2.3672319323445304e-06
6.835614444611643     7.69625984390303e-07
6.874814480932077     4.475862770015771e-07
6.9140145172525145     9.173390131670322e-07
6.953214553572948     2.757610110619918e-06
6.992414589893382     8.051877740864706e-06
7.031614626213816     2.18663864314819e-05
7.070814662534254     5.5060664360119426e-05
7.1100146988546875     0.00012857925339046858
7.149214735175121     0.0002786303231062029
7.188414771495555     0.0005607859789810655
7.227614807815989     0.0010495782985152483
7.266814844136427     0.0018298832313525318
7.3060148804568605     0.0029786866409522604
7.345214916777294     0.004540797986900498
7.384414953097728     0.006507196919285488
7.423614989418166     0.008805610198207173
7.4628150257386     0.011307028833847092
7.502015062059034     0.013842307144783478
7.5412150983794675     0.01621805088503943
7.580415134699905     0.01822718531292343
7.619615171020339     0.01966328228999007
7.658815207340773     0.02035523939187632
7.698015243661207     0.020228233341248528
7.7372152799816405     0.019371562254863466
7.776415316302078     0.01807409366261868
7.815615352622512     0.01679386484421778
7.854815388942946     0.01606087168674733
7.89401542526338     0.01634904584794143
7.933215461583817     0.01796697359960036
7.972415497904251     0.0209973451757567
8.011615534224685     0.025280192779524258
8.050815570545119     0.03041577954130338
8.090015606865553     0.035777049230991086
8.12921564318599     0.04055501362016163
8.168415679506424     0.04387669963835991
8.207615715826858     0.04500649648092664
8.246815752147292     0.04357841588362197
8.28601578846773     0.03975605740248686
8.325215824788163     0.03422604742649509
8.364415861108597     0.028004748201716022
8.403615897429031     0.02213261684964947
8.442815933749468     0.01738538159400215
8.482015970069902     0.01411527275743078
8.521216006390336     0.01226522008439699
8.56041604271077     0.011518622397700892
8.599616079031204     0.011496806531679653
8.638816115351641     0.011911906359475737
8.678016151672072     0.012618555735611624
8.71721618799251     0.013564477065223606
8.756416224312947     0.014693052132032442
8.795616260633377     0.015876162798427053
8.834816296953814     0.016939061263339977
8.874016333274252     0.017786630060444637
8.913216369594682     0.0185777211284558
8.95241640591512     0.019853094387007338
8.99161644223555     0.02252276420998941
9.030816478555987     0.027660559802490974
9.070016514876425     0.036124386912874576
9.109216551196855     0.04810273949269696
9.148416587517293     0.06275811900136952
9.187616623837723     0.07815951507869331
9.22681666015816     0.09162860521502567
9.266016696478598     0.10046052094057424
9.305216732799028     0.10278157197971688
9.344416769119466     0.09819033041672517
9.383616805439903     0.08789094071561708
9.422816841760334     0.07425811275295269
9.462016878080771     0.060043107691001255
9.501216914401201     0.04757750011718861
9.540416950721639     0.03827914693345658
9.579616987042076     0.03256869582646735
9.618817023362507     0.030100306870076525
9.658017059682944     0.030108799398082683
9.697217096003374     0.03170093082234033
9.736417132323812     0.03401724791178756
9.77561716864425     0.03628750585616952
9.81481720496468     0.03784860313344425
9.854017241285117     0.03818290267032193
9.893217277605554     0.03699066221596811
9.932417313925985     0.03426737966724253
9.971617350246422     0.030341763925560525
10.010817386566853     0.02584898918605147
10.05001742288729     0.02164977608439825
10.089217459207728     0.01872949687930188
10.128417495528158     0.018103398984757664
10.167617531848595     0.020721791333423376
10.206817568169026     0.02734493097692008
10.246017604489463     0.03837334976773805
10.2852176408099     0.05367567501156145
10.32441767713033     0.07250967205498238
10.363617713450768     0.09362370733130902
10.402817749771199     0.11553266563678966
10.442017786091636     0.13683728944320794
10.481217822412074     0.1564030207187487
10.520417858732504     0.1733037048524294
10.559617895052941     0.18662318342543735
10.598817931373379     0.19534730429796998
10.63801796769381     0.19853603774919537
10.677218004014247     0.19574567278830418
10.716418040334677     0.18743676424217132
10.755618076655114     0.17504956581885803
10.794818112975552     0.1606180779469074
10.834018149295982     0.14609710887989386
10.87321818561642     0.1327714879442914
10.91241822193685     0.12106297371466956
10.951618258257287     0.11079579617938462
10.990818294577725     0.10171246072339221
11.030018330898155     0.09392184001281079
11.069218367218593     0.08805148776027216
11.10841840353903     0.08506927467151318
11.14761843985946     0.08590254775543363
11.186818476179898     0.09104407480388349
11.226018512500328     0.10030296229585228
11.265218548820766     0.11278134575506393
11.304418585141203     0.12706993626330101
11.343618621461633     0.14157869297506515
11.382818657782071     0.15487538829654718
11.422018694102501     0.16591598184033524
11.461218730422939     0.17411353524955278
11.500418766743376     0.17926939597063601
11.539618803063806     0.18143503917459725
11.578818839384244     0.18076903752288187
11.618018875704681     0.17742588439030782
11.657218912025112     0.171497154209066
11.69641894834555     0.16302806517577004
11.73561898466598     0.15212822997906705
11.774819020986417     0.1391586299889792
11.814019057306854     0.12491711228360541
11.853219093627285     0.11070633504169072
11.892419129947722     0.09819382230521234
11.931619166268153     0.08906546319973448
11.97081920258859     0.0845846635193905
12.010019238909027     0.08523425527298276
12.049219275229458     0.09059731560770792
12.088419311549895     0.09953637208168242
12.127619347870333     0.11060818305392466
12.166819384190763     0.12255987652363468
12.2060194205112     0.13472429434023964
12.24521945683163     0.14716907358301917
12.284419493152068     0.16053725314389578
12.323619529472506     0.175623052415892
12.362819565792936     0.1928271164375306
12.402019602113374     0.21169733215858688
12.441219638433804     0.23075352977284225
12.480419674754241     0.24770843116710262
12.519619711074679     0.2600592125465697
12.558819747395109     0.2658863358142997
12.598019783715547     0.2646135948191961
12.637219820035984     0.2574890444556662
12.676419856356414     0.2476371181218891
12.715619892676852     0.23966311860448286
12.754819928997282     0.2388946917062677
12.79401996531772     0.250376416921741
12.833220001638157     0.27771788933202946
12.872420037958587     0.3219166917239422
12.911620074279025     0.38039515987177025
12.950820110599455     0.44664638821890074
12.990020146919893     0.5109093515600192
13.02922018324033     0.5620334096961987
13.06842021956076     0.5901810325917553
13.107620255881198     0.5895121225097284
13.146820292201628     0.5598283495931234
13.186020328522066     0.5065015413632827
13.225220364842503     0.43872689199843606
13.264420401162933     0.36685145609472836
13.30362043748337     0.29985291448983586
13.342820473803808     0.24383784686835894
13.382020510124239     0.20184992117882364
13.421220546444676     0.17466268130620916
13.460420582765106     0.16188267325229316
13.499620619085544     0.16272269294198452
13.538820655405981     0.17613134606539144
13.578020691726412     0.2003787559238312
13.61722072804685     0.2324995556199026
13.65642076436728     0.2680675907836035
13.695620800687717     0.3016120446613626
13.734820837008154     0.3276648732436095
13.774020873328585     0.34210011458074396
13.813220909649022     0.34324386287984243
13.85242094596946     0.3322957874502551
13.89162098228989     0.31288416887810355
13.930821018610327     0.28993281947753685
13.970021054930758     0.268269100979044
14.009221091251195     0.2514400405532608
14.048421127571633     0.24105076511096285
14.087621163892063     0.23671168842799822
14.1268212002125     0.23649533620675514
14.16602123653293     0.2377101186731293
14.205221272853368     0.23777585152626798
14.244421309173806     0.23498971207446384
14.283621345494236     0.2289835871440814
14.322821381814673     0.22071976301472057
14.362021418135111     0.21199185188919947
14.401221454455541     0.20459085247069178
14.440421490775979     0.1994822385123856
14.479621527096409     0.19638868254656758
14.518821563416846     0.1940018010068482
14.558021599737284     0.19071449184351977
14.597221636057714     0.1854685092921679
14.636421672378152     0.1782520388698405
14.675621708698582     0.17000876567695405
14.71482174501902     0.162079669954446
14.754021781339457     0.15554660337807868
14.793221817659887     0.1508321027617894
14.832421853980325     0.14768230658871612
14.871621890300762     0.14541176090110028
14.910821926621193     0.14319460364567582
14.95002196294163     0.14027408299979915
14.98922199926206     0.13611458678069593
15.028422035582498     0.1305885975539639
15.067622071902935     0.12421807544431471
15.106822108223366     0.11834711079276553
15.146022144543803     0.11504314107958993
15.185222180864233     0.11659475130783434
15.22442221718467     0.12467429252051127
15.263622253505108     0.13945348471468935
15.302822289825539     0.159071391118202
15.342022326145976     0.17977800750504525
15.381222362466414     0.19682203954357202
15.420422398786844     0.2058191400811574
15.459622435107281     0.2040874806282472
15.498822471427712     0.1914156729959387
15.538022507748149     0.16996947184341918
15.577222544068587     0.14343148016362145
15.616422580389017     0.11579154572828729
15.655622616709454     0.0902945557391959
15.694822653029885     0.06888714092596615
15.734022689350322     0.052215429564085064
15.77322272567076     0.03998887438087374
15.81242276199119     0.03144569058596495
15.851622798311627     0.025722464374434213
15.890822834632058     0.022057340625552188
15.930022870952495     0.019856194189751552
15.969222907272933     0.018687050649961564
16.008422943593363     0.018252843728163035
16.0476229799138     0.01836085891783086
16.086823016234238     0.018886283265576335
16.126023052554668     0.019725899151716346
16.165223088875106     0.020749707811124063
16.204423125195536     0.021770389437471477
16.243623161515973     0.022551638107869698
16.28282319783641     0.02286205504615347
16.32202323415684     0.022556876487593438
16.36122327047728     0.021649277937663074
16.40042330679771     0.02033113493693721
16.439623343118146     0.018924976030108093
16.478823379438584     0.0177839672436808
16.518023415759014     0.01718434311214266
16.55722345207945     0.017257430754844393
16.59642348839989     0.017984672614728515
16.63562352472032     0.019244179302744583
16.674823561040757     0.020873118764960903
16.714023597361187     0.022710447725231564
16.753223633681625     0.024606449214790597
16.792423670002062     0.026412734345759546
16.831623706322492     0.027979724529510017
16.87082374264293     0.02917919560736449
16.91002377896336     0.029944501917968984
16.949223815283798     0.030299511507381607
16.988423851604235     0.030346689811953723
17.027623887924666     0.030208401011831573
17.066823924245103     0.029948428427240697
17.10602396056554     0.02951941105558114
17.14522399688597     0.028771286552360574
17.184424033206408     0.027521265417445054
17.22362406952684     0.025649962487132083
17.262824105847276     0.02317453077328005
17.302024142167713     0.020265350789458486
17.341224178488144     0.017205281104847675
17.38042421480858     0.014317916260517033
17.41962425112901     0.011899046125038587
17.45882428744945     0.010174190645918322
17.498024323769886     0.009286472346331787
17.537224360090317     0.009305481840316883
17.576424396410754     0.010244130197129615
17.61562443273119     0.012073844484745081
17.654824469051622     0.014732983077345685
17.69402450537206     0.01812563741216782
17.73322454169249     0.022109281130146645
17.772424578012927     0.02647375945210858
17.811624614333365     0.03092237280891523
17.850824650653795     0.03507384426111467
17.890024686974233     0.03850277185493288
17.929224723294663     0.04081976585392897
17.9684247596151     0.04176644113291096
18.007624795935538     0.041282333737733906
18.046824832255968     0.03950802045442766
18.086024868576406     0.036721866285778025
18.125224904896836     0.03324586534611101
18.164424941217273     0.029371089854522303
18.20362497753771     0.02533399801595123
18.24282501385814     0.021336854188586045
18.28202505017858     0.01757807974359229
18.321225086499016     0.014259846631935172
18.360425122819446     0.011564526669140752
18.399625159139884     0.009616454612482976
18.438825195460314     0.008452776995399414
18.47802523178075     0.008016371705738478
18.51722526810119     0.00816831421930057
18.55642530442162     0.008710269555103099
18.595625340742057     0.00941062019803688
18.634825377062487     0.010034295367458434
18.674025413382925     0.010377002969870836
18.713225449703362     0.010299226855595017
18.752425486023792     0.009750047457303308
18.79162552234423     0.008771493623547011
18.830825558664667     0.00748099267209573
18.870025594985098     0.006037870283118713
18.909225631305535     0.004604870480583804
18.948425667625965     0.003315659578182908
18.987625703946403     0.002255579469305994
19.02682574026684     0.0014577688357179596
19.06602577658727     0.0009120125479497167
19.105225812907708     0.0005806142842983305
19.14442584922814     0.00041497350050201344
19.183625885548576     0.00036823194237584555
19.222825921869013     0.0004021722251836492
19.262025958189444     0.000488980613215676
19.30122599450988     0.000609619531891713
19.34042603083032     0.0007505384169472181
19.37962606715075     0.0009000810520809152
19.418826103471186     0.0010458603913737774
19.458026139791617     0.0011745290366632008
19.497226176112054     0.0012752020121355769
19.53642621243249     0.0013467677521684079
19.575626248752922     0.0014074715201706865
19.61482628507336     0.001503050242968999
19.65402632139379     0.0017081809457867242
19.693226357714227     0.0021160037077397123
19.732426394034665     0.0028130016244184877
19.771626430355095     0.0038422437750196877
19.810826466675532     0.00516600894709511
19.85002650299597     0.0066453465064627276
19.8892265393164     0.00805344100459095
19.928426575636838     0.009128034406179136
19.967626611957268     0.009648852306287816
20.006826648277706     0.009509744380106266
20.046026684598143     0.008753966660567434
20.085226720918573     0.007558102403853023
20.12442675723901     0.006176120095371808
20.16362679355944     0.004873685780856617
20.20282682987988     0.003882783675189281
20.242026866200316     0.003389549587484264
20.281226902520746     0.0035461410845977967
20.320426938841184     0.004483757686613626
20.35962697516162     0.006304882381508627
20.39882701148205     0.009046132419218627
20.43802704780249     0.012621481595711038
20.47722708412292     0.01677106165067932
20.516427120443357     0.021046876642812514
20.555627156763794     0.024859648251893973
20.594827193084225     0.027590477516744132
20.634027229404662     0.0287426204471894
20.673227265725092     0.02808423786864756
20.71242730204553     0.025726614543620005
20.751627338365967     0.022102022745360453
20.790827374686398     0.017845180601133076
20.830027411006835     0.013622741724308593
20.869227447327265     0.009974756835645415
20.908427483647703     0.007220966757089945
20.94762751996814     0.005451583311218325
20.98682755628857     0.004586178211836286
21.026027592609008     0.004462065437633571
21.065227628929446     0.00491085800372262
21.104427665249876     0.005795022964873567
21.143627701570313     0.0069981116411936255
21.182827737890744     0.008385394684639284
21.22202777421118     0.009767373502958063
21.26122781053162     0.010898461472897109
21.30042784685205     0.011523949339844878
21.339627883172486     0.011458529094218349
21.378827919492917     0.010657007021000349
21.418027955813354     0.009238189546463823
21.45722799213379     0.007447342435507323
21.496428028454222     0.00557539922749834
21.53562806477466     0.003873252813882018
21.574828101095097     0.002496211461915726
21.614028137415527     0.0014928248308186366
21.653228173735965     0.0008293732656197747
21.692428210056395     0.00042928666426620354
21.731628246376832     0.00020837783568321955
21.77082828269727     9.621885499140387e-05
21.8100283190177     4.3480905364830364e-05
21.849228355338138     2.0150615395748546e-05
21.888428391658568     1.0090859488415306e-05
21.927628427979005     5.574236793975305e-06
21.966828464299443     3.2933243236826583e-06
22.006028500619873     1.9719707458685755e-06
22.04522853694031     1.146149878002141e-06
22.084428573260748     6.307639492005335e-07
22.12362860958118     3.246947618529611e-07
22.162828645901616     1.5546839024056015e-07
22.202028682222046     6.90702078406561e-08
22.241228718542484     2.8441198904669307e-08
22.28042875486292     1.0849393104157937e-08
22.31962879118335     3.833288720893389e-09
22.35882882750379     1.2543111805091634e-09
22.39802886382422     3.800916965315859e-10
22.437228900144657     1.0666267376856535e-10
22.476428936465094     2.7718754765510204e-11
22.515628972785525     6.670683703473966e-12
22.554829009105962     1.4866253078185643e-12
22.5940290454264     3.068081084477303e-13
22.63322908174683     5.863623654567078e-14
22.672429118067267     1.0377654140941245e-14
22.711629154387698     1.7008504580801677e-15
22.750829190708135     2.58148321805333e-16
22.790029227028572     3.6299666669418963e-17
22.829229263349003     4.897756705801931e-18
22.86842929966944     2.2599108907307397e-18
22.90762933598987     1.5165227297385518e-17
22.946829372310308     1.2492231309518598e-16
22.986029408630746     9.568460120584709e-16
23.025229444951176     6.7873365655490024e-15
23.064429481271613     4.458512956762233e-14
23.10362951759205     2.712150091469153e-13
23.14282955391248     1.5278138480025405e-12
23.18202959023292     7.97003446875417e-12
23.22122962655335     3.850197363818493e-11
23.260429662873786     1.722419049754112e-10
23.299629699194224     7.13555376571388e-10
23.338829735514654     2.7374713369594775e-09
23.37802977183509     9.725333724508005e-09
23.417229808155522     3.199576367232413e-08
23.45642984447596     9.747954251388782e-08
23.495629880796397     2.7502205250451174e-07
23.534829917116827     7.185460231337393e-07
23.574029953437265     1.7385000029756292e-06
23.613229989757695     3.895182728984732e-06
23.652430026078132     8.081910011608531e-06
23.69163006239857     1.5528632761353972e-05
23.730830098719     2.7630291238952745e-05
23.770030135039438     4.5527178921715585e-05
23.809230171359875     6.946868084456881e-05
23.848430207680305     9.816132187487774e-05
23.887630244000743     0.00012844724047021515
23.926830280321173     0.00015564751558017
23.96603031664161     0.00017465967256495248
24.005230352962048     0.00018149978902731316
