-23.347177441042337     9.974889254080878e-24
-23.307978350030545     1.2458036195235626e-22
-23.268779259018753     1.4408704272754086e-21
-23.229580168006965     1.543242238408554e-20
-23.190381076995173     1.5306542754449868e-19
-23.15118198598338     1.4058984449338878e-18
-23.11198289497159     1.1958167341767133e-17
-23.072783803959798     9.419094141181408e-17
-23.033584712948006     6.870486401330464e-16
-22.994385621936217     4.640872838265262e-15
-22.955186530924426     2.902991031228141e-14
-22.915987439912634     1.681611105378812e-13
-22.876788348900842     9.0206804600926e-13
-22.83758925788905     4.481123511535605e-12
-22.79839016687726     2.0614293624792804e-11
-22.75919107586547     8.781809578364285e-11
-22.719991984853678     3.464445674190494e-10
-22.680792893841886     1.2656627536871516e-09
-22.641593802830094     4.281908398812812e-09
-22.602394711818302     1.3415074296835146e-08
-22.563195620806514     3.892131219777017e-08
-22.523996529794722     1.0457433165621779e-07
-22.48479743878293     2.602044965321661e-07
-22.44559834777114     5.996167667092092e-07
-22.406399256759347     1.2797804322920821e-06
-22.367200165747555     2.5302590503722765e-06
-22.328001074735766     4.635418495652825e-06
-22.288801983723975     7.873235931717646e-06
-22.249602892712183     1.2411775482903163e-05
-22.21040380170039     1.819891800468089e-05
-22.1712047106886     2.4918446589328358e-05
-22.13200561967681     3.2096077105164544e-05
-22.09280652866502     3.9392385626905494e-05
-22.053607437653227     4.701226323694309e-05
-22.014408346641435     5.603455702036462e-05
-21.975209255629643     6.840022819119879e-05
-21.93601016461785     8.636936486707892e-05
-21.896811073606063     0.00011148644717421233
-21.85761198259427     0.0001434029959254676
-21.81841289158248     0.0001791320116431366
-21.779213800570687     0.00021326991501670822
-21.740014709558896     0.00023935243823431117
-21.700815618547104     0.00025196697002004487
-21.661616527535315     0.00024890127853714327
-21.622417436523524     0.00023294139030270182
-21.58321834551173     0.00021443951908391452
-21.54401925449994     0.00021921940343413556
-21.504820163488148     0.00031336288493932394
-21.46562107247636     0.0006695619156350839
-21.426421981464568     0.0017209047217491738
-21.387222890452776     0.0044724127646139445
-21.348023799440984     0.011046841302570878
-21.308824708429192     0.02548366139381973
-21.2696256174174     0.05463235026515632
-21.230426526405612     0.10866976188968057
-21.19122743539382     0.20044417329159794
-21.15202834438203     0.3428067598856846
-21.112829253370236     0.5437131742877143
-21.073630162358445     0.8002912649622613
-21.034431071346653     1.0947634038762428
-20.995231980334864     1.395883511557526
-20.956032889323073     1.6681442092858012
-20.91683379831128     1.8872250143015858
-20.87763470729949     2.0555671685058186
-20.838435616287697     2.209419185649973
-20.79923652527591     2.4105775983749864
-20.760037434264117     2.7224578775791266
-20.720838343252325     3.1783892605643707
-20.681639252240533     3.7558580157197805
-20.64244016122874     4.370169500132381
-20.603241070216953     4.893718537899145
-20.56404197920516     5.195516317700914
-20.52484288819337     5.185457880217915
-20.485643797181577     4.844735717370674
-20.446444706169785     4.2300219613174095
-20.407245615157994     3.451378064904742
-20.3680465241462     2.6354236430948763
-20.328847433134413     1.8899609533806951
-20.28964834212262     1.2825118534460023
-20.25044925111083     0.8366260824032871
-20.211250160099038     0.5418647388141938
-20.172051069087246     0.3697272931644589
-20.132851978075458     0.2886659592124068
-20.093652887063666     0.27445293249095953
-20.054453796051874     0.3150156104080419
-20.015254705040082     0.4102360497647107
-19.97605561402829     0.5674700018618778
-19.936856523016502     0.79377771143412
-19.89765743200471     1.0868384442773877
-19.858458340992918     1.4279217726797697
-19.819259249981126     1.7807697580342383
-19.780060158969334     2.0984771903875443
-19.740861067957542     2.3365509689922663
-19.70166197694575     2.4664068648255
-19.662462885933962     2.4825557685157094
-19.62326379492217     2.3999863791470184
-19.58406470391038     2.2439675659200273
-19.544865612898587     2.0387429408085818
-19.505666521886795     1.8013723292451507
-19.466467430875007     1.5426924423134787
-19.427268339863215     1.2724406123503753
-19.388069248851423     1.0035520286606328
-19.34887015783963     0.7524160597546999
-19.30967106682784     0.5354604790848575
-19.27047197581605     0.36496049300094435
-19.23127288480426     0.2469922820717405
-19.192073793792467     0.18257149246991347
-19.152874702780675     0.17085613731146582
-19.113675611768883     0.21211252228678662
-19.07447652075709     0.30828728217753637
-19.0352774297453     0.4602225429652648
-18.99607833873351     0.6623271318385996
-18.95687924772172     0.897270596064789
-18.917680156709928     1.1341406249957156
-18.878481065698136     1.332638968614032
-18.839281974686344     1.4531621360787739
-18.800082883674555     1.4692129994811893
-18.760883792662764     1.376617157052615
-18.72168470165097     1.1950456897135642
-18.68248561063918     0.961049613555654
-18.643286519627388     0.7159778590147294
-18.6040874286156     0.4942400146184521
-18.564888337603808     0.3163613486939632
-18.525689246592016     0.18822309622319394
-18.486490155580224     0.10489527968110292
-18.447291064568432     0.056111448759285365
-18.408091973556644     0.030879352949969414
-18.36889288254485     0.020093002866845986
-18.32969379153306     0.017280300263734578
-18.29049470052127     0.01824713416953965
-18.251295609509476     0.020387090087775478
-18.212096518497685     0.022117715775301937
-18.172897427485893     0.022569905284507932
-18.133698336474104     0.02144966547886881
-18.094499245462313     0.01893723948412529
-18.05530015445052     0.015539875737634323
-18.01610106343873     0.011899102736404788
-17.976901972426937     0.008609943008625725
-17.93770288141515     0.006111518410839555
-17.898503790403357     0.004668157942844004
-17.859304699391565     0.004411456748376806
-17.820105608379773     0.005387758656372549
-17.78090651736798     0.00756438803821235
-17.741707426356193     0.010783975075392043
-17.702508335344397     0.014699403758430433
-17.66330924433261     0.01874852998314778
-17.624110153320817     0.02221963854800616
-17.584911062309025     0.024413912056497122
-17.545711971297234     0.02485153251932864
-17.50651288028544     0.02343032278527484
-17.467313789273653     0.02045855806827928
-17.42811469826186     0.01654357507481181
-17.38891560725007     0.012388994768414987
-17.349716516238278     0.008591987338973303
-17.310517425226486     0.0055182633682757136
-17.271318334214698     0.003282192144548287
-17.232119243202906     0.001807926568868998
-17.192920152191114     0.0009222655579430332
-17.153721061179322     0.0004357060629120816
-17.11452197016753     0.0001906331638301651
-17.075322879155742     7.724605519334138e-05
-17.036123788143946     2.898905066734544e-05
-16.996924697132158     1.0075800516715993e-05
-16.957725606120366     3.243564167605652e-06
-16.918526515108574     9.671056873115705e-07
-16.879327424096783     2.670834462917895e-07
-16.84012833308499     6.832142807306862e-08
-16.800929242073202     1.6189066116131034e-08
-16.76173015106141     3.5535512018701536e-09
-16.72253106004962     7.226097926918061e-10
-16.683331969037827     1.3613639798495512e-10
-16.644132878026035     2.3763324684169935e-11
-16.604933787014247     3.843629273836202e-12
-16.565734696002455     5.761321835313929e-13
-16.526535604990663     8.003891407013124e-14
-16.48733651397887     1.0307151380146028e-14
-16.44813742296708     1.230561860058353e-15
-16.40893833195529     1.3623050488088028e-16
-16.3697392409435     1.3987529544212077e-17
-16.330540149931707     1.3323082298600375e-18
-16.291341058919915     1.1775494696097986e-19
-16.252141967908123     9.660307468344671e-21
-16.21294287689633     7.35833601394772e-22
-16.17374378588454     5.2059171257433936e-23
-16.13454469487275     3.422216126745395e-24
-16.09534560386096     2.0911413487470754e-25
-16.056146512849168     1.1882429015806993e-26
-16.016947421837376     6.281396546688475e-28
-15.977748330825586     3.090423807317999e-29
-15.938549239813794     1.4156806337944126e-30
-15.899350148802004     6.040311210342356e-32
-15.860151057790212     2.4017923877230186e-33
-15.82095196677842     1.068049557211156e-34
-15.781752875766628     5.689039412595948e-34
-15.742553784754838     1.6620937849158727e-32
-15.703354693743048     4.521189259280314e-31
-15.664155602731256     1.1389017542104032e-29
-15.624956511719464     2.6567682543277663e-28
-15.585757420707672     5.739247033981537e-27
-15.54655832969588     1.1481271779903743e-25
-15.50735923868409     2.1269579814374434e-24
-15.4681601476723     3.648897443027577e-23
-15.428961056660508     5.796932423475162e-22
-15.389761965648717     8.52842141710299e-21
-15.350562874636925     1.1619110992943865e-19
-15.311363783625135     1.4659224045640416e-18
-15.272164692613343     1.7127063125368872e-17
-15.232965601601553     1.8530564443652284e-16
-15.19376651058976     1.8566422616324176e-15
-15.154567419577969     1.722668249373658e-14
-15.115368328566179     1.4801608076364112e-13
-15.076169237554387     1.177741519515342e-12
-15.036970146542595     8.678105083491638e-12
-14.997771055530805     5.921526232304388e-11
-14.958571964519013     3.741762724361473e-10
-14.919372873507221     2.1895388965616955e-09
-14.880173782495431     1.1864868222372671e-08
-14.84097469148364     5.953975006832515e-08
-14.801775600471847     2.76684562985742e-07
-14.762576509460057     1.1906844589823922e-06
-14.723377418448266     4.745066190280368e-06
-14.684178327436475     1.7511433469825835e-05
-14.644979236424684     5.9845976258207034e-05
-14.605780145412892     0.00018940090393266252
-14.566581054401102     0.0005550894496872126
-14.52738196338931     0.0015065298232135739
-14.488182872377518     0.003786398594150074
-14.448983781365728     0.008812695575496599
-14.409784690353936     0.018994377293174197
-14.370585599342144     0.03791187320496697
-14.331386508330354     0.07007440506137222
-14.292187417318562     0.1199438198854535
-14.25298832630677     0.19012158255956216
-14.21378923529498     0.2790758959353361
-14.174590144283188     0.37936478011813834
-14.135391053271398     0.47758818934809744
-14.096191962259606     0.5568821450627517
-14.056992871247814     0.6016326652705816
-14.017793780236024     0.6027950435478834
-13.978594689224233     0.5616191796558443
-13.93939559821244     0.4902280745928845
-13.90019650720065     0.4090495555458799
-13.860997416188859     0.34252825717833707
-13.821798325177067     0.3148707555393161
-13.782599234165277     0.34666702445685554
-13.743400143153485     0.4519336325924555
-13.704201052141693     0.6346323873309128
-13.665001961129903     0.8846327045133489
-13.625802870118111     1.174853219736101
-13.586603779106321     1.4624848503004448
-13.54740468809453     1.6964066637049422
-13.508205597082737     1.8300329851883217
-13.469006506070947     1.8353944339249832
-13.429807415059155     1.7125790612307292
-13.390608324047363     1.4901906248893855
-13.351409233035573     1.2165578528281367
-13.312210142023782     0.9456107225528849
-13.27301105101199     0.7231619130614794
-13.2338119600002     0.5780596835961791
-13.194612868988408     0.5196301118237866
-13.155413777976616     0.5401195175951261
-13.116214686964826     0.619783393435535
-13.077015595953034     0.7326872962197857
-13.037816504941242     0.8521781014904928
-12.998617413929452     0.9555323309483026
-12.95941832291766     1.0273719631671323
-12.92021923190587     1.0613857832681934
-12.881020140894078     1.0599978923006814
-12.841821049882286     1.0319584942354407
-12.802621958870496     0.9883642377519787
-12.763422867858704     0.9382543596577186
-12.724223776846912     0.8853916080480242
-12.685024685835122     0.8276614129681193
-12.64582559482333     0.7594583923488443
-12.606626503811539     0.6758827552616112
-12.567427412799749     0.5765126163905697
-12.528228321787957     0.46675695213530566
-12.489029230776165     0.3562366514481338
-12.449830139764375     0.2553120540363925
-12.410631048752583     0.1716907035700761
-12.371431957740793     0.10863691611588967
-12.332232866729     0.06516364995676854
-12.293033775717209     0.037559238977272646
-12.253834684705419     0.02122235232461743
-12.214635593693627     0.012027511316038792
-12.175436502681835     0.006951886836370507
-12.136237411670045     0.004101309609432873
-12.097038320658253     0.0024312357100170355
-12.057839229646461     0.001415426817986719
-12.018640138634671     0.000793999744589805
-11.97944104762288     0.0004281799465854581
-11.940241956611088     0.00023638995099571337
-11.901042865599297     0.00017703185435906762
-11.861843774587506     0.00025514599365306285
-11.822644683575716     0.0005450351956076004
-11.783445592563924     0.0012301709147820078
-11.744246501552132     0.0026631905506580428
-11.705047410540342     0.005443769157235558
-11.66584831952855     0.010503845628990234
-11.626649228516758     0.01918370626351835
-11.587450137504968     0.033285636334980925
-11.548251046493176     0.05510683828163818
-11.509051955481384     0.0874692763508834
-11.469852864469594     0.13375246563988563
-11.430653773457802     0.19786459492460592
-11.39145468244601     0.2839646172841016
-11.35225559143422     0.39566115643987515
-11.313056500422428     0.5345177713040127
-11.273857409410637     0.6980899509187126
-11.234658318398846     0.878284952857773
-11.195459227387055     1.061176403110831
-11.156260136375264     1.2290823730650156
-11.117061045363473     1.3646622249281095
-11.07786195435168     1.4555470660241763
-11.03866286333989     1.4974648616181565
-10.999463772328099     1.4944779246815403
-10.960264681316307     1.4564859947728102
-10.921065590304517     1.3955563084029141
-10.881866499292725     1.3230058130350448
-10.842667408280933     1.2483380160121609
-10.803468317269143     1.1797971873054927
-10.764269226257351     1.1253587560555718
-10.72507013524556     1.0929531242995747
-10.68587104423377     1.0895304002733994
-10.646671953221977     1.1196911081039325
-10.607472862210187     1.1853815063677973
-10.568273771198395     1.288040288820568
-10.529074680186604     1.4333642903596002
-10.489875589174813     1.6368798019216257
-10.450676498163022     1.926783832948547
-10.41147740715123     2.34039161738393
-10.37227831613944     2.912766852210126
-10.333079225127648     3.66007447181317
-10.293880134115856     4.5638075848508555
-10.254681043104066     5.562979064627606
-10.215481952092274     6.558746063470191
-10.176282861080482     7.431106660290562
-10.137083770068692     8.06296306146111
-10.0978846790569     8.365030088002783
-10.05868558804511     8.29582474865389
-10.019486497033318     7.872791246894615
-9.980287406021526     7.172126064308874
-9.941088315009736     6.316080374208883
-9.901889223997944     5.44848297805939
-9.862690132986152     4.702598509659716
-9.823491041974362     4.16933614937656
-9.78429195096257     3.875999670237611
-9.745092859950779     3.7839485884312003
-9.705893768938989     3.807186404643751
-9.666694677927197     3.845262637733818
-9.627495586915405     3.8173930141235455
-9.588296495903615     3.6844424389366743
-9.549097404891823     3.452057115170048
-9.509898313880031     3.157935387278582
-9.470699222868241     2.8529584959259107
-9.431500131856449     2.5858360354921714
-9.392301040844659     2.3952950244104274
-9.353101949832867     2.3076766761002903
-9.313902858821075     2.3355830804173574
-9.274703767809285     2.475426217660669
-9.235504676797493     2.7052265243207216
-9.196305585785701     2.985393751941622
-9.157106494773911     3.2638096321949392
-9.11790740376212     3.484244586681131
-9.078708312750328     3.596043757135543
-9.039509221738538     3.5633122485279944
-9.000310130726746     3.3722453913699644
-8.961111039714954     3.0349732046776383
-8.921911948703164     2.588031140591195
-8.882712857691372     2.0846158503518697
-8.843513766679582     1.5822539529489053
-8.80431467566779     1.129890230759597
-8.765115584655998     0.7588678493948249
-8.725916493644208     0.480370381566841
-8.686717402632416     0.2888868725980616
-8.647518311620624     0.16899760538618236
-8.608319220608834     0.10230122895417465
-8.569120129597042     0.07236358398286523
-8.52992103858525     0.06715813969646002
-8.49072194757346     0.07965127963662397
-8.451522856561668     0.10755103686732478
-8.412323765549877     0.1528741692757055
-8.373124674538087     0.22126471205507034
-8.333925583526295     0.32039885418111913
-8.294726492514503     0.4567985310490389
-8.255527401502713     0.6311841533938809
-8.21632831049092     0.833862230957994
-8.17712921947913     1.0427266220420335
-8.137930128467339     1.2262293836757563
-8.098731037455547     1.3517324261388706
-8.059531946443757     1.3967817539772247
-8.020332855431965     1.3587959147391515
-7.981133764420173     1.2589223914560692
-7.941934673408383     1.1383879357792681
-7.902735582396591     1.048916647268144
-7.863536491384799     1.040688364158766
-7.824337400373009     1.1510442123764537
-7.785138309361217     1.395644490895315
-7.745939218349426     1.7627295918631938
-7.7067401273376355     2.2113803500327496
-7.667541036325844     2.6754836954962062
-7.6283419453140535     3.0748642910873816
-7.589142854302262     3.3327927192603055
-7.54994376329047     3.3956289283541246
-7.51074467227868     3.2479374143761786
-7.471545581266888     2.91708733723967
-7.432346490255096     2.465351137994167
-7.393147399243306     1.9727957028208762
-7.353948308231514     1.5177936363774742
-7.314749217219724     1.1618465084660343
-7.275550126207932     0.9420877558204763
-7.23635103519614     0.8707289056852346
-7.197151944184348     0.9383493974608662
-7.1579528531725565     1.118227751945937
-7.118753762160768     1.3708290750822583
-7.079554671148976     1.649186369725405
-7.040355580137184     1.9059849824149568
-7.001156489125393     2.1018522439708156
-6.961957398113601     2.2128375367369384
-6.922758307101809     2.2344734110868902
-6.8835592160900205     2.180539596388566
-6.844360125078229     2.0764181123232603
-6.805161034066437     1.9490862843584373
-6.765961943054645     1.8175008631737153
-6.726762852042853     1.6874155702126876
-6.687563761031065     1.552931626309871
-6.648364670019273     1.4037926637681244
-6.609165579007481     1.2343561377227983
-6.569966487995689     1.0493060977940216
-6.530767396983897     0.8632044574918316
-6.491568305972105     0.6946076033639559
-6.452369214960317     0.5583525776576318
-6.413170123948525     0.46009722113269125
-6.373971032936733     0.39538999176884937
-6.3347719419249415     0.35292018614561754
-6.29557285091315     0.3197515217802115
-6.256373759901358     0.2860030077031173
-6.2171746688895695     0.247341552246847
-6.177975577877778     0.20500436552872178
-6.138776486865986     0.16413572150264122
-6.099577395854194     0.1316185344332654
-6.060378304842402     0.11431970007040507
-6.021179213830614     0.11804459042169513
-5.981980122818822     0.14691261354294172
-5.94278103180703     0.202649232836746
-5.903581940795238     0.28354821720620654
-5.864382849783446     0.38342061600690086
-5.825183758771654     0.491328208525028
-5.785984667759866     0.5928952664321956
-5.746785576748074     0.67335221990296
-5.707586485736282     0.7214697673615177
-5.6683873947244905     0.7328095991382028
-5.629188303712699     0.7108056797893463
-5.58998921270091     0.6651557376290488
-5.5507901216891185     0.6082964785717698
-5.511591030677327     0.5515689864187343
-5.472391939665535     0.5025940568278155
-5.433192848653743     0.464542492562476
-5.393993757641951     0.4370061897578833
-5.354794666630163     0.4176055098084908
-5.315595575618371     0.4034683714681158
-5.276396484606579     0.39208319613888226
-5.237197393594787     0.38145991333571583
-5.197998302582995     0.36984775688305166
-5.158799211571203     0.3554060732786313
-5.119600120559415     0.3361938399344418
-5.080401029547623     0.31062996896622375
-5.041201938535831     0.2782474282467106
-5.0020028475240395     0.24030033261027212
-4.962803756512248     0.19978000740054433
-4.923604665500459     0.16069253560657562
-4.884405574488667     0.12686478165069034
-4.8452064834768755     0.10080623179082941
-4.806007392465084     0.08310721012602762
-4.766808301453292     0.07256372134111343
-4.7276092104415     0.06688374999536803
-4.688410119429712     0.06362469594860584
-4.64921102841792     0.06099543823734157
-4.610011937406128     0.058283471282066984
-4.570812846394336     0.05584933545355283
-4.531613755382544     0.054786239021233946
-4.492414664370752     0.05642289821294787
-4.453215573358964     0.0618441424929702
-4.414016482347172     0.07154605815162704
-4.37481739133538     0.08527389374920599
-4.335618300323588     0.10204026029422103
-4.2964192093117965     0.1202924585857405
-4.257220118300008     0.13818524163040785
-4.218021027288216     0.15391689434163544
-4.1788219362764245     0.16609622224329018
-4.139622845264633     0.17410376804580266
-4.100423754252841     0.17837020888955765
-4.061224663241049     0.18043655641568263
-4.022025572229261     0.18265451019362033
-3.9828264812174687     0.18749749906437496
-3.943627390205677     0.19666318469096153
-3.904428299193885     0.21033014486506063
-3.865229208182093     0.2269392784783297
-3.826030117170305     0.24366260009354862
-3.786831026158513     0.2574057839752496
-3.747631935146721     0.2659442513646257
-3.7084328441349292     0.2687382896904453
-3.6692337531231374     0.2671134450056286
-3.6300346621113455     0.2637454367189799
-3.590835571099557     0.2616557034418439
-3.5516364800877653     0.26312070799938697
-3.5124373890759735     0.268947293905902
-3.4732382980641816     0.27841079689505527
-3.4340392070523897     0.2898231751168416
-3.394840116040598     0.30135974553176925
-3.3556410250288096     0.31165047030217696
-3.3164419340170177     0.3198439315368581
-3.277242843005226     0.3252478100765609
-3.238043751993434     0.3269450295718412
-3.198844660981642     0.32376164901540877
-3.159645569969854     0.3146612848088322
-3.120446478958062     0.2993131010829611
-3.08124738794627     0.27846571605179554
-3.042048296934478     0.25390126972034793
-3.0028492059226863     0.22799876150906442
-2.9636501149108945     0.2031241662760935
-2.924451023899106     0.18110274100715482
-2.8852519328873143     0.16294383044466026
-2.8460528418755224     0.14885705595376472
-2.8068537508637306     0.13848878165376657
-2.7676546598519387     0.13125637731967185
-2.728455568840147     0.1266681277071169
-2.6892564778283585     0.12455941329936492
-2.6500573868165667     0.125207696814175
-2.610858295804775     0.12928897975872292
-2.571659204792983     0.13763256620794673
-2.532460113781191     0.1507712284504861
-2.4932610227694028     0.16839206594464717
-2.454061931757611     0.188920024245145
-2.414862840745819     0.20951010277490908
-2.375663749734027     0.2266078043375395
-2.3364646587222353     0.23697973383072915
-2.2972655677104434     0.23884549034207805
-2.258066476698655     0.2326239203058048
-2.2188673856868633     0.2209339707302514
-2.1796682946750714     0.20781066482553498
-2.1404692036632795     0.19743994228367184
-2.1012701126514877     0.19290385949262662
-2.0620710216396994     0.19538286596593996
-2.0228719306279075     0.20403749830607348
-1.9836728396161156     0.2165130661290625
-1.9444737486043238     0.22979609730797915
-1.905274657592532     0.24107072307357458
-1.86607556658074     0.24829368484436812
-1.8268764755689517     0.2503889192345489
-1.7876773845571599     0.24716080165229443
-1.748478293545368     0.23912383000965085
-1.7092792025335761     0.22738978520422284
-1.6700801115217843     0.2136000139551029
-1.6308810205099924     0.19977669815952107
-1.591681929498204     0.18799304670685638
-1.5524828384864122     0.1799057874044085
-1.5132837474746204     0.17633227966115061
-1.4740846564628285     0.1770759113888159
-1.4348855654510366     0.18109206369763242
-1.3956864744392483     0.18692264395052832
-1.3564873834274565     0.19321050727855102
-1.3172882924156646     0.19908808572178527
-1.2780892014038727     0.2043065333438663
-1.2388901103920809     0.2090877393901001
-1.199691019380289     0.21379334961381588
-1.1604919283685007     0.21857336099716287
-1.1212928373567088     0.22315626423276647
-1.082093746344917     0.22687077740232675
-1.042894655333125     0.22887667793820546
-1.0036955643213332     0.2284846125368422
-0.9644964733095414     0.22541209427843825
-0.925297382297753     0.21986796081179266
-0.8860982912859612     0.21244874617329879
-0.8468992002741693     0.20391494791236045
-0.8077001092623775     0.19495303501552905
-0.7685010182505856     0.18601237283893393
-0.7293019272387973     0.1772554472670438
-0.6901028362270054     0.1686060621264041
-0.6509037452152135     0.1598485104117669
-0.6117046542034217     0.15073006894946947
-0.5725055631916298     0.14104098306893903
-0.533306472179838     0.13067066627589322
-0.49410738116804964     0.11964811480871203
-0.4549082901562578     0.10816498138080775
-0.4157091991444659     0.09656506708537496
-0.37651010813267405     0.08528366509253427
-0.3373110171208822     0.07474181999942663
-0.29811192610909387     0.06523118491185069
-0.258912835097302     0.05684044690957169
-0.21971374408551014     0.04945886179568256
-0.18051465307371828     0.042853674435996386
-0.14131556206192641     0.036781218771034394
-0.10211647105013455     0.031079548393938283
-0.06291738003834624     0.025707882055352082
-0.023718289026554373     0.020729692432195683
0.015480801985237491     0.016261159478647067
0.054679892997029356     0.012413842678588362
0.09387898400882122     0.00925261020689192
0.13307807502061308     0.006777028262688061
0.1722771660324014     0.004924489101359683
0.21147625704419326     0.003588473316603334
0.2506753480559851     0.0026439009068446426
0.289874439067777     0.001971776207000049
0.32907353007956885     0.0014768588094232577
0.36827262109135717     0.0010950157733418532
0.40747171210314903     0.0007906685069715219
0.4466708031149409     0.0005479384696874601
0.48586989412673276     0.00036036932005922297
0.5250689851385246     0.00022314011821464666
0.5642680761503165     0.00012938344949601265
0.6034671671621048     7.000692462285424e-05
0.6426662581738967     3.5293504228660015e-05
0.6818653491856885     1.66501837253774e-05
0.7210644401974804     7.644397262371287e-06
0.7602635312092723     4.255385777238159e-06
0.7994626222210641     4.703248218759832e-06
0.8386617132328524     9.272220696735445e-06
0.8778608042446443     2.035544648568754e-05
0.9170598952564362     4.265060335540981e-05
0.956258986268228     8.311932409529935e-05
0.9954580772800199     0.00015010155399898165
1.0346571682918082     0.00025104045272472095
1.0738562593036     0.00038881628481691457
1.113055350315392     0.0005576764779451493
1.1522544413271838     0.0007407238090490388
1.1914535323389757     0.0009110998008338523
1.2306526233507675     0.001037793563804381
1.2698517143625558     0.0010946899409373706
1.3090508053743477     0.0010693163644130508
1.3482498963861396     0.0009672885818666391
1.3874489873979314     0.0008102901077630044
1.4266480784097233     0.0006285785741039917
1.4658471694215116     0.0004515578487518953
1.5050462604333035     0.0003004027251129304
1.5442453514450953     0.00018507278512775975
1.5834444424568872     0.00010560849032740262
1.622643533468679     5.5870972362350847e-05
1.661842624480471     2.75584883032524e-05
1.7010417154922592     1.3091072611866158e-05
1.740240806504051     7.007220900180612e-06
1.779439897515843     6.232556516244873e-06
1.8186389885276348     9.774528388355464e-06
1.8578380795394267     1.8224334060300046e-05
1.8970371705512186     3.31667854065507e-05
1.9362362615630069     5.641506103176321e-05
1.9754353525747987     8.90017305412906e-05
2.0146344435865906     0.00013006263812672056
2.0538335345983825     0.0001760228856965629
2.0930326256101743     0.00022062302826960178
2.1322317166219626     0.00025612342469269055
2.1714308076337545     0.00027550095743817315
2.2106298986455464     0.0002748762739716107
2.2498289896573382     0.0002551783064862452
2.28902808066913     0.00022238644320098796
2.328227171680922     0.00018641015358533973
2.3674262626927103     0.00015927626576347692
2.406625353704502     0.0001533527685674993
2.445824444716294     0.00017982225346876876
2.485023535728086     0.00024698810002485625
2.5242226267398777     0.00035787939495630303
2.5634217177516696     0.0005073182394869799
2.602620808763458     0.0006797699348370882
2.64181989977525     0.0008500069244327809
2.6810189907870416     0.0009880163166035693
2.7202180817988335     0.0010675942011779585
2.7594171728106254     0.0010757253232367486
2.7986162638224137     0.0010187186473182646
2.8378153548342056     0.0009221252094699144
2.8770144458459974     0.000824229589252842
2.9162135368577893     0.0007657353039684757
2.955412627869581     0.000779550503526132
2.994611718881373     0.0008838655466289131
3.0338108098931613     0.0010798080840229605
3.073009900904953     0.0013531406548838124
3.112208991916745     0.0016785662867617325
3.151408082928537     0.002025269441926132
3.1906071739403288     0.002362804817209931
3.229806264952117     0.002666700028039568
3.269005355963909     0.0029228486983736745
3.308204446975701     0.0031292569929161126
3.3474035379874927     0.0032937771794002164
3.3866026289992845     0.003427741595428726
3.4258017200110764     0.003537580666021215
3.4650008110228647     0.003618237890219772
3.5041999020346566     0.0036520525690279327
3.5433989930464485     0.0036144406032515386
3.5825980840582403     0.0034843440490462856
3.621797175070032     0.0032549449672718855
3.660996266081824     0.0029398974857124823
3.7001953570936124     0.0025723570596548726
3.7393944481054042     0.002197258074802409
3.778593539117196     0.0018600707274590196
3.817792630128988     0.0015964452515802212
3.85699172114078     0.0014263204971587135
3.896190812152568     0.0013537636132454085
3.93538990316436     0.001371218441698366
3.974588994176152     0.0014652327126784734
4.013788085187944     0.0016207663441579338
4.052987176199736     0.001822609183882427
4.0921862672115275     0.002054339362005998
4.131385358223316     0.0022966052955884796
4.170584449235108     0.002526703240508873
4.2097835402468995     0.002720502415198845
4.248982631258691     0.0028563664603891703
4.288181722270483     0.0029196386022636283
4.327380813282275     0.002905996018691082
4.366579904294063     0.0028224723490728075
4.405778995305855     0.0026857559061896274
4.444978086317647     0.002518116325282254
4.484177177329439     0.0023419122670551664
4.523376268341231     0.002174120628176489
4.562575359353019     0.0020225507289141687
4.601774450364811     0.0018850541814632651
4.640973541376603     0.0017520208477475828
4.680172632388395     0.001611162481213809
4.719371723400187     0.0014527127500381604
4.7585708144119785     0.0012731723217169677
4.797769905423767     0.0010765118462133414
4.836968996435559     0.0008728199598409583
4.8761680874473505     0.0006752394431049342
4.915367178459142     0.000496418074188594
4.954566269470934     0.00034561557757095153
4.993765360482723     0.00022719184767508877
5.032964451494514     0.0001406372193830405
5.072163542506306     8.179069088868692e-05
5.111362633518098     4.459762746846549e-05
5.15056172452989     2.2758446928380194e-05
5.189760815541682     1.0852174305208885e-05
5.22895990655347     4.828884119213667e-06
5.268158997565262     2.002756024635181e-06
5.307358088577054     7.734444481459747e-07
5.346557179588846     2.778969664306274e-07
5.385756270600638     9.283308074752261e-08
5.4249553616124295     2.8840300857097378e-08
5.464154452624218     8.447259684107916e-09
5.50335354363601     2.852692610603888e-09
5.542552634647802     3.11828808448356e-09
5.581751725659593     9.792996423126278e-09
5.620950816671385     3.3735139891454504e-08
5.660149907683174     1.0886159943293578e-07
5.6993489986949655     3.2554308176566706e-07
5.738548089706757     9.015606260181587e-07
5.777747180718549     2.3121520714713878e-06
5.816946271730341     5.491256842793686e-06
5.856145362742133     1.2077052623580525e-05
5.895344453753921     2.459710493940415e-05
5.934543544765713     4.639176151230784e-05
5.973742635777505     8.102733705817424e-05
6.012941726789297     0.00013105575690764467
6.052140817801089     0.00019629736673677784
6.091339908812881     0.00027227431761159493
6.130538999824669     0.0003497298621012677
6.169738090836461     0.00041599928948681653
6.208937181848253     0.00045823292920231057
6.2481362728600445     0.00046742704293113404
6.287335363871836     0.00044154524130876464
6.326534454883625     0.00038625171092162365
6.3657335458954165     0.00031289560111010456
6.404932636907208     0.00023472661339288026
6.444131727919      0.00016306435688555126
6.483330818930792     0.00010490340499684907
6.522529909942584     6.249625040775559e-05
6.561729000954372     3.447880239934127e-05
6.600928091966164     1.761506370747952e-05
6.640127182977956     8.333935103552987e-06
6.679326273989748     3.6513215153389977e-06
6.71852536500154     1.4814507040392196e-06
6.757724456013332     5.566820317812956e-07
6.79692354702512     1.9404520165786521e-07
6.836122638036912     6.430628099154573e-08
6.875321729048704     2.7781518725870084e-08
6.9145208200604955     4.733853853691423e-08
6.953719911072287     1.870073912122847e-07
6.992919002084076     7.782165849829727e-07
7.0321180930958676     3.087518908210642e-06
7.071317184107659     1.155431234074672e-05
7.110516275119451     4.059754295731233e-05
7.149715366131243     0.0001334522581849168
7.188914457143035     0.00040927020169462806
7.228113548154823     0.0011685212251059712
7.267312639166615     0.0031012214177213154
7.306511730178407     0.007642139035276977
7.345710821190199     0.017471957148959345
7.384909912201991     0.037040508492725076
7.424109003213779     0.07278898028829478
7.463308094225571     0.13256155027212027
7.502507185237363     0.22372011216930163
7.541706276249155     0.3499251514674654
7.5809053672609465     0.5074426612883797
7.620104458272738     0.6827953489066926
7.659303549284527     0.8538512436065083
7.698502640296319     0.9953934275942313
7.7377017313081105     1.0879602920869649
7.776900822319902     1.1264349027776124
7.816099913331694     1.124102947217936
7.855299004343486     1.1095872575072134
7.894498095355274     1.1175155575832483
7.933697186367066     1.176969565333375
7.972896277378858     1.3026790947286224
8.01209536839065     1.4919947783575027
8.051294459402442     1.7272552707485418
8.09049355041423     1.980640855678878
8.129692641426022     2.2186576301404397
8.168891732437814     2.405677918582236
8.208090823449606     2.5082663905099927
8.247289914461398     2.5020442212512926
8.28648900547319     2.3802402155241675
8.325688096484978     2.1599648436366845
8.36488718749677     1.8815003485044501
8.404086278508561     1.5986783771573367
8.443285369520353     1.3631118306493493
8.482484460532145     1.2086099970190205
8.521683551543937     1.142357297261825
8.560882642555725     1.1463714598814132
8.600081733567517     1.1881204545390263
8.63928082457931     1.2351978969633521
8.678479915591101     1.2673560282072314
8.71767900660289     1.2806981549838605
8.756878097614685     1.282869847042782
8.796077188626473     1.282765490800793
8.835276279638268     1.2810616219442703
8.874475370650057     1.2670960590900862
8.913674461661845     1.2236260908998637
8.95287355267364     1.1362749501114129
8.992072643685429     1.0019525595424836
9.031271734697224     0.8316203296932356
9.070470825709013     0.6464366556342815
9.1096699167208     0.4700121634654142
9.148869007732596     0.3210350152029618
9.188068098744385     0.20946105075817517
9.22726718975618     0.13702671217143075
9.266466280767968     0.10071077749422191
9.305665371779757     0.09688885704226058
9.344864462791552     0.1242055989403094
9.38406355380334     0.18403525211617028
9.423262644815136     0.27835655625675093
9.462461735826924     0.40582371685944907
9.50166082683872     0.5577232875034601
9.540859917850508     0.7160360798957193
9.580059008862296     0.855417747605926
9.619258099874092     0.9493114550200553
9.65845719088588     0.978174919784578
9.697656281897675     0.9362452832636194
9.736855372909464     0.8335680393058188
9.776054463921252     0.6922498521935521
9.815253554933047     0.5387749264825494
9.854452645944836     0.3959802092629843
9.893651736956631     0.2779503085283784
9.93285082796842     0.18913522821441797
9.972049918980208     0.12681209056380852
10.011249009992003     0.08484466312478663
10.050448101003791     0.056866917362191884
10.089647192015587     0.03799625759013515
10.128846283027375     0.0251751570246321
10.16804537403917     0.016750300486026295
10.207244465050959     0.011891299031298395
10.246443556062747     0.01017556008474296
10.285642647074543     0.011389145621984238
10.32484173808633     0.01544814775514471
10.364040829098126     0.022327720233858133
10.403239920109915     0.03193371234142981
10.442439011121703     0.043913202915759966
10.481638102133498     0.05745592040966845
10.520837193145287     0.07118197428845559
10.560036284157082     0.08322320450891099
10.59923537516887     0.0915565205522805
10.638434466180659     0.09453288740997794
10.677633557192454     0.09141527703472942
10.716832648204242     0.08268194222412502
10.756031739216038     0.06992948625094453
10.795230830227826     0.05539616497258672
10.834429921239622     0.04131005527413747
10.87362901225141     0.029335829225412776
10.912828103263198     0.020314797326613503
10.952027194274994     0.01432958288705096
10.991226285286782     0.010980661264164197
11.030425376298577     0.009705630620588913
11.069624467310366     0.010005935374313771
11.108823558322154     0.011526947486506919
11.14802264933395     0.014016596200258795
11.187221740345738     0.017233649090497793
11.226420831357533     0.02087928083702872
11.265619922369321     0.02459226735306115
11.30481901338111     0.02800048987806402
11.344018104392905     0.030787474387147646
11.383217195404693     0.03273206578085192
11.422416286416489     0.03370876706471964
11.461615377428277     0.0336701705718328
11.500814468440065     0.03264296401118202
11.540013559451861     0.030747751106385883
11.57921265046365     0.028220137760620365
11.618411741475445     0.025396085356418276
11.657610832487233     0.02264308123066478
11.696809923499028     0.020257775052173917
11.736009014510817     0.018381105945507833
11.775208105522605     0.016980063156323975
11.8144071965344     0.015910400276665643
11.853606287546189     0.015029332019123187
11.892805378557984     0.014301989253840002
11.932004469569772     0.01385922853276375
11.97120356058156     0.014013407204744439
12.010402651593356     0.015298459500802343
12.049601742605144     0.018637755836318933
12.08880083361694     0.025727436935416022
12.127999924628728     0.03963362161635326
12.167199015640517     0.0654367945150345
12.206398106652312     0.110552101882229
12.2455971976641     0.1842103812114531
12.284796288675896     0.2956575544351379
12.323995379687684     0.4510461365159345
12.36319447069948     0.6497028531579602
12.402393561711268     0.8811467847219211
12.441592652723056     1.124439933026177
12.480791743734851     1.3508842049241532
12.51999083474664     1.5299004277545467
12.559189925758435     1.6367146964391326
12.598389016770223     1.6598273234499372
12.637588107782012     1.606340759371077
12.676787198793807     1.5038117811853393
12.715986289805596     1.3979675133832536
12.755185380817391     1.3461793586718855
12.79438447182918     1.4070943178778084
12.833583562840968     1.6274871221246963
12.872782653852763     2.028374914678212
12.911981744864551     2.593631767717433
12.951180835876347     3.2652093168441754
12.990379926888135     3.948670975861009
13.02957901789993     4.530303853104063
13.068778108911719     4.9028464290182905
13.107977199923507     4.992576786617086
13.147176290935302     4.778603314677008
13.18637538194709     4.2972955109662765
13.225574472958886     3.6303341301440204
13.264773563970675     2.881220426831907
13.303972654982463     2.1491059434546584
13.343171745994258     1.508706726472724
13.382370837006047     1.0013777293564257
13.421569928017842     0.6374039365445572
13.46076901902963     0.4056916438877312
13.499968110041419     0.2856669550514083
13.539167201053214     0.25712841877763937
13.578366292065002     0.3058838844608702
13.617565383076798     0.42497434101243015
13.656764474088586     0.612473166962451
13.695963565100381     0.867264388692122
13.73516265611217     1.1842423876745585
13.774361747123958     1.5503802088790575
13.813560838135754     1.9431134887903716
13.852759929147542     2.33221770496211
13.891959020159337     2.6855022392175383
13.931158111171126     2.9771590933617547
13.970357202182914     3.195938920622501
14.00955629319471     3.34939288299433
14.048755384206498     3.461155122957645
14.087954475218293     3.560911215916179
14.127153566230081     3.6703715158133434
14.16635265724187     3.7913321020174746
14.205551748253665     3.9019113933659586
14.244750839265453     3.963772305622239
14.283949930277249     3.937935584237425
14.323149021289037     3.8022993696832788
14.362348112300833     3.5627020983037925
14.40154720331262     3.2522308970352976
14.44074629432441     2.919190716721403
14.479945385336205     2.6097194002930486
14.519144476347993     2.353367220117034
14.558343567359788     2.1577393951407995
14.597542658371577     2.0129430201613308
14.636741749383365     1.9014288281658245
14.67594084039516     1.80694179266859
14.715139931406949     1.7184253119155872
14.754339022418744     1.6288973296729132
14.793538113430532     1.532475755735853
14.83273720444232     1.4229915499478485
14.871936295454116     1.2954380843415134
14.911135386465904     1.1489279136165325
14.9503344774777     0.9887574586467948
14.989533568489488     0.8260245736069979
15.028732659501276     0.6749811277992667
15.067931750513072     0.5495591992871152
15.10713084152486     0.4606028796212206
15.146329932536656     0.41453060680507214
15.185529023548444     0.41318658451617674
15.22472811456024     0.4541234357940999
15.263927205572028     0.5306736812701754
15.303126296583816     0.6317260538474085
15.342325387595611     0.7417518540642178
15.3815244786074     0.8419305018393457
15.420723569619195     0.9129303173877665
15.459922660630983     0.9390394634933282
15.499121751642772     0.9123421327956748
15.538320842654567     0.8351589620639647
15.577519933666355     0.719472928555359
15.61671902467815     0.5833826884631128
15.65591811568994     0.44601097698096487
15.695117206701727     0.32291057550849733
15.734316297713523     0.22353912405302476
15.773515388725311     0.15120958156471762
15.812714479737107     0.10481156264256347
15.851913570748895     0.08109060451008192
15.89111266176069     0.076434787690954
15.930311752772479     0.08765405174394084
15.969510843784267     0.11179615671650955
16.008709934796062     0.14542561967310166
16.04790902580785     0.18394934710615796
16.087108116819646     0.22150841159183937
16.126307207831434     0.25168304669956976
16.165506298843223     0.26884912818667756
16.204705389855018     0.26965174368696954
16.243904480866806     0.2539360485171395
16.283103571878602     0.22469807014432464
16.32230266289039     0.18707627210707803
16.36150175390218     0.14683175660022363
16.400700844913974     0.10892538766514871
16.439899935925762     0.07664671745839959
16.479099026937558     0.05142664137602941
16.518298117949346     0.033177365889295055
16.55749720896114     0.02087446455587659
16.59669629997293     0.013126752844288514
16.635895390984718     0.008593442761125147
16.675094481996513     0.006222798612130321
16.7142935730083     0.0053568838392203805
16.753492664020097     0.005765137402849499
16.792691755031885     0.007648325020944081
16.831890846043674     0.011613342732207241
16.87108993705547     0.018579903016149767
16.910289028067258     0.029565872588793143
16.949488119079053     0.04532966027631911
16.98868721009084     0.06592821264293663
17.02788630110263     0.09034518175481096
17.067085392114425     0.11638996278111692
17.106284483126213     0.141003688371764
17.14548357413801     0.16093418424867806
17.184682665149797     0.17354793818250577
17.223881756161592     0.1774637807227837
17.26308084717338     0.17279082624559264
17.30227993818517     0.1609737328601287
17.341479029196964     0.14443935294089885
17.380678120208753     0.12627394576946135
17.419877211220548     0.1100354865997862
17.459076302232337     0.09962895379249394
17.498275393244125     0.09906765704669823
17.53747448425592     0.11196926035443938
17.57667357526771     0.140775901992957
17.615872666279504     0.18588525599056205
17.655071757291292     0.24504481182697532
17.69427084830308     0.31338194082596366
17.733469939314876     0.38423632986557
17.772669030326664     0.4505811802631555
17.81186812133846     0.5064848343670247
17.851067212350248     0.548030793013966
17.890266303362043     0.573445923750764
17.929465394373832     0.5826553370183131
17.96866448538562     0.5767327743006422
18.007863576397416     0.5575770079746368
18.047062667409204     0.5277872968054828
18.086261758421     0.49047878205364664
18.125460849432788     0.448865252000321
18.164659940444576     0.40572042168405825
18.20385903145637     0.3630180230348757
18.24305812246816     0.3219693745143393
18.282257213479955     0.28340755944874435
18.321456304491743     0.24824499957558113
18.36065539550353     0.2177239392361926
18.399854486515327     0.19336237547572918
18.439053577527115     0.17670407016874412
18.47825266853891     0.16905201636805425
18.5174517595507     0.17127162794072703
18.556650850562495     0.18360230346538034
18.595849941574283     0.2053625980760286
18.63504903258607     0.2345403434423633
18.674248123597867     0.2674543996166079
18.713447214609655     0.29880599105457095
18.75264630562145     0.32237714227610226
18.79184539663324     0.33236598415963653
18.831044487645027     0.3249901333953774
18.870243578656822     0.29973969392258387
18.90944266966861     0.2596994175667997
18.948641760680406     0.21072052465451935
18.987840851692194     0.15973909626179106
19.027039942703983     0.11291935553992367
19.066239033715778     0.07432553303771264
19.105438124727566     0.045502169367445
19.144637215739362     0.025891018033744755
19.18383630675115     0.013697133973255093
19.22303539776294     0.006765090542684116
19.262234488774734     0.0031830216019948236
19.301433579786522     0.0015469808421884439
19.340632670798318     0.0009673377990798498
19.379831761810106     0.0009452849754553998
19.4190308528219     0.0012222456069768566
19.45822994383369     0.001657676718654766
19.497429034845478     0.0021534914245403872
19.536628125857273     0.002623473653102142
19.57582721686906     0.0029973451699251857
19.615026307880857     0.0032443966164122377
19.654225398892645     0.003398624943952242
19.693424489904434     0.0035677862456749217
19.73262358091623     0.003914384824718586
19.771822671928017     0.004606881704154222
19.811021762939813     0.0057519177223525194
19.8502208539516     0.007329730007364366
19.88941994496339     0.009160771272696228
19.928619035975185     0.010926621719301166
19.967818126986973     0.0122498478530202
20.00701721799877     0.012810358215282683
20.046216309010557     0.012453847768224615
20.085415400022352     0.01124662287887952
20.12461449103414     0.009455301876196842
20.16381358204593     0.007467192950069488
20.203012673057724     0.005694865463400519
20.242211764069513     0.004509578308929149
20.281410855081308     0.004223404247340711
20.320609946093096     0.005105665813684918
20.359809037104885     0.007396138076328563
20.39900812811668     0.011277705308364092
20.43820721912847     0.016794461488108457
20.477406310140264     0.023737004166286685
20.516605401152052     0.031548716166196686
20.55580449216384     0.03931835507736882
20.595003583175636     0.045903929702560964
20.634202674187424     0.05018209556205139
20.67340176519922     0.051354936426959125
20.712600856211008     0.049203455286292185
20.751799947222803     0.044182435576682576
20.79099903823459     0.03730952600978255
20.83019812924638     0.029886063736872064
20.869397220258175     0.02315403116503286
20.908596311269964     0.018009013624883267
20.94779540228176     0.01485174534837472
20.986994493293547     0.01359864271413406
21.026193584305336     0.013817780207941999
21.06539267531713     0.014927516403248414
21.10459176632892     0.016388347055437014
21.143790857340715     0.017828181899861833
21.182989948352503     0.019066771024149595
21.22218903936429     0.020046277177200846
21.261388130376087     0.020719261211705982
21.300587221387875     0.020967188987432966
21.33978631239967     0.020602511627709715
21.37898540341146     0.0194528625449426
21.418184494423254     0.017471665786237357
21.457383585435043     0.014802675750228766
21.49658267644683     0.011757038665578617
21.535781767458626     0.008716218006311924
21.574980858470415     0.0060142378953755475
21.61417994948221     0.00385521344903712
21.653379040494     0.002293101262232653
21.692578131505787     0.001264727892756223
21.731777222517582     0.0006465551811690995
21.77097631352937     0.0003063460652907218
21.810175404541166     0.00013457043721271995
21.849374495552954     5.486098798592367e-05
21.888573586564743     2.0810275908796494e-05
21.927772677576538     7.389666252673135e-06
21.966971768588326     2.4898237354251213e-06
22.00617085960012     8.182648224998151e-07
22.04536995061191     2.7495380300577956e-07
22.084569041623705     9.983567218911749e-08
22.123768132635494     4.0166685050652485e-08
22.162967223647282     1.7384481769808894e-08
22.202166314659078     7.654481003420133e-09
22.241365405670866     3.2764823532047204e-09
22.28056449668266     1.3284239764023456e-09
22.31976358769445     5.037592347705459e-10
22.358962678706238     1.7766678162894292e-10
22.398161769718033     5.813237645653823e-11
22.43736086072982     1.762793356034259e-11
22.476559951741617     4.951784994316461e-12
22.515759042753405     1.288299092980508e-12
22.554958133765194     3.104067782406113e-13
22.59415722477699     6.926126851495793e-14
22.633356315788777     1.4311598773143e-14
22.672555406800573     2.7385562374590644e-15
22.71175449781236     4.85277152990709e-16
22.75095358882415     7.963284213132316e-17
22.790152679835945     1.2101204413051925e-17
22.829351770847733     1.7029458149633764e-18
22.86855086185953     2.220051188405684e-19
22.907749952871317     2.7570809496091086e-20
22.946949043883112     1.0039634280202216e-20
22.9861481348949     5.859367560637753e-20
23.02534722590669     4.464584422398026e-19
23.064546316918484     3.1665748595547667e-18
23.103745407930273     2.079986295448262e-17
23.142944498942068     1.2652180345653758e-16
23.182143589953856     7.126956569538227e-16
23.221342680965645     3.717720059175773e-15
23.26054177197744     1.7959038891917996e-14
23.29974086298923     8.033842827934787e-14
23.338939954001024     3.3281079533128703e-13
23.378139045012812     1.2767483720419345e-12
23.4173381360246     4.535728539245555e-12
23.456537227036396     1.4921848620910793e-11
23.495736318048184     4.546027296952428e-11
23.53493540905998     1.282552886088914e-10
23.574134500071768     3.350829724159393e-10
23.613333591083563     8.107057813690461e-10
23.65253268209535     1.8163854516991874e-09
23.69173177310714     3.768656833781346e-09
23.730930864118935     7.2410076387076455e-09
23.770129955130724     1.2883837893475877e-08
23.80932904614252     2.122879444453993e-08
23.848528137154307     3.239211053295049e-08
23.887727228166096     4.577064087812013e-08
23.92692631917789     5.989196677565339e-08
23.96612541018968     7.257448962868864e-08
24.005324501201475     8.143915139681877e-08
24.04452359221326     8.462843753216345e-08
