-23.347177441042337     2.0282770807912818
-23.307978350030545     1.9538710971500246
-23.268779259018753     1.7465816642118401
-23.229580168006965     1.4546416930597388
-23.190381076995173     1.1420609980996814
-23.15118198598338     0.8729451336275517
-23.11198289497159     0.7003419637192235
-23.072783803959798     0.6620337038294756
-23.033584712948006     0.781193294605831
-22.994385621936217     1.0677658844576063
-22.955186530924426     1.5177218322603683
-22.915987439912634     2.1104926237228225
-22.876788348900842     2.8074200253635415
-22.83758925788905     3.5541707001789784
-22.79839016687726     4.2879394912955355
-22.75919107586547     4.947634346780922
-22.719991984853678     5.484003019341259
-22.680792893841886     5.867397944827272
-22.641593802830094     6.09252643367684
-22.602394711818302     6.180475585143892
-22.563195620806514     6.177752212226569
-22.523996529794722     6.1506961604446495
-22.48479743878293     6.173040825516029
-22.44559834777114     6.306149572242682
-22.406399256759347     6.575810595828128
-22.367200165747555     6.954483422794617
-22.328001074735766     7.359705715296824
-22.288801983723975     7.6746327716570155
-22.249602892712183     7.786062381115905
-22.21040380170039     7.624797698018712
-22.1712047106886     7.1905833005280595
-22.13200561967681     6.552089328738581
-22.09280652866502     5.8261711434360155
-22.053607437653227     5.149944894542808
-22.014408346641435     4.657826479174427
-21.975209255629643     4.466296943896926
-21.93601016461785     4.660806787888386
-21.896811073606063     5.2792272052426945
-21.85761198259427     6.294140608907511
-21.81841289158248     7.60463392792309
-21.779213800570687     9.049104415193419
-21.740014709558896     10.44168575228611
-21.700815618547104     11.621588716412367
-21.661616527535315     12.496022092313419
-21.622417436523524     13.05970142446168
-21.58321834551173     13.386025483700173
-21.54401925449994     13.598740401032853
-21.504820163488148     13.839331397261116
-21.46562107247636     14.241273824826264
-21.426421981464568     14.91239060603259
-21.387222890452776     15.919532269241218
-21.348023799440984     17.27120951595608
-21.308824708429192     18.902000427990465
-21.2696256174174     20.670100272471206
-21.230426526405612     22.37883700713968
-21.19122743539382     23.822597296009903
-21.15202834438203     24.84313890091395
-21.112829253370236     25.373445285798326
-21.073630162358445     25.450097427998728
-21.034431071346653     25.190380101483257
-20.995231980334864     24.74776135092903
-20.956032889323073     24.268058697161322
-20.91683379831128     23.86383619412143
-20.87763470729949     23.61097004101918
-20.838435616287697     23.558589631269083
-20.79923652527591     23.73903495317625
-20.760037434264117     24.16858841209606
-20.720838343252325     24.837923405019893
-20.681639252240533     25.698368130990982
-20.64244016122874     26.653553995244266
-20.603241070216953     27.565270925383754
-20.56404197920516     28.27770430514733
-20.52484288819337     28.656857996387387
-20.485643797181577     28.634574589583323
-20.446444706169785     28.2426239008408
-20.407245615157994     27.62383590310594
-20.3680465241462     27.013305589917227
-20.328847433134413     26.690691867778586
-20.28964834212262     26.912599544111742
-20.25044925111083     27.84115966587387
-20.211250160099038     29.489772760658553
-20.172051069087246     31.706314327133033
-20.132851978075458     34.20490705197809
-20.093652887063666     36.64064220023076
-20.054453796051874     38.70379970708562
-20.015254705040082     40.19996209367148
-19.97605561402829     41.08599015521821
-19.936856523016502     41.44905580762354
-19.89765743200471     41.440375532074356
-19.858458340992918     41.19623207320901
-19.819259249981126     40.78525059750272
-19.780060158969334     40.20713857833969
-19.740861067957542     39.43939631769677
-19.70166197694575     38.50043164057426
-19.662462885933962     37.48742097568201
-19.62326379492217     36.562262994796676
-19.58406470391038     35.89010554958326
-19.544865612898587     35.56295785984782
-19.505666521886795     35.549427647644805
-19.466467430875007     35.697267700410514
-19.427268339863215     35.78825556787144
-19.388069248851423     35.6206173282479
-19.34887015783963     35.08440604764831
-19.30967106682784     34.2021907052573
-19.27047197581605     33.124528224283544
-19.23127288480426     32.086830192850414
-19.192073793792467     31.34403291369802
-19.152874702780675     31.10091825705852
-19.113675611768883     31.45302284381569
-19.07447652075709     32.35016892397684
-19.0352774297453     33.59250580184716
-18.99607833873351     34.86473763106015
-18.95687924772172     35.80522845270639
-18.917680156709928     36.0943333271282
-18.878481065698136     35.5366444611522
-18.839281974686344     34.11148064496316
-18.800082883674555     31.9765096053971
-18.760883792662764     29.425537787328945
-18.72168470165097     26.814987560934664
-18.68248561063918     24.479758704866892
-18.643286519627388     22.65933647544858
-18.6040874286156     21.45237067413172
-18.564888337603808     20.812492725101666
-18.525689246592016     20.5872059369495
-18.486490155580224     20.585931660569745
-18.447291064568432     20.650187115280183
-18.408091973556644     20.697924001011543
-18.36889288254485     20.727730728319838
-18.32969379153306     20.788670379181127
-18.29049470052127     20.935412787841752
-18.251295609509476     21.18932211590169
-18.212096518497685     21.517677830178364
-18.172897427485893     21.833683919877313
-18.133698336474104     22.014605742068873
-18.094499245462313     21.933116161378283
-18.05530015445052     21.494097483430405
-18.01610106343873     20.665344739748516
-17.976901972426937     19.48981096529555
-17.93770288141515     18.073008250331213
-17.898503790403357     16.550421731606054
-17.859304699391565     15.049458405947139
-17.820105608379773     13.661789635038149
-17.78090651736798     12.434138104003969
-17.741707426356193     11.374497187036853
-17.702508335344397     10.464192751535958
-17.66330924433261     9.667656029582112
-17.624110153320817     8.93845496088129
-17.584911062309025     8.225792334683831
-17.545711971297234     7.485781804128684
-17.50651288028544     6.696677441560069
-17.467313789273653     5.871270370581458
-17.42811469826186     5.057838584186121
-17.38891560725007     4.325344890279748
-17.349716516238278     3.736827662369565
-17.310517425226486     3.3222127859117663
-17.271318334214698     3.063514349145692
-17.232119243202906     2.9001035210158435
-17.192920152191114     2.7520033935940473
-17.153721061179322     2.5503099917356553
-17.11452197016753     2.2607850056978616
-17.075322879155742     1.8909777152958551
-17.036123788143946     1.48010523074666
-16.996924697132158     1.0790366916744583
-16.957725606120366     0.7307753891409725
-16.918526515108574     0.4591071775513007
-16.879327424096783     0.26735439312727866
-16.84012833308499     0.14425087663335093
-16.800929242073202     0.07209519872057307
-16.76173015106141     0.033373028393721416
-16.72253106004962     0.014307242206080636
-16.683331969037827     0.005680291137956096
-16.644132878026035     0.002088480534960192
-16.604933787014247     0.0007110994985202896
-16.565734696002455     0.00022421652572638708
-16.526535604990663     6.546974111676146e-05
-16.48733651397887     1.770306768547043e-05
-16.44813742296708     4.432929888289657e-06
-16.40893833195529     1.027939034738076e-06
-16.3697392409435     2.207383900021117e-07
-16.330540149931707     4.389573431725944e-08
-16.291341058919915     8.083522602009652e-09
-16.252141967908123     1.3785193311459053e-09
-16.21294287689633     2.177002439407199e-10
-16.17374378588454     3.1837489468010714e-11
-16.13454469487275     4.311739874826954e-12
-16.09534560386096     5.40754481008662e-13
-16.056146512849168     6.280316592862771e-14
-16.016947421837376     6.754555621023738e-15
-15.977748330825586     6.727378480925442e-16
-15.938549239813794     6.204814113327522e-17
-15.899350148802004     5.299629669498502e-18
-15.860151057790212     4.1917570580455923e-19
-15.82095196677842     3.070297928881111e-20
-15.781752875766628     2.0825659763664185e-21
-15.742553784754838     1.3081298383089403e-22
-15.703354693743048     7.609160923640316e-24
-15.664155602731256     4.0987980893898687e-25
-15.624956511719464     2.0446200283631524e-26
-15.585757420707672     9.470392939659676e-28
-15.54655832969588     9.139479053790097e-29
-15.50735923868409     9.462378561961077e-28
-15.4681601476723     1.6205760094971891e-26
-15.428961056660508     2.574568289698963e-25
-15.389761965648717     3.787693484745549e-24
-15.350562874636925     5.1603490087302535e-23
-15.311363783625135     6.510542185078688e-22
-15.272164692613343     7.60657362470568e-21
-15.232965601601553     8.229905017352972e-20
-15.19376651058976     8.245830563284556e-19
-15.154567419577969     7.650817173899672e-18
-15.115368328566179     6.57377863167521e-17
-15.076169237554387     5.230656017024147e-16
-15.036970146542595     3.854171889092776e-15
-14.997771055530805     2.6299036166881513e-14
-14.958571964519013     1.6618140215110404e-13
-14.919372873507221     9.724310991880741e-13
-14.880173782495431     5.269496178093432e-12
-14.84097469148364     2.6443149603567672e-11
-14.801775600471847     1.2288280155201637e-10
-14.762576509460057     5.288138973468772e-10
-14.723377418448266     2.1074071526759725e-09
-14.684178327436475     7.777282481565023e-09
-14.644979236424684     2.6579152632521716e-08
-14.605780145412892     8.411786149954391e-08
-14.566581054401102     2.465296452050099e-07
-14.52738196338931     6.690890402824701e-07
-14.488182872377518     1.6816380558903104e-06
-14.448983781365728     3.913947566916902e-06
-14.409784690353936     8.435899573073777e-06
-14.370585599342144     1.6837665344277186e-05
-14.331386508330354     3.11219531953337e-05
-14.292187417318562     5.327058771735216e-05
-14.25298832630677     8.443977010727017e-05
-14.21378923529498     0.00012395226558973625
-14.174590144283188     0.00016851345345086428
-14.135391053271398     0.00021220523839891493
-14.096191962259606     0.0002476335440698038
-14.056992871247814     0.0002681154057294041
-14.017793780236024     0.000270236564262831
-13.978594689224233     0.0002558618728452385
-13.93939559821244     0.00023294293018543048
-13.90019650720065     0.0002150549597483138
-13.860997416188859     0.0002200253047830291
-13.821798325177067     0.00026790548190674913
-13.782599234165277     0.0003780004213798806
-13.743400143153485     0.0005643394789549976
-13.704201052141693     0.0008295533330309481
-13.665001961129903     0.0011586909506148245
-13.625802870118111     0.0015161753135360763
-13.586603779106321     0.0018493822032207962
-13.54740468809453     0.00210027448543405
-13.508205597082737     0.002222728822558401
-13.469006506070947     0.0021997917272511473
-13.429807415059155     0.0020544003646250386
-13.390608324047363     0.0018497260534468608
-13.351409233035573     0.0016795011872390488
-13.312210142023782     0.0016516628399676045
-13.27301105101199     0.0018688772457265068
-13.2338119600002     0.002408113732398916
-13.194612868988408     0.003301055414929715
-13.155413777976616     0.004519191791040917
-13.116214686964826     0.005970283454948736
-13.077015595953034     0.007512843470246877
-13.037816504941242     0.008989991576982362
-12.998617413929452     0.010275077754637641
-12.95941832291766     0.011313582072997342
-12.92021923190587     0.012143543855110024
-12.881020140894078     0.01288200631868968
-12.841821049882286     0.013676995521308955
-12.802621958870496     0.01464100542985539
-12.763422867858704     0.015797523126283335
-12.724223776846912     0.01707700567593272
-12.685024685835122     0.018382309336163576
-12.64582559482333     0.019704718368897513
-12.606626503811539     0.021227402435351008
-12.567427412799749     0.02333404353321975
-12.528228321787957     0.026471356692086598
-12.489029230776165     0.03089203712932098
-12.449830139764375     0.036391076144157514
-12.410631048752583     0.042187754132856824
-12.371431957740793     0.04705963658698878
-12.332232866729     0.04971385985050468
-12.293033775717209     0.04924790553655788
-12.253834684705419     0.04548893418263117
-12.214635593693627     0.03905343222719932
-12.175436502681835     0.031110207373037702
-12.136237411670045     0.022974017243106937
-12.097038320658253     0.01571988585601477
-12.057839229646461     0.009964070435000145
-12.018640138634671     0.005850595123564156
-11.97944104762288     0.0031847456410618582
-11.940241956611088     0.0016152759358360525
-11.901042865599297     0.000786305012067403
-11.861843774587506     0.00042643370335104016
-11.822644683575716     0.0003827154179387349
-11.783445592563924     0.0006244160100292808
-11.744246501552132     0.0012377684583578152
-11.705047410540342     0.0024185004762039496
-11.66584831952855     0.004454481558602366
-11.626649228516758     0.007685046134115963
-11.587450137504968     0.01243341311489564
-11.548251046493176     0.018938083335661143
-11.509051955481384     0.02735438307285485
-11.469852864469594     0.03794190027678665
-11.430653773457802     0.05156669352348398
-11.39145468244601     0.07058803170503108
-11.35225559143422     0.10002847882135373
-11.313056500422428     0.14863076184210539
-11.273857409410637     0.2290491738457998
-11.234658318398846     0.3562069362882403
-11.195459227387055     0.5431035648112776
-11.156260136375264     0.7943616008613554
-11.117061045363473     1.0994485624244505
-11.07786195435168     1.429013636505128
-11.03866286333989     1.7378917706501371
-10.999463772328099     1.9761933196329542
-10.960264681316307     2.106034973371195
-10.921065590304517     2.1179101640509645
-10.881866499292725     2.0397745840909827
-10.842667408280933     1.934473272176903
-10.803468317269143     1.8857435885747131
-10.764269226257351     1.977119803674129
-10.72507013524556     2.269896722588665
-10.68587104423377     2.785949110821705
-10.646671953221977     3.49971075494083
-10.607472862210187     4.341615206732466
-10.568273771198395     5.212677533606968
-10.529074680186604     6.006816474764769
-10.489875589174813     6.63514325170387
-10.450676498163022     7.046101321859148
-10.41147740715123     7.236999487097368
-10.37227831613944     7.254659192584592
-10.333079225127648     7.184464329122486
-10.293880134115856     7.12877082213785
-10.254681043104066     7.17888974193806
-10.215481952092274     7.389209346071316
-10.176282861080482     7.7640527321946475
-10.137083770068692     8.2640203439286
-10.0978846790569     8.829236466954931
-10.05868558804511     9.407456252516646
-10.019486497033318     9.972041823686 
-9.980287406021526     10.521062060425466
-9.941088315009736     11.060583866933486
-9.901889223997944     11.585050433406328
-9.862690132986152     12.069098494119212
-9.823491041974362     12.477234993549999
-9.78429195096257     12.785540220386903
-9.745092859950779     13.000970822185407
-9.705893768938989     13.164613395130452
-9.666694677927197     13.33496534168457
-9.627495586915405     13.559723566501072
-9.588296495903615     13.851888044707088
-9.549097404891823     14.18412330240893
-9.509898313880031     14.505879428598368
-9.470699222868241     14.776196249970209
-9.431500131856449     14.99707518700774
-9.392301040844659     15.23115888222226
-9.353101949832867     15.593484864926403
-9.313902858821075     16.2177427991129
-9.274703767809285     17.208313704278726
-9.235504676797493     18.595816500335136
-9.196305585785701     20.313443879852052
-9.157106494773911     22.20471014955083
-9.11790740376212     24.063058241746035
-9.078708312750328     25.692801657232884
-9.039509221738538     26.971437297729572
-9.000310130726746     27.888793285363587
-8.961111039714954     28.543310524662413
-8.921911948703164     29.092178446140945
-8.882712857691372     29.674931901479415
-8.843513766679582     30.346864165953843
-8.80431467566779     31.056762893626157
-8.765115584655998     31.681085420146832
-8.725916493644208     32.09594564413286
-8.686717402632416     32.2479386740647
-8.647518311620624     32.18706599119129
-8.608319220608834     32.04742048112289
-8.569120129597042     31.98962286824494
-8.52992103858525     32.13729934348991
-8.49072194757346     32.53957729610622
-8.451522856561668     33.1746360276505
-8.412323765549877     33.98599675570589
-8.373124674538087     34.926588694411485
-8.333925583526295     35.984990587978196
-8.294726492514503     37.18316815140966
-8.255527401502713     38.55447560400457
-8.21632831049092     40.120366931430596
-8.17712921947913     41.8780528070177
-8.137930128467339     43.79684788200316
-8.098731037455547     45.81275917260754
-8.059531946443757     47.8168758519793
-8.020332855431965     49.647073529912674
-7.981133764420173     51.10006860644858
-7.941934673408383     51.97297718216377
-7.902735582396591     52.12461833508749
-7.863536491384799     51.530369789016625
-7.824337400373009     50.302116894481436
-7.785138309361217     48.65888403534597
-7.745939218349426     46.85684203886553
-7.7067401273376355     45.107827048868124
-7.667541036325844     43.522468786526694
-7.6283419453140535     42.10226289782049
-7.589142854302262     40.77876552068386
-7.54994376329047     39.47190924693115
-7.51074467227868     38.13060153445641
-7.471545581266888     36.734895346928546
-7.432346490255096     35.269532253998385
-7.393147399243306     33.700448207091696
-7.353948308231514     31.981353049390236
-7.314749217219724     30.090244440715487
-7.275550126207932     28.06821818579648
-7.23635103519614     26.02777989630402
-7.197151944184348     24.11870157525157
-7.1579528531725565     22.469045678870398
-7.118753762160768     21.13487259756626
-7.079554671148976     20.0848235714221
-7.040355580137184     19.2235375201991
-7.001156489125393     18.437228424852687
-6.961957398113601     17.637235162295916
-6.922758307101809     16.78361741206469
-6.8835592160900205     15.883906696912856
-6.844360125078229     14.97387603837656
-6.805161034066437     14.092947026800498
-6.765961943054645     13.265952708115424
-6.726762852042853     12.497475892446044
-6.687563761031065     11.778026753238521
-6.648364670019273     11.095942603253944
-6.609165579007481     10.447197521185839
-6.569966487995689     9.837857058714807
-6.530767396983897     9.279302779988207
-6.491568305972105     8.78149558511808
-6.452369214960317     8.351075295143701
-6.413170123948525     7.997542958746487
-6.373971032936733     7.744089646439182
-6.3347719419249415     7.634418472726192
-6.29557285091315     7.72736029813093
-6.256373759901358     8.077773803311388
-6.2171746688895695     8.711238759377439
-6.177975577877778     9.605473120694924
-6.138776486865986     10.689344731090177
-6.099577395854194     11.861659464465248
-6.060378304842402     13.02161496317441
-6.021179213830614     14.096820818589793
-5.981980122818822     15.056308686786078
-5.94278103180703     15.903928565705161
-5.903581940795238     16.657594940333745
-5.864382849783446     17.326767627743376
-5.825183758771654     17.900736070801795
-5.785984667759866     18.353643675366882
-5.746785576748074     18.662545858010212
-5.707586485736282     18.827859155417443
-5.6683873947244905     18.885193635292037
-5.629188303712699     18.90299824945575
-5.58998921270091     18.967289943494034
-5.5507901216891185     19.15906966222651
-5.511591030677327     19.53144502516144
-5.472391939665535     20.09380860494486
-5.433192848653743     20.81002064190268
-5.393993757641951     21.6141399923958
-5.354794666630163     22.43930127522132
-5.315595575618371     23.24614036958316
-5.276396484606579     24.03413851042519
-5.237197393594787     24.82767262215963
-5.197998302582995     25.645233446049133
-5.158799211571203     26.473736340242116
-5.119600120559415     27.268513136588453
-5.080401029547623     27.98190879262528
-5.041201938535831     28.601224913453485
-5.0020028475240395     29.1673133627697
-4.962803756512248     29.757306511721136
-4.923604665500459     30.44097414195302
-4.884405574488667     31.240608316175273
-4.8452064834768755     32.12313647426939
-4.806007392465084     33.030424624070356
-4.766808301453292     33.925743390909254
-4.7276092104415     34.82145182638588
-4.688410119429712     35.76473131749596
-4.64921102841792     36.78698593059229
-4.610011937406128     37.8488302470765
-4.570812846394336     38.81850312603464
-4.531613755382544     39.50290559453377
-4.492414664370752     39.71952593440437
-4.453215573358964     39.37417706671294
-4.414016482347172     38.507295791554256
-4.37481739133538     37.28929998431996
-4.335618300323588     35.970285616919604
-4.2964192093117965     34.80750027774081
-4.257220118300008     33.99953931086317
-4.218021027288216     33.65063182919864
-4.1788219362764245     33.775546513811385
-4.139622845264633     34.33875103928132
-4.100423754252841     35.305116582436966
-4.061224663241049     36.671646730479345
-4.022025572229261     38.45799568315699
-3.9828264812174687     40.65727897760958
-3.943627390205677     43.17544929145911
-3.904428299193885     45.7996524459356
-3.865229208182093     48.22346395206593
-3.826030117170305     50.1258125301953
-3.786831026158513     51.269469315552975
-3.747631935146721     51.57290333872142
-3.7084328441349292     51.122670468462694
-3.6692337531231374     50.12380479095558
-3.6300346621113455     48.81579188707776
-3.590835571099557     47.39607175514608
-3.5516364800877653     45.98530955387998
-3.5124373890759735     44.64400853106521
-3.4732382980641816     43.422029420374024
-3.4340392070523897     42.406477380880574
-3.394840116040598     41.7378282967523
-3.3556410250288096     41.58553233985586
-3.3164419340170177     42.09858153440807
-3.277242843005226     43.358246844824436
-3.238043751993434     45.35339909357312
-3.198844660981642     47.98096257956421
-3.159645569969854     51.059659019322034
-3.120446478958062     54.34438758166817
-3.08124738794627     57.5396047003556
-3.042048296934478     60.32166959852741
-3.0028492059226863     62.381104124239876
-2.9636501149108945     63.48370038547074
-2.924451023899106     63.5324431026626
-2.8852519328873143     62.60279634685279
-2.8460528418755224     60.930294024710044
-2.8068537508637306     58.84997354774157
-2.7676546598519387     56.711100799031016
-2.728455568840147     54.80369108885388
-2.6892564778283585     53.326402859586985
-2.6500573868165667     52.400665965498185
-2.610858295804775     52.10741438166281
-2.571659204792983     52.509239654203554
-2.532460113781191     53.633389682616574
-2.4932610227694028     55.42372808790331
-2.454061931757611     57.70036166205738
-2.414862840745819     60.17021250257322
-2.375663749734027     62.50321891557249
-2.3364646587222353     64.44452962392835
-2.2972655677104434     65.90395636526299
-2.258066476698655     66.97190844188147
-2.2188673856868633     67.85222606291282
-2.1796682946750714     68.7498715706562
-2.1404692036632795     69.77473771033978
-2.1012701126514877     70.9085992684421
-2.0620710216396994     72.04210164173081
-2.0228719306279075     73.04951734926134
-1.9836728396161156     73.85425125761729
-1.9444737486043238     74.45327232937474
-1.905274657592532     74.89994594685729
-1.86607556658074     75.26994805729854
-1.8268764755689517     75.6387317840979
-1.7876773845571599     76.08214088675676
-1.748478293545368     76.6889311994069
-1.7092792025335761     77.56263109078157
-1.6700801115217843     78.79816066670423
-1.6308810205099924     80.43896847196541
-1.591681929498204     82.43712647616006
-1.5524828384864122     84.63931111197405
-1.5132837474746204     86.80641831078023
-1.4740846564628285     88.65613976496432
-1.4348855654510366     89.90965448493958
-1.3956864744392483     90.32930033887858
-1.3564873834274565     89.74582204424706
-1.3172882924156646     88.08035377054125
-1.2780892014038727     85.36308874269275
-1.2388901103920809     81.74266679338139
-1.199691019380289     77.47681398595029
-1.1604919283685007     72.90033666105134
-1.1212928373567088     68.37723429363788
-1.082093746344917     64.25055173242338
-1.042894655333125     60.80097216161728
-1.0036955643213332     58.21600691864738
-0.9644964733095414     56.56510577401846
-0.925297382297753     55.77902604349796
-0.8860982912859612     55.64220639723722
-0.8468992002741693     55.81448318545582
-0.8077001092623775     55.89341417725466
-0.7685010182505856     55.51002228112734
-0.7293019272387973     54.429176653398414
-0.6901028362270054     52.615544342429615
-0.6509037452152135     50.23558528797593
-0.6117046542034217     47.591970094874256
-0.5725055631916298     45.01587065129826
-0.533306472179838     42.76015167144572
-0.49410738116804964     40.93460036624623
-0.4549082901562578     39.50471840994503
-0.4157091991444659     38.34746586696479
-0.37651010813267405     37.33279823975312
-0.3373110171208822     36.38947055146029
-0.29811192610909387     35.522567884499715
-0.258912835097302     34.77533774454375
-0.21971374408551014     34.15757486630392
-0.18051465307371828     33.581947010610996
-0.14131556206192641     32.847605868581326
-0.10211647105013455     31.687345248671978
-0.06291738003834624     29.861869152247277
-0.023718289026554373     27.259311917695513
0.015480801985237491     23.953512325527363
0.054679892997029356     20.193445517027065
0.09387898400882122     16.328798135327762
0.13307807502061308     12.705594897689144
0.1722771660324014     9.576121802008398
0.21147625704419326     7.0553421000575325
0.2506753480559851     5.130525787736578
0.289874439067777     3.7070743837785414
0.32907353007956885     2.6630966135260303
0.36827262109135717     1.890120007659068
0.40747171210314903     1.3107852415953676
0.4466708031149409     0.8772434887041917
0.48586989412673276     0.5602995373112628
0.5250689851385246     0.338583287617963
0.5642680761503165     0.19244569717833224
0.6034671671621048     0.10273042193484737
0.6426662581738967     0.05225272539390888
0.6818653491856885     0.027788886489358584
0.7210644401974804     0.021503603712538476
0.7602635312092723     0.031820043722961634
0.7994626222210641     0.06412249040671647
0.8386617132328524     0.13131107052475477
0.8778608042446443     0.2534135446937196
0.9170598952564362     0.45475210665925697
0.956258986268228     0.7572613136864796
0.9954580772800199     1.1700116904748075
1.0346571682918082     1.6776656382293231
1.0738562593036     2.2331904395937268
1.113055350315392     2.760602811089398
1.1522544413271838     3.170350563843789
1.1914535323389757     3.3838891162001823
1.2306526233507675     3.358313775113238
1.2698517143625558     3.10042155502711
1.3090508053743477     2.6638834134911438
1.3482498963861396     2.131092412785752
1.3874489873979314     1.5880707727090466
1.4266480784097233     1.1027797593418527
1.4658471694215116     0.7138474829266811
1.5050462604333035     0.43085846840794567
1.5442453514450953     0.24252363061879004
1.5834444424568872     0.12732148299526805
1.622643533468679     0.06234252541371872
1.661842624480471     0.02847381066874045
1.7010417154922592     0.012144820828118527
1.740240806504051     0.004877667170798421
1.779439897515843     0.001939423451911438
1.8186389885276348     0.0009596797976749358
1.8578380795394267     0.0008870988636174008
1.8970371705512186     0.0013299852223381291
1.9362362615630069     0.0021830017803647706
1.9754353525747987     0.0034235980974050002
2.0146344435865906     0.004998173251695678
2.0538335345983825     0.006763105810580208
2.0930326256101743     0.008475772497512222
2.1322317166219626     0.009837089436856444
2.1714308076337545     0.010573527147388932
2.2106298986455464     0.010526804194432063
2.2498289896573382     0.009711106856033339
2.28902808066913     0.008310751019355606
2.328227171680922     0.006620258826167752
2.3674262626927103     0.0049562071621144
2.406625353704502     0.0035791785181485715
2.445824444716294     0.0026512541903451078
2.485023535728086     0.002231042087040361
2.5242226267398777     0.002290611516043362
2.5634217177516696     0.0027363998783590084
2.602620808763458     0.003426606308041026
2.64181989977525     0.00419012482560106
2.6810189907870416     0.004856441391180873
2.7202180817988335     0.005299156693419952
2.7594171728106254     0.005483438839533138
2.7986162638224137     0.005499229833297151
2.8378153548342056     0.005563885141234354
2.8770144458459974     0.005989274242543665
2.9162135368577893     0.007122437577670042
2.955412627869581     0.009278274512549041
2.994611718881373     0.012683804886025255
3.0338108098931613     0.017447020384995945
3.073009900904953     0.0235524323745312
3.112208991916745     0.030874569054057468
3.151408082928537     0.039194985530491944
3.1906071739403288     0.04821148976343565
3.229806264952117     0.05753890395688179
3.269005355963909     0.06671152366949985
3.308204446975701     0.07520026560194917
3.3474035379874927     0.0824503344820983
3.3866026289992845     0.08793442961557074
3.4258017200110764     0.09121067710129155
3.4650008110228647     0.09197639727657589
3.5041999020346566     0.09011368332597605
3.5433989930464485     0.08572410211914308
3.5825980840582403     0.07914619282129035
3.621797175070032     0.07094515883454922
3.660996266081824     0.06186480872463153
3.7001953570936124     0.05274001696703855
3.7393944481054042     0.04438217046241627
3.778593539117196     0.03746462200014353
3.817792630128988     0.03244129325908469
3.85699172114078     0.02952148747737732
3.896190812152568     0.028698580513592597
3.93538990316436     0.02980328303528941
3.974588994176152     0.03254313796721363
4.013788085187944     0.03650849252155529
4.052987176199736     0.04116032189855937
4.0921862672115275     0.04584098279651876
4.131385358223316     0.04984380559911556
4.170584449235108     0.052542038862412536
4.2097835402468995     0.053535442324182496
4.248982631258691     0.052752847859899525
4.288181722270483     0.050464690485599685
4.327380813282275     0.04719984917421258
4.366579904294063     0.04360056306515819
4.405778995305855     0.0402668626420471
4.444978086317647     0.037634448820840424
4.484177177329439     0.035908726968934844
4.523376268341231     0.03505685474893679
4.562575359353019     0.0348463790509131
4.601774450364811     0.034913352170621484
4.640973541376603     0.03484259932675734
4.680172632388395     0.034246432552906506
4.719371723400187     0.032833187175062346
4.7585708144119785     0.03045977916519234
4.797769905423767     0.027161114256563236
4.836968996435559     0.023146825411511425
4.8761680874473505     0.01875894912289311
4.915367178459142     0.014395819191368796
4.954566269470934     0.010422557381442954
4.993765360482723     0.007096792816698244
5.032964451494514     0.004532702723206492
5.072163542506306     0.0027096194982278534
5.111362633518098     0.001513310740041876
5.15056172452989     0.0007884376103022712
5.189760815541682     0.0003827285963091186
5.22895990655347     0.00017292495419860416
5.268158997565262     7.266134234053084e-05
5.307358088577054     2.837466243079776e-05
5.346557179588846     1.0293420115911336e-05
5.385756270600638     3.476475646834105e-06
5.4249553616124295     1.1400103255829854e-06
5.464154452624218     5.85110393223672e-07
5.50335354363601     1.2754146952145085e-06
5.542552634647802     4.864342134996092e-06
5.581751725659593     1.824358629934748e-05
5.620950816671385     6.360449431271692e-05
5.660149907683174     0.00020540034343227484
5.6993489986949655     0.0006142633749023384
5.738548089706757     0.0017011487731479892
5.777747180718549     0.004362785173380429
5.816946271730341     0.010361418041781114
5.856145362742133     0.022788114744731088
5.895344453753921     0.04641212282831331
5.934543544765713     0.08753632343483748
5.973742635777505     0.1528899734041627
6.012941726789297     0.24728828461543267
6.052140817801089     0.37039226845312884
6.091339908812881     0.5137526998867867
6.130538999824669     0.6599030803260321
6.169738090836461     0.7849464466557369
6.208937181848253     0.8646368361871984
6.2481362728600445     0.88198515163863
6.287335363871836     0.8331489427076256
6.326534454883625     0.7288159274902697
6.3657335458954165     0.5904007445987981
6.404932636907208     0.44290417261425435
6.444131727919      0.3076851108842377
6.483330818930792     0.19794157604435766
6.522529909942584     0.1179237823874506
6.561729000954372     0.06505783570174023
6.600928091966164     0.03323775306207106
6.640127182977956     0.01572524967656792
6.679326273989748     0.006889654665070875
6.71852536500154     0.0027953330901698543
6.757724456013332     0.0010503527823897021
6.79692354702512     0.00036584174597881805
6.836122638036912     0.00011953114134924892
6.875321729048704     4.2254752056181794e-05
6.9145208200604955     3.597865307500965e-05
6.953719911072287     9.22159880265862e-05
6.992919002084076     0.0002844127644488748
7.0321180930958676     0.0008314816871009689
7.071317184107659     0.0022550708233443784
7.110516275119451     0.005664474065843062
7.149715366131243     0.013176426753017759
7.188914457143035     0.028383803015623012
7.228113548154823     0.05662111404650307
7.267312639166615     0.1045975646204151
7.306511730178407     0.17893724460946656
7.345710821190199     0.28347639857438167
7.384909912201991     0.4158832955047102
7.424109003213779     0.5650235127744757
7.463308094225571     0.7108943288631705
7.502507185237363     0.8283072754777014
7.541706276249155     0.8937834994292179
7.5809053672609465     0.8931768691740314
7.620104458272738     0.8266510131195696
7.659303549284527     0.7086171155085358
7.698502640296319     0.5626652992756634
7.7377017313081105     0.4139271921901469
7.776900822319902     0.2822400580160615
7.816099913331694     0.1785538597144533
7.855299004343486     0.10506527807815687
7.894498095355274     0.05787221725997388
7.933697186367066     0.030331598356176652
7.972896277378858     0.01572532798774158
8.01209536839065     0.008696171365777152
8.051294459402442     0.0056150294443901355
8.09049355041423     0.0043335560507467225
8.129692641426022     0.00373553900099876
8.168891732437814     0.0033256278316787877
8.208090823449606     0.0029371639731672465
8.247289914461398     0.0025553684983361164
8.28648900547319     0.0022243243082243225
8.325688096484978     0.0020052482820602977
8.36488718749677     0.0019596377102779083
8.404086278508561     0.002138358664427032
8.443285369520353     0.0025671631656841174
8.482484460532145     0.0032299836758705445
8.521683551543937     0.004060094742964336
8.560882642555725     0.004951383351420341
8.600081733567517     0.0057961809955182865
8.63928082457931     0.006547764559173846
8.678479915591101     0.007307511501834286
8.71767900660289     0.00846444449459231
8.756878097614685     0.010976890838453287
8.796077188626473     0.016969231011190748
8.835276279638268     0.030871823519370824
8.874475370650057     0.06126439060383043
8.913674461661845     0.12326886407931126
8.95287355267364     0.24069942026359625
8.992072643685429     0.4463321378048517
9.031271734697224     0.7780706184891139
9.070470825709013     1.2692448197365518
9.1096699167208     1.9334741219220997
9.148869007732596     2.7482511446660607
9.188068098744385     3.6449540779877556
9.22726718975618     4.51355738939562
9.266466280767968     5.225753857776243
9.305665371779757     5.671356206422288
9.344864462791552     5.794233424012479
9.38406355380334     5.6115641782610695
9.423262644815136     5.206820390393122
9.462461735826924     4.69964819864441
9.50166082683872     4.207116341254071
9.540859917850508     3.8136923861447714
9.580059008862296     3.560456436192691
9.619258099874092     3.452501948557885
9.65845719088588     3.4746339955066343
9.697656281897675     3.6040041632888116
9.736855372909464     3.8136413133087372
9.776054463921252     4.068551476054805
9.815253554933047     4.3212859572242746
9.854452645944836     4.513961085041575
9.893651736956631     4.589163957027341
9.93285082796842     4.506024752223282
9.972049918980208     4.253842221208122
10.011249009992003     3.8565189782106186
10.050448101003791     3.366149253088635
10.089647192015587     2.8499582504655314
10.128846283027375     2.377429758097173
10.16804537403917     2.0123217774024966
10.207244465050959     1.8093923706543396
10.246443556062747     1.811974438672923
10.285642647074543     2.0467933145165675
10.32484173808633     2.5161804617895465
10.364040829098126     3.1919664995874193
10.403239920109915     4.016370608162308
10.442439011121703     4.91189953829028
10.481638102133498     5.7967038919190985
10.520837193145287     6.5981595678804155
10.560036284157082     7.258803663749025
10.59923537516887     7.734551061313849
10.638434466180659     7.990995336459608
10.677633557192454     8.004754607313654
10.716832648204242     7.7720630134976885
10.756031739216038     7.319737690106156
10.795230830227826     6.709831525063324
10.834429921239622     6.031797917781391
10.87362901225141     5.383175338063036
10.912828103263198     4.846727315299504
10.952027194274994     4.4741742476043145
10.991226285286782     4.282999397813655
11.030425376298577     4.265787198102592
11.069624467310366     4.405266745373788
11.108823558322154     4.685939529771453
11.14802264933395     5.095814965773026
11.187221740345738     5.6179187998460725
11.226420831357533     6.21780630363753
11.265619922369321     6.836782482497047
11.30481901338111     7.398512115047861
11.344018104392905     7.829561638881054
11.383217195404693     8.085799212857946
11.422416286416489     8.171714894124065
11.461615377428277     8.1420475030642
11.500814468440065     8.083621418547832
11.540013559451861     8.084971118914188
11.57921265046365     8.206516590050134
11.618411741475445     8.462349384258388
11.657610832487233     8.81824464627916
11.696809923499028     9.20390128065203
11.736009014510817     9.534008307484877
11.775208105522605     9.732592455389536
11.8144071965344     9.75585050788657
11.853606287546189     9.608373622014755
11.892805378557984     9.346948043720444
11.932004469569772     9.067565860135739
11.97120356058156     8.87667336145199
12.010402651593356     8.855471426961099
12.049601742605144     9.031640462337235
12.08880083361694     9.371671598732393
12.127999924628728     9.798310230300899
12.167199015640517     10.225671727208562
12.206398106652312     10.5960596003427
12.2455971976641     10.902181311044519
12.284796288675896     11.18612569666763
12.323995379687684     11.517423408557699
12.36319447069948     11.960920488182866
12.402393561711268     12.547718439660278
12.441592652723056     13.25946369411405
12.480791743734851     14.030411840254876
12.51999083474664     14.765466762392327
12.559189925758435     15.367289687163678
12.598389016770223     15.76267244332748
12.637588107782012     15.91891078435765
12.676787198793807     15.845437626037414
12.715986289805596     15.582837817253749
12.755185380817391     15.186768321423623
12.79438447182918     14.714779664178652
12.833583562840968     14.21949428674321
12.872782653852763     13.74588401937435
12.911981744864551     13.328209386749824
12.951180835876347     12.984994052627744
12.990379926888135     12.715105743053167
13.02957901789993     12.499806263410518
13.068778108911719     12.312439016086524
13.107977199923507     12.131731110161889
13.147176290935302     11.951265172249686
13.18637538194709     11.7794354384117
13.225574472958886     11.629972357657506
13.264773563970675     11.508941119756795
13.303972654982463     11.406406365230449
13.343171745994258     11.298654053378364
13.382370837006047     11.161371515229652
13.421569928017842     10.988074227824027
13.46076901902963     10.804055365369944
13.499968110041419     10.666514937097228
13.539167201053214     10.647197964984588
13.578366292065002     10.803034437851014
13.617565383076798     11.148262766939293
13.656764474088586     11.643048809843107
13.695963565100381     12.206491778112271
13.73516265611217     12.749315602003772
13.774361747123958     13.210598533648708
13.813560838135754     13.580167763075073
13.852759929147542     13.895508696485502
13.891959020159337     14.215095505771979
13.931158111171126     14.581757283752081
13.970357202182914     14.99411647708328
14.00955629319471     15.399578822698619
14.048755384206498     15.711659236495883
14.087954475218293     15.843078458224351
14.127153566230081     15.739434348840705
14.16635265724187     15.39916667741492
14.205551748253665     14.87299954970091
14.244750839265453     14.24579327871587
14.283949930277249     13.610634084095302
14.323149021289037     13.046063975554837
14.362348112300833     12.603358685011973
14.40154720331262     12.305060274168557
14.44074629432441     12.15174838630251
14.479945385336205     12.132331937257485
14.519144476347993     12.23321337633429
14.558343567359788     12.442695840297173
14.597542658371577     12.748968607646864
14.636741749383365     13.132991899417897
14.67594084039516     13.560649647087248
14.715139931406949     13.979821122541445
14.754339022418744     14.326262427666418
14.793538113430532     14.53788612619406
14.83273720444232     14.572372828797363
14.871936295454116     14.420694727099638
14.911135386465904     14.110662570650133
14.9503344774777     13.699465000125842
14.989533568489488     13.259634293820966
15.028732659501276     12.86550508623729
15.067931750513072     12.585236771021378
15.10713084152486     12.478287078743191
15.146329932536656     12.593717717290307
15.185529023548444     12.964242423410848
15.22472811456024     13.59471336567758
15.263927205572028     14.448884179268532
15.303126296583816     15.4413317313009
15.342325387595611     16.44091162618381
15.3815244786074     17.288870757577744
15.420723569619195     17.830150530369306
15.459922660630983     17.951333976432476
15.499121751642772     17.614118312302722
15.538320842654567     16.871434969625493
15.577519933666355     15.857178571825665
15.61671902467815     14.75032533630862
15.65591811568994     13.725939322530122
15.695117206701727     12.9123030769018
15.734316297713523     12.37031938372046
15.773515388725311     12.099661443835826
15.812714479737107     12.062859680034695
15.851913570748895     12.211494916914393
15.89111266176069     12.501340335495314
15.930311752772479     12.8927193230716
15.969510843784267     13.341902105648309
16.008709934796062     13.79348560074762
16.04790902580785     14.181094863529928
16.087108116819646     14.437302756282035
16.126307207831434     14.507906388970111
16.165506298843223     14.36384565914204
16.204705389855018     14.006410670579262
16.243904480866806     13.465643539458968
16.283103571878602     12.794860238531344
16.32230266289039     12.064256127904633
16.36150175390218     11.354382025247585
16.400700844913974     10.748300150604576
16.439899935925762     10.321347107448899
16.479099026937558     10.129457851047457
16.518298117949346     10.199067045027869
16.55749720896114     10.521948462019145
16.59669629997293     11.056747235051473
16.635895390984718     11.736551874700833
16.675094481996513     12.480015088078307
16.7142935730083     13.20297325939553
16.753492664020097     13.828214555261802
16.792691755031885     14.292559287021742
16.831890846043674     14.552003844690137
16.87108993705547     14.586383929616765
16.910289028067258     14.404104741350555
16.949488119079053     14.045217110886638
16.98868721009084     13.57905097933436
17.02788630110263     13.092841453079618
17.067085392114425     12.671271179860208
17.106284483126213     12.372220861186726
17.14548357413801     12.207987706310627
17.184682665149797     12.140807020300134
17.223881756161592     12.096283910662782
17.26308084717338     11.990933479150534
17.30227993818517     11.764257458886755
17.341479029196964     11.404132202650851
17.380678120208753     10.95676820216298
17.419877211220548     10.517535005139518
17.459076302232337     10.204782970281437
17.498275393244125     10.124078447985122
17.53747448425592     10.33367200895753
17.57667357526771     10.82216509021949
17.615872666279504     11.505641575314778
17.655071757291292     12.245108201306655
17.69427084830308     12.878556335454702
17.733469939314876     13.257965355150445
17.772669030326664     13.281267285524482
17.81186812133846     12.911993254192051
17.851067212350248     12.183404429061133
17.890266303362043     11.187944157838059
17.929465394373832     10.055951026044852
17.96866448538562     8.929154123672875
18.007863576397416     7.9342687213828
18.047062667409204     7.16060762230369
18.086261758421     6.644451831156002
18.125460849432788     6.362976476214512
18.164659940444576     6.2408839812026615
18.20385903145637     6.17116134215986
18.24305812246816     6.046343768886371
18.282257213479955     5.790587053437078
18.321456304491743     5.38039128910982
18.36065539550353     4.846016662604676
18.399854486515327     4.254672234145348
18.439053577527115     3.684760166579616
18.47825266853891     3.2027803979405505
18.5174517595507     2.8504004004098746
18.556650850562495     2.6424532639432434
18.595849941574283     2.57179858500635
18.63504903258607     2.6160366926509293
18.674248123597867     2.7429346191999397
18.713447214609655     2.9139022573605735
18.75264630562145     3.0865130975535284
18.79184539663324     3.2175923067381933
18.831044487645027     3.267984073446809
18.870243578656822     3.20900558167383
18.90944266966861     3.0292164562214605
18.948641760680406     2.7391794205158195
18.987840851692194     2.3720003220498973
19.027039942703983     1.9786844475621042
19.066239033715778     1.6191084006091232
19.105438124727566     1.3508017023709638
19.144637215739362     1.2182477893508878
19.18383630675115     1.2451719622808928
19.22303539776294     1.4316906202703528
19.262234488774734     1.7573267223109355
19.301433579786522     2.189351983174307
19.340632670798318     2.6935469822346016
19.379831761810106     3.2423204186157664
19.4190308528219     3.8152819579407917
19.45822994383369     4.391161477039517
19.497429034845478     4.935984389131796
19.536628125857273     5.3965373753725805
19.57582721686906     5.706562635714386
19.615026307880857     5.805834345166015
19.654225398892645     5.663876729972137
19.693424489904434     5.296377734531698
19.73262358091623     4.765799743299349
19.771822671928017     4.1657052759035125
19.811021762939813     3.595696903962784
19.8502208539516     3.1367998097688283
19.88941994496339     2.8352271619555927
19.928619035975185     2.6979296448010657
19.967818126986973     2.6986957735322123
20.00701721799877     2.7904870783154143
20.046216309010557     2.918827534029263
20.085415400022352     3.032340897910535
20.12461449103414     3.089114569121641
20.16381358204593     3.060009315173565
20.203012673057724     2.9309456087097385
20.242211764069513     2.70520490839166
20.281410855081308     2.4048619731794516
20.320609946093096     2.0692444159992402
20.359809037104885     1.74886614103298
20.39900812811668     1.4953300888603391
20.43820721912847     1.3498889882395304
20.477406310140264     1.3342730568981929
20.516605401152052     1.4465174442131854
20.55580449216384     1.6624683417906667
20.595003583175636     1.9416645574754272
20.634202674187424     2.235410824867393
20.67340176519922     2.4952315774256286
20.712600856211008     2.680739470192791
20.751799947222803     2.7662388274355423
20.79099903823459     2.7448239260017298
20.83019812924638     2.628213104181819
20.869397220258175     2.441371881368069
20.908596311269964     2.2133602013347624
20.94779540228176     1.9683130932819441
20.986994493293547     1.7209025024153572
21.026193584305336     1.478229199076326
21.06539267531713     1.2463226705839694
21.10459176632892     1.0368777975051229
21.143790857340715     0.8700876943139875
21.182989948352503     0.7718467666374439
21.22218903936429     0.7663178578466602
21.261388130376087     0.8664973912896516
21.300587221387875     1.0659367178655526
21.33978631239967     1.3347854134064487
21.37898540341146     1.6228422952348176
21.418184494423254     1.8706123069214937
21.457383585435043     2.0261292888687614
21.49658267644683     2.06170775269552
21.535781767458626     1.9832520908854308
21.574980858470415     1.8270897077840655
21.61417994948221     1.6449120967818955
21.653379040494     1.4832988315339946
21.692578131505787     1.3669953963834287
21.731777222517582     1.2930407455202846
21.77097631352937     1.2372699217703307
21.810175404541166     1.1688171521021715
21.849374495552954     1.0650873998010995
21.888573586564743     0.9205523423362197
21.927772677576538     0.7466887439082578
21.966971768588326     0.5649446593628176
22.00617085960012     0.397359672341177
22.04536995061191     0.259349059267256
22.084569041623705     0.15692382406895725
22.123768132635494     0.08797806517201366
22.162967223647282     0.04569031538149139
22.202166314659078     0.02197740656234271
22.241365405670866     0.009790362574378162
22.28056449668266     0.004039001739254685
22.31976358769445     0.0015430969594086741
22.358962678706238     0.0005459483341499241
22.398161769718033     0.00017887371197448105
22.43736086072982     5.427212339154844e-05
22.476559951741617     1.5249012750252347e-05
22.515759042753405     3.967718854823278e-06
22.554958133765194     9.560356983222752e-07
22.59415722477699     2.133247657949282e-07
22.633356315788777     4.408007670803509e-08
22.672555406800573     8.434848224487814e-09
22.71175449781236     1.4946725352309937e-09
22.75095358882415     2.4527240001358506e-10
22.790152679835945     3.7272218451312035e-11
22.829351770847733     5.245216240323933e-12
22.86855086185953     6.845336216847516e-13
22.907749952871317     9.213886984987812e-14
22.946949043883112     9.540619218993198e-14
22.9861481348949     7.138298202421276e-13
23.02534722590669     5.4604008335935415e-12
23.064546316918484     3.8730631655544145e-11
23.103745407930273     2.5440495220264884e-10
23.142944498942068     1.5474993118447984e-09
23.182143589953856     8.717043297409388e-09
23.221342680965645     4.5471761203143394e-08
23.26054177197744     2.196585850824715e-07
23.29974086298923     9.826263860663925e-07
23.338939954001024     4.070638125046961e-06
23.378139045012812     1.561602169230164e-05
23.4173381360246     5.547689490762384e-05
23.456537227036396     0.00018251044360503854
23.495736318048184     0.0005560285991942728
23.53493540905998     0.001568701721440748
23.574134500071768     0.004098429322920926
23.613333591083563     0.009915813754033564
23.65253268209535     0.02221637030165251
23.69173177310714     0.046094773375781016
23.730930864118935     0.08856540163770542
23.770129955130724     0.15758335505283808
23.80932904614252     0.25965125298507896
23.848528137154307     0.3961907544342443
23.887727228166096     0.5598247363966846
23.92692631917789     0.7325439161260928
23.96612541018968     0.8876649692035781
24.005324501201475     0.9960894273798133
24.04452359221326     1.0350978667583939
