-23.387613558443515     1.994977850813748e-23
-23.34841352212308     2.491681942824008e-22
-23.309213485802648     2.8819083215130053e-21
-23.27001344948221     3.086744953157421e-20
-23.230813413161776     3.0616416830802126e-19
-23.191613376841342     2.8121663479997475e-18
-23.15241334052091     2.3919972811230018e-17
-23.11321330420047     1.884140941643891e-16
-23.074013267880037     1.374355620786289e-15
-23.034813231559603     9.283631470361176e-15
-22.99561319523917     5.807238964905967e-14
-22.956413158918732     3.363988831791834e-13
-22.917213122598298     1.804564659722263e-12
-22.878013086277864     8.96444544947147e-12
-22.83881304995743     4.1238943705368976e-11
-22.799613013636996     1.7568102083656557e-10
-22.76041297731656     6.930675041734289e-10
-22.721212940996125     2.5319779885373434e-09
-22.68201290467569     8.56601120248784e-09
-22.642812868355257     2.6836932965230696e-08
-22.60361283203482     7.786190038990754e-08
-22.564412795714386     2.0919896999253305e-07
-22.525212759393952     5.205295032352103e-07
-22.486012723073518     1.1994982440021935e-06
-22.446812686753084     2.560093290960379e-06
-22.407612650432647     5.061496788570042e-06
-22.368412614112213     9.272476595193854e-06
-22.32921257779178     1.5748965511217755e-05
-22.290012541471345     2.482697369246475e-05
-22.250812505150908     3.6402036206396545e-05
-22.211612468830474     4.9841425817735794e-05
-22.17241243251004     6.419631099732022e-05
-22.133212396189606     7.878771825409257e-05
-22.09401235986917     9.40254766735301e-05
-22.054812323548735     0.00011206738842470685
-22.0156122872283     0.0001367952921415719
-21.976412250907867     0.0001727288226023464
-21.937212214587433     0.00022295588191478095
-21.898012178266995     0.00028677827204962557
-21.85881214194656     0.00035822129145846027
-21.819612105626128     0.0004264784122521083
-21.780412069305694     0.0004786234115941975
-21.741212032985256     0.0005038344351958254
-21.702011996664822     0.000497689381207662
-21.66281196034439     0.0004657571007960324
-21.623611924023955     0.0004287222851205105
-21.584411887703517     0.00043816716966836334
-21.545211851383083     0.0006260707357340457
-21.50601181506265     0.001337343395419447
-21.466811778742215     0.0034370631664399475
-21.42761174242178     0.008932989953826935
-21.388411706101344     0.022066439432889044
-21.34921166978091     0.050909679176225825
-21.310011633460476     0.10915282667213919
-21.270811597140042     0.21714080159904728
-21.231611560819605     0.4005662277995058
-21.19241152449917     0.6851391890410669
-21.153211488178737     1.0867964983199265
-21.114011451858303     1.59983828881743
-21.074811415537866     2.1887654120034163
-21.035611379217432     2.791138390881989
-20.996411342896998     3.3359747068437042
-20.957211306576564     3.774634618675559
-20.91801127025613     4.111971332931477
-20.878811233935693     4.42043002738253
-20.83961119761526     4.823534943364815
-20.800411161294825     5.448027715456797
-20.76121112497439     6.36044938925177
-20.722011088653957     7.51563130094357
-20.68281105233352     8.744050286763363
-20.643611016013086     9.790424719084752
-20.604410979692652     10.392822450627092
-20.565210943372215     10.371213447265589
-20.52601090705178     9.688256833398157
-20.486810870731347     8.457578002734452
-20.447610834410913     6.899493601799465
-20.40841079809048     5.267294081473658
-20.36921076177004     3.776501726233095
-20.330010725449608     2.5620073565001773
-20.290810689129174     1.6707654833521337
-20.25161065280874     1.0818140139693275
-20.212410616488306     0.7381338465160074
-20.17321058016787     0.5766448573344165
-20.134010543847435     0.5488986184772326
-20.094810507527     0.630725706001737
-20.055610471206567     0.8218376067540325
-20.01641043488613     1.1368805339046804
-19.977210398565695     1.5899080585616627
-19.93801036224526     2.176213254601552
-19.898810325924828     2.8582792377332034
-19.85961028960439     3.563568168839515
-19.820410253283956     4.198314955999766
-19.781210216963522     4.673660105817751
-19.74201018064309     4.932613568030904
-19.702810144322655     4.9643580921109915
-19.663610108002217     4.798943341196241
-19.624410071681783     4.486862942108148
-19.58521003536135     4.076479113243482
-19.546009999040916     3.601781824899027
-19.506809962720478     3.0843787908152027
-19.467609926400044     2.543764492995387
-19.42840989007961     2.005883997670426
-19.389209853759176     1.5035904607581794
-19.35000981743874     1.0697707702595896
-19.310809781118305     0.7289539862666875
-19.27160974479787     0.493238305710068
-19.232409708477437     0.3645986202243102
-19.193209672157003     0.3413154887962258
-19.154009635836566     0.42391502212548904
-19.114809599516132     0.6163080899801259
-19.075609563195698     0.9202091670805669
-19.036409526875264     1.3244660009513973
-18.99720949055483     1.7944367972435975
-18.958009454234393     2.2682982772087876
-18.91880941791396     2.6654367193704496
-18.879609381593525     2.906615397868662
-18.840409345273088     2.938809011394108
-18.801209308952654     2.7536484717126424
-18.76200927263222     2.3904741022626412
-18.722809236311786     1.9224045194513801
-18.683609199991352     1.4321652371398081
-18.644409163670915     0.988603241733764
-18.60520912735048     0.6327875738142306
-18.566009091030047     0.376485565574986
-18.526809054709613     0.20983007192031156
-18.48760901838918     0.11227451813648494
-18.44840898206874     0.06182055339917393
-18.409208945748308     0.04024651672118665
-18.370008909427874     0.03460409164361428
-18.330808873107436     0.03650569787411312
-18.291608836787002     0.04074243716034652
-18.25240880046657     0.04415556802390677
-18.213208764146135     0.04501463075517252
-18.1740087278257     0.04273989880458273
-18.134808691505263     0.03769826465680416
-18.09560865518483     0.03090515051011023
-18.056408618864396     0.023635295193045552
-18.01720858254396     0.017059120643912826
-17.978008546223528     0.012025415327489214
-17.93880850990309     0.009029833249831984
-17.899608473582656     0.008310406711541988
-17.860408437262222     0.009957570527184151
-17.821208400941785     0.013940931690385006
-17.78200836462135     0.02002367427636823
-17.742808328300917     0.027621031837877362
-17.703608291980483     0.03571775867698377
-17.66440825566005     0.04295467271142701
-17.625208219339612     0.04791661765875657
-17.586008183019178     0.04953711146783528
-17.546808146698744     0.04744707265683949
-17.50760811037831     0.042099002218017406
-17.468408074057876     0.03460171059476422
-17.42920803773744     0.026343787742719227
-17.390008001417005     0.018578481155372188
-17.35080796509657     0.012136472687600718
-17.311607928776134     0.007343890634805014
-17.2724078924557     0.0041163981316112
-17.233207856135266     0.0021374138309428947
-17.194007819814832     0.0010283110120607045
-17.154807783494398     0.0004587157203268457
-17.11560774717396     0.00019025983913774916
-17.076407710853527     7.413170812938948e-05
-17.037207674533093     2.813805576246458e-05
-16.99800763821266     1.1581161795870123e-05
-16.958807601892225     6.230092251500056e-06
-16.919607565571788     4.64784163986488e-06
-16.880407529251354     4.072984701846035e-06
-16.84120749293092     3.60290778325145e-06
-16.802007456610482     3.0264403762454755e-06
-16.762807420290052     2.3702841920095793e-06
-16.723607383969615     1.7222129993041586e-06
-16.68440734764918     1.1593467295039715e-06
-16.645207311328747     7.22814626972896e-07
-16.60600727500831     4.173373416688521e-07
-16.566807238687876     2.231431774700595e-07
-16.52760720236744     1.1048751792497791e-07
-16.488407166047008     5.0661181491682616e-08
-16.449207129726574     2.151145101272203e-08
-16.410007093406136     8.458558183973513e-09
-16.370807057085702     3.080031837521919e-09
-16.33160702076527     1.0385951644293213e-09
-16.292406984444835     3.243169235279992e-10
-16.2532069481244     9.378322253475677e-11
-16.214006911803963     2.5113828043222576e-11
-16.17480687548353     6.227774879791031e-12
-16.135606839163096     1.4301616199535106e-12
-16.096406802842658     3.04137209743938e-13
-16.057206766522224     5.989440018270079e-14
-16.01800673020179     1.0922828309777591e-14
-15.978806693881356     1.8446595265123635e-15
-15.93960665756092     2.884891973556663e-16
-15.900406621240485     4.178064269293999e-17
-15.861206584920051     5.603416461629082e-18
-15.822006548599617     6.959257586975808e-19
-15.782806512279183     8.003964358189548e-20
-15.743606475958748     8.524709829835356e-21
-15.704406439638312     8.407876045632857e-22
-15.665206403317878     7.67941646674071e-23
-15.626006366997444     6.50680683126005e-24
-15.586806330677009     7.397719345647501e-25
-15.547606294356573     4.316260925741401e-24
-15.508406258036139     7.340771909769006e-23
-15.469206221715705     1.1660263926824686e-21
-15.43000618539527     1.7152309808397786e-20
-15.390806149074836     2.336522314804143e-19
-15.3516061127544     2.9474760595652685e-18
-15.312406076433966     3.443211277705251e-17
-15.27320604011353     3.7248611714766274e-16
-15.234006003793096     3.731552386130091e-15
-15.19480596747266     3.461800438261029e-14
-15.155605931152227     2.9740450866241506e-13
-15.116405894831793     2.3660618985555237e-12
-15.077205858511357     1.7431617614198802e-11
-15.038005822190923     1.1892750668204667e-10
-14.998805785870488     7.513805913954864e-10
-14.959605749550054     4.396131423433824e-09
-14.920405713229618     2.3818499455570866e-08
-14.881205676909184     1.1950640023966422e-07
-14.842005640588749     5.552658555127209e-07
-14.802805604268315     2.3891521579661414e-06
-14.763605567947879     9.519621650800001e-06
-14.724405531627445     3.512599252242202e-05
-14.685205495307011     0.00012002468072715366
-14.646005458986576     0.0003797917731960351
-14.606805422666142     0.001112893449774061
-14.567605386345706     0.003019914587266583
-14.528405350025272     0.007588724317762106
-14.489205313704836     0.01765939984525921
-14.450005277384403     0.0380553889507971
-14.410805241063967     0.07594330413637626
-14.371605204743533     0.14034469900815466
-14.332405168423097     0.24017955119558615
-14.293205132102663     0.3806364255371484
-14.25400509578223     0.5586261333987956
-14.214805059461794     0.7592331700363799
-14.17560502314136     0.9556311649323864
-14.136404986820924     1.114084402192387
-14.09720495050049     1.2033842975322213
-14.058004914180055     1.2054864172138982
-14.01880487785962     1.1229492195030422
-13.979604841539185     0.9800746752467253
-13.940404805218751     0.8177591537608018
-13.901204768898316     0.6849131651409541
-13.862004732577882     0.6299530658414929
-13.822804696257446     0.6940434000329561
-13.783604659937012     0.9051749959688118
-13.744404623616578     1.2711892035377306
-13.705204587296143     1.7716974750493484
-13.666004550975709     2.352382396773934
-13.626804514655273     2.9274898262494293
-13.587604478334839     3.394721208693836
-13.548404442014403     3.6609731828803813
-13.50920440569397     3.6705001499033902
-13.470004369373534     3.4237428396187166
-13.4308043330531     2.9781574829950532
-13.391604296732664     2.4305533809289397
-13.35240426041223     1.8888065953459066
-13.313204224091796     1.4444370320698958
-13.27400418777136     1.154965213252809
-13.234804151450927     1.0388560645685767
-13.195604115130491     1.08044908143587
-13.156404078810057     1.2401601237461715
-13.117204042489622     1.4660892459330157
-13.078004006169188     1.7049569966725335
-13.038803969848752     1.9113858516733375
-12.999603933528318     2.0547100496074626
-12.960403897207883     2.1223945501128885
-12.921203860887449     2.1193527559208833
-12.882003824567015     2.0631181031724184
-12.842803788246579     1.975884920461107
-12.803603751926145     1.8757084877367944
-12.76440371560571     1.7700785886272175
-12.725203679285276     1.6547301507619907
-12.68600364296484     1.5184261396852272
-12.646803606644406     1.3513552333457424
-12.60760357032397     1.1526751992207012
-12.568403534003536     0.9332128833278596
-12.5292034976831     0.712219224375026
-12.490003461362667     0.5104195798443061
-12.450803425042231     0.3432283187279006
-12.411603388721797     0.21716998613749028
-12.372403352401363     0.1302659333631287
-12.333203316080928     0.07508983924069543
-12.294003279760494     0.0424382892426034
-12.254803243440058     0.024061427353574326
-12.215603207119624     0.013915756322067267
-12.176403170799189     0.008215409166774861
-12.137203134478755     0.00487358084870586
-12.098003098158319     0.0028397101131850742
-12.058803061837885     0.0015957860155208746
-12.01960302551745     0.0008665638181681711
-11.980402989197016     0.0004930815418834106
-11.941202952876582     0.00040013837015679375
-11.902002916556146     0.0006113562239109255
-11.862802880235712     0.001293781140505839
-11.823602843915276     0.0028303718575899556
-11.784402807594843     0.005920535195299361
-11.745202771274407     0.011701585595573643
-11.706002734953973     0.021877349540408715
-11.666802698633537     0.038844815575314245
-11.627602662313103     0.0658305797025315
-11.588402625992668     0.10707382529497743
-11.549202589672234     0.16808529144439555
-11.5100025533518     0.25592218534287825
-11.470802517031364     0.3792258315189128
-11.43160248071093     0.5475427519792901
-11.392402444390495     0.7693878219588772
-11.35320240807006     1.048858273854421
-11.314002371749625     1.381453603715244
-11.274802335429191     1.750782063765856
-11.235602299108756     2.128323858661872
-11.196402262788322     2.4776816858547397
-11.157202226467886     2.762761892990918
-11.118002190147452     2.9570673512451977
-11.078802153827016     3.050233249577027
-11.039602117506583     3.0490232413280665
-11.000402081186149     2.9727606611164865
-10.961202044865713     2.8459412550133023
-10.92200200854528     2.691854467376615
-10.882801972224843     2.529860264356894
-10.84360193590441     2.3764134278939393
-10.804401899583974     2.247651028775439
-10.76520186326354     2.160711806952162
-10.726001826943104     2.132265543295955
-10.68680179062267     2.1752184257724987
-10.647601754302235     2.2967429577157237
-10.6084017179818     2.5011154787001155
-10.569201681661367     2.7985168811733
-10.530001645340931     3.216614513250191
-10.490801609020497     3.807694710032619
-10.451601572700062     4.643366162687041
-10.412401536379628     5.793172834517613
-10.373201500059192     7.291582088032586
-10.334001463738758     9.105483194156143
-10.294801427418323     11.116716201316462
-10.255601391097889     13.129292104258079
-10.216401354777453     14.901435520078913
-10.17720131845702     16.193700761040795
-10.138001282136585     16.820297876789525
-10.09880124581615     16.691639199922463
-10.059601209495716     15.839205713414554
-10.02040117317528     14.416695448985337
-9.981201136854846     12.674255378932568
-9.94200110053441     10.907395313203027
-9.902801064213977     9.389799765506126
-9.86360102789354     8.307418102002147
-9.824400991573107     7.715184838032117
-9.785200955252671     7.533203525839239
-9.746000918932237     7.585703208542773
-9.706800882611802     7.6685270217292825
-9.667600846291368     7.618255597639207
-9.628400809970934     7.356147338673397
-9.589200773650498     6.893838037846984
-9.550000737330064     6.307271810649263
-9.510800701009629     5.698613817565207
-9.471600664689195     5.165484336932174
-9.43240062836876     4.785427288467696
-9.393200592048325     4.611187450668549
-9.35400055572789     4.668018028193082
-9.314800519407456     4.948748725987816
-9.27560048308702     5.409360983153915
-9.236400446766586     5.970563045108106
-9.197200410446152     6.527996208985438
-9.158000374125717     6.969113931201995
-9.118800337805283     7.192586541720239
-9.079600301484847     7.126683594628943
-9.040400265164413     6.743923431896847
-9.001200228843977     6.068729946228855
-8.962000192523544     5.174328815881986
-8.922800156203108     4.1672163210907875
-8.883600119882674     3.162473768471504
-8.844400083562238     2.2579490067492474
-8.805200047241804     1.5162451549325544
-8.76600001092137     0.9596410807376723
-8.726799974600935     0.5770504657164707
-8.687599938280501     0.3376061330267468
-8.648399901960065     0.20451086623876819
-8.609199865639631     0.14492058217773296
-8.569999829319196     0.13480643676138343
-8.530799792998762     0.1601091951744988
-8.491599756678326     0.21622991137487016
-8.452399720357892     0.3071716043575856
-8.413199684037457     0.4441963178630858
-8.373999647717023     0.6426548252889741
-8.334799611396587     0.9156151684020288
-8.295599575076153     1.264540669048714
-8.25639953875572     1.6700221893997955
-8.217199502435284     2.0877576763243315
-8.17799946611485     2.4545243993372754
-8.138799429794414     2.7049655081586934
-8.09959939347398     2.7942289227998405
-8.060399357153544     2.717377800743826
-8.02119932083311     2.5170432613559974
-7.981999284512675     2.2759899941430004
-7.942799248192241     2.0978055246842002
-7.903599211871805     2.0827280830170123
-7.864399175551371     2.3050683726711867
-7.8251991392309375     2.795635245238504
-7.785999102910502     3.530428351255132
-7.746799066590068     4.4273269831049475
-7.707599030269632     5.354119311424044
-7.668398993949198     6.150752378666081
-7.629198957628763     6.664235054379477
-7.589998921308329     6.787771314013013
-7.550798884987893     6.490867887890162
-7.511598848667459     5.828479906476343
-7.4723988123470235     4.925210124694174
-7.43319877602659     3.9411138035507447
-7.393998739706156     3.0327397722742253
-7.354798703385722     2.322793012310611
-7.315598667065284     1.8851707935253268
-7.2763986307448505     1.7439132882760218
-7.237198594424417     1.8798693469417822
-7.197998558103983     2.2394552047786505
-7.158798521783545     2.7436991209359993
-7.119598485463111     3.2990010521590993
-7.0803984491426775     3.811200396359712
-7.041198412822244     4.201982051243878
-7.001998376501806     4.423669973963601
-6.962798340181372     4.467276860885323
-6.923598303860938     4.36008976795832
-6.884398267540504     4.152527261133214
-6.8451982312200705     3.8982752223440778
-6.805998194899633     3.635136165111818
-6.766798158579199     3.3746596238602926
-6.727598122258765     3.105183503640424
-6.688398085938331     2.806352973640268
-6.649198049617894     2.4670099540366257
-6.60999801329746     2.0965923086859366
-6.570797976977026     1.7242359883521294
-6.531597940656592     1.3870281640994075
-6.492397904336158     1.1146086729094407
-6.453197868015721     0.9182727735754235
-6.413997831695287     0.7891142787027648
-6.374797795374853     0.7045109450847702
-6.335597759054419     0.6385719215929078
-6.296397722733982     0.5714920631346021
-6.257197686413548     0.4945490741319795
-6.217997650093114     0.4101721023020152
-6.17879761377268     0.3286355491098912
-6.139597577452243     0.2637271805434521
-6.100397541131809     0.2292269606790958
-6.061197504811375     0.23679469637229833
-6.021997468490941     0.29470005923066145
-5.982797432170507     0.40639285694233296
-5.94359739585007     0.5684244985081952
-5.904397359529636     0.7683546237870791
-5.865197323209202     0.9842372933195515
-5.825997286888768     1.1872698164203288
-5.7867972505683305     1.3479025224752172
-5.747597214247897     1.4437160782812963
-5.708397177927463     1.4659125250437135
-5.669197141607029     1.4214511519106006
-5.629997105286591     1.329800681954087
-5.5907970689661575     1.2158691719086958
-5.551597032645724     1.102332555559678
-5.51239699632529     1.0043989154327642
-5.473196960004856     0.9283687507218921
-5.433996923684418     0.8733927453191666
-5.394796887363984     0.8346928902021946
-5.3555968510435505     0.8065184498118989
-5.316396814723117     0.7838448367019037
-5.277196778402679     0.7626880655188104
-5.237996742082245     0.7395356493261984
-5.198796705761811     0.7106883488172333
-5.1595966694413775     0.6722440960422069
-5.120396633120944     0.6210261371721704
-5.081196596800506     0.5560988006149125
-5.041996560480072     0.47998796599657173
-5.002796524159638     0.39871844530901085
-4.9635964878392045     0.32037209460207117
-4.924396451518767     0.25269521043015086
-4.885196415198333     0.20080209628938883
-4.845996378877899     0.16593348609704187
-4.806796342557465     0.1456613431158046
-4.767596306237028     0.13527371922917036
-4.728396269916594     0.12966324903379034
-4.68919623359616     0.12499251578708048
-4.649996197275726     0.11963617359332229
-4.610796160955292     0.11424497186541804
-4.571596124634855     0.1110923157319868
-4.532396088314421     0.11304846900430485
-4.493196051993987     0.1225490534909896
-4.453996015673553     0.14082551789305953
-4.414795979353116     0.16752677865542676
-4.375595943032682     0.20074459493690783
-4.336395906712248     0.2373761207848301
-4.297195870391814     0.27371139957916085
-4.257995834071377     0.3061267714321951
-4.218795797750943     0.33179565880306006
-4.179595761430509     0.34935279181852275
-4.140395725110075     0.35940435953309946
-4.101195688789641     0.3646702328142591
-4.061995652469204     0.3694964557546987
-4.02279561614877     0.37863552416057544
-3.983595579828336     0.3955645612314537
-3.944395543507902     0.4209875153209768
-3.9051955071874644     0.4522561940237681
-3.8659954708670305     0.4841150347881791
-3.8267954345465967     0.5105771133085872
-3.7875953982261628     0.5272010815993682
-3.748395361905729     0.5328356813777766
-3.7091953255852914     0.5301046411984716
-3.6699952892648575     0.5244101194313809
-3.6307952529444236     0.5218401937288524
-3.5915952166239897     0.5268520593508914
-3.5523951803035523     0.5407436727987213
-3.5131951439831184     0.5615797171693664
-3.4739951076626845     0.5854934097461377
-3.4347950713422506     0.6085342009960775
-3.395595035021813     0.6279708876384319
-3.3563949987013793     0.6424107213016993
-3.3171949623809454     0.6509581062146921
-3.2779949260605115     0.6522781477294906
-3.2387948897400776     0.6443910803575097
-3.19959485341964     0.6253917507421339
-3.160394817099206     0.5945924845437438
-3.1211947807787723     0.5533286706702532
-3.0819947444583384     0.5049399222173868
-3.042794708137901     0.4539563173967688
-3.003594671817467     0.4049131257376086
-2.964394635497033     0.3613112072068235
-2.9251945991765993     0.3250789156666022
-2.885994562856162     0.29662273636619557
-2.846794526535728     0.2753183830875626
-2.807594490215294     0.2601795681151229
-2.76839445389486     0.2504657326832129
-2.7291944175744263     0.2460928354934994
-2.689994381253989     0.24779286173122317
-2.650794344933555     0.2569730116639415
-2.611594308613121     0.2752047512156611
-2.572394272292687     0.3033398499192067
-2.5331942359722497     0.34045842090063005
-2.493994199651816     0.3831039145301764
-2.454794163331382     0.42534321426545907
-2.415594127010948     0.4599484596661826
-2.376394090690514     0.48047772000872735
-2.3371940543700767     0.4835009995958805
-2.2979940180496428     0.47000859893400815
-2.258793981729209     0.44532246532666697
-2.219593945408775     0.4174851124998917
-2.1803939090883375     0.3947727836522422
-2.1411938727679036     0.38331346565585067
-2.1019938364474697     0.385645883184101
-2.062793800127036     0.4005660271040455
-2.0235937638065984     0.4240576433735217
-1.9843937274861645     0.450747377958609
-1.9451936911657306     0.47527892915109987
-1.9059936548452967     0.4932260439189556
-1.8667936185248628     0.501509544539049
-1.8275935822044254     0.49854574425887743
-1.7883935458839915     0.4843787873525403
-1.7491935095635576     0.4608418659546544
-1.7099934732431237     0.4315353701479602
-1.6707934369226862     0.4013387005803649
-1.6315934006022523     0.37537907357650374
-1.5923933642818184     0.3577291950414314
-1.5531933279613845     0.350340295931051
-1.513993291640947     0.3526660582822103
-1.4747932553205132     0.3621282781992091
-1.4355932190000793     0.3752032897924822
-1.3963931826796454     0.3886658390761477
-1.3571931463592115     0.400508748882551
-1.317993110038774     0.41023666238180334
-1.2787930737183402     0.41851124837849585
-1.2395930373979063     0.4263855785077064
-1.2003930010774724     0.4345078484448752
-1.161192964757035     0.44264687353921106
-1.121992928436601     0.44971122931178953
-1.0827928921161671     0.45418924870910715
-1.0435928557957332     0.4547505548099692
-1.0043928194752993     0.450710833216413
-0.9651927831548619     0.44217448047976027
-0.925992746834428     0.4298552776430216
-0.8867927105139941     0.4147250513091285
-0.8475926741935602     0.39768380960354965
-0.8083926378731228     0.3793821497710178
-0.7691926015526889     0.36021412820705634
-0.729992565232255     0.34040713141296
-0.6907925289118211     0.32011031430877646
-0.6515924925913836     0.2994255024072116
-0.6123924562709497     0.2783944482228313
-0.5731924199505158     0.25700067314763153
-0.533992383630082     0.23523131433526467
-0.49479234730964805     0.21318690569273552
-0.4555923109892106     0.1911721264169629
-0.4163922746687767     0.1696941272866204
-0.3771922383483428     0.1493457898386932
-0.3379922020279089     0.13062400258180829
-0.29879216570747147     0.11377615045700382
-0.2595921293870376     0.0987524075293905
-0.22039209306660368     0.08528017924645029
-0.18119205674616978     0.07301247519204807
-0.14199202042573233     0.061673138502634034
-0.10279198410529844     0.05113886820973563
-0.06359194778486454     0.041441019385363785
-0.02439191146443065     0.03270908068877572
0.014808124856003246     0.025093789878436284
0.054008161176440694     0.018701701979936553
0.09320819749687459     0.01355713561720867
0.13240823381730848     0.009593502528776606
0.17160827013774238     0.0066682904437485434
0.21080830645817983     0.00459276828980543
0.2500083427786137     0.0031663566742498
0.2892083790990476     0.0022061138795203923
0.3284084154194815     0.0015646413975487436
0.3676084517399154     0.0011346275695478338
0.40680848806035286     0.0008432366041031812
0.44600852438078675     0.0006422262153073828
0.48520856070122065     0.0004990682892246007
0.5244085970216545     0.000391520825150496
0.563608633342092     0.00030519290019667184
0.6028086696625259     0.0002322798532111119
0.6420087059829598     0.00017002730203891726
0.6812087423033937     0.00011868054881743371
0.7204087786238311     7.959347886938755e-05
0.759608814944265     5.430792927761571e-05
0.7988088512646989     4.4949745360885e-05
0.8380088875851328     5.565932301295413e-05
0.8772089239055667     9.42607934942336e-05
0.9164089602260042     0.00017302313086089733
0.955608996546438     0.0003072286551142946
0.994809032866872     0.0005106043159308837
1.0340090691873058     0.0007878417777922556
1.0732091055077433     0.0011263884198059529
1.1124091418281772     0.0014915419869864495
1.151609178148611     0.001829089465927663
1.190809214469045     0.0020771893887341743
1.2300092507894824     0.0021845265377595678
1.2692092871099163     0.0021275534984453075
1.3084093234303502     0.0019188967471529402
1.347609359750784     0.0016028243017318497
1.386809396071218     0.0012399984158300585
1.4260094323916555     0.0008886899302358363
1.4652094687120893     0.0005903410835974194
1.5044095050325232     0.00036395601348676707
1.5436095413529571     0.00020893617676928812
1.5828095776733946     0.00011262646635694078
1.6220096139938285     5.8287962098095154e-05
1.6612096503142624     3.0770949901781824e-05
1.7004096866346963     1.92402884075703e-05
1.7396097229551302     1.768591281066506e-05
1.7788097592755676     2.4304092565235028e-05
1.8180097955960015     4.0485477900337646e-05
1.8572098319164354     6.960225788258274e-05
1.8964098682368693     0.00011543802079865407
1.9356099045573067     0.00018014031006942477
1.9748099408777406     0.00026198152601639743
2.0140099771981745     0.0003537484466502475
2.0532100135186084     0.0004428282143304534
2.092410049839046     0.0005136517445320731
2.1316100861594798     0.0005521059413232058
2.1708101224799137     0.000550376924166754
2.2100101588003476     0.0005102325278244204
2.2492101951207815     0.0004434347748544491
2.288410231441219     0.0003694329701331436
2.327610267761653     0.00031173237969014825
2.3668103040820867     0.00029446463929019633
2.4060103404025206     0.0003396337295157742
2.445210376722958     0.00046416931042679143
2.484410413043392     0.0006755475854366734
2.523610449363826     0.0009660159635397545
2.5628104856842597     0.0013077972275213358
2.602010522004697     0.001653325103324253
2.641210558325131     0.0019437647987570954
2.680410594645565     0.0021253833768926328
2.719610630965999     0.002168527634331392
2.7588106672864328     0.002081159074639488
2.79801070360687     0.0019103535775474864
2.837210739927304     0.001730434412752893
2.876410776247738     0.0016224211052193972
2.915610812568172     0.0016527867703357338
2.9548108488886093     0.0018586519738314831
2.9940108852090432     0.0022427048519450187
3.033210921529477     0.002776935477334694
3.072410957849911     0.003411851847994773
3.111610994170345     0.0040877757080329214
3.1508110304907824     0.004746135968276575
3.1900110668112163     0.0053397523512301905
3.22921110313165     0.00584085302484868
3.268411139452084     0.006244429411497854
3.3076111757725215     0.006564278324170631
3.3468112120929554     0.006821281902814352
3.3860112484133893     0.007027665086464827
3.425211284733823     0.007174446851304155
3.4644113210542606     0.007229122110863
3.5036113573746945     0.007146137974625974
3.5428113936951284     0.0068863528516767535
3.5820114300155623     0.00643707491048119
3.621211466335996     0.005823899424040571
3.6604115026564337     0.005109304488641252
3.6996115389768676     0.00437872854073202
3.7388115752973015     0.0037199272358525784
3.7780116116177354     0.0032036431118202045
3.817211647938173     0.0028721859203968076
3.8564116842586067     0.002738257735156577
3.8956117205790406     0.0027915112792765893
3.9348117568994745     0.003007444210339112
3.974011793219912     0.0033536830009844127
4.013211829540346     0.0037918812505517343
4.05241186586078     0.004277155075187725
4.091611902181214     0.004758814750358994
4.1308119385016475     0.005185035219532693
4.170011974822085     0.005510958044833642
4.209212011142519     0.005706883955028985
4.248412047462953     0.005762795737261486
4.287612083783387     0.005687631605803812
4.326812120103824     0.005504608856032001
4.366012156424258     0.005245178201461739
4.405212192744692     0.0049432658149384245
4.444412229065126     0.00462984473170939
4.48361226538556     0.004327500790994268
4.522812301705997     0.004045846393659005
4.562012338026431     0.0037798771448089787
4.601212374346865     0.0035129973410036363
4.640412410667299     0.0032243534118089334
4.679612446987736     0.0028977961887025447
4.71881248330817     0.002528890159470252
4.758012519628604     0.002127381108595821
4.797212555949038     0.0017146293914528153
4.836412592269475     0.0013174929338001557
4.875612628589909     0.0009611799666758294
4.914812664910343     0.0006635109807610134
4.954012701230777     0.00043211432277754963
4.993212737551211     0.00026481503366651625
5.032412773871648     0.00015237209411022375
5.071612810192082     8.215516962821305e-05
5.110812846512516     4.143709628544704e-05
5.15001288283295     1.9522123506054922e-05
5.189212919153388     8.580181381123146e-06
5.2284129554738215     3.514194878671951e-06
5.267612991794255     1.3400273765855438e-06
5.306813028114689     4.7535800610358176e-07
5.346013064435127     1.5677844242806913e-07
5.385213100755561     4.809800795661904e-08
5.4244131370759945     1.3960998366337307e-08
5.463613173396428     4.8881775859815965e-09
5.502813209716862     6.074378981811183e-09
5.5420132460373     1.9730276306460855e-08
5.581213282357734     6.810460238162727e-08
5.6204133186781675     2.1967615159129865e-07
5.659613354998601     6.565407408972812e-07
5.698813391319039     1.8171388957495254e-06
5.738013427639473     4.657454544714425e-06
5.777213463959907     1.1054582811561892e-05
5.8164135002803405     2.4297929797526314e-05
5.855613536600774     4.9457182318527243e-05
5.894813572921212     9.322290880499763e-05
5.934013609241646     0.00016272306434727535
5.97321364556208     0.0002630321071234694
6.012413681882514     0.0003937328053286042
6.051613718202951     0.0005457925797197369
6.090813754523385     0.0007006269567872062
6.130013790843819     0.000832873895682212
6.169213827164253     0.0009168638528510797
6.20841386348469     0.0009346814989623746
6.247613899805124     0.0008823799632153046
6.286813936125558     0.000771402117525068
6.326013972445992     0.0006245097380015024
6.365214008766426     0.0004681993467099267
6.404414045086863     0.00032505405946977434
6.443614081407297     0.0002089842651974077
6.482814117727731     0.0001244241802287043
6.522014154048165     6.860080221643112e-05
6.561214190368602     3.5025698913013236e-05
6.600414226689036     1.656066043718917e-05
6.63961426300947     7.251067429092667e-06
6.678814299329904     2.9401051468775412e-06
6.7180143356503415     1.104097013484055e-06
6.757214371970775     3.846315489840263e-07
6.796414408291209     1.2747154327199345e-07
6.835614444611643     5.5442853649840486e-08
6.874814480932077     9.571941715250177e-08
6.9140145172525145     3.7885919152110194e-07
6.953214553572948     1.5759787178747909e-06
6.992414589893382     6.24911328541273e-06
7.031614626213816     2.337227358011338e-05
7.070814662534254     8.207245064358553e-05
7.1100146988546875     0.00026962360506372853
7.149214735175121     0.0008263631135423885
7.188414771495555     0.002357879873813898
7.227614807815989     0.0062537205362636055
7.266814844136427     0.01540062590492887
7.3060148804568605     0.03518685812479551
7.345214916777294     0.07454691468071822
7.384414953097728     0.1463965981757241
7.423614989418166     0.266437238479843
7.4628150257386     0.4493601096620201
7.502015062059034     0.70238964166697
7.5412150983794675     1.0179036110395283
7.580415134699905     1.368780236125128
7.619615171020339     1.7106522802478126
7.658815207340773     1.9931231235134663
7.698015243661207     2.1774762859749472
7.7372152799816405     2.253801855506977
7.776415316302078     2.2489867875340304
7.815615352622512     2.22044016389258
7.854815388942946     2.2373419687594445
7.89401542526338     2.357561689570122
7.933215461583817     2.610164740714237
7.972415497904251     2.9895078818773477
8.011615534224685     3.460074061110596
8.050815570545119     3.966188584239445
8.090015606865553     4.44093012797517
8.12921564318599     4.813156653073016
8.168415679506424     5.016157697055252
8.207615715826858     5.001426883212447
8.246815752147292     4.755786569538034
8.28601578846773     4.313874849157305
8.325215824788163     3.756582794684639
8.364415861108597     3.1916569638473784
8.403615897429031     2.7220938922906104
8.442815933749468     2.4150355654248763
8.482015970069902     2.284303750793029
8.521216006390336     2.293523800774487
8.56041604271077     2.3775007289248795
8.599616079031204     2.4715817125061292
8.638816115351641     2.535599054222965
8.678016151672072     2.5620597855757206
8.71721618799251     2.5663632128125258
8.756416224312947     2.566169706899191
8.795616260633377     2.5625673010610326
8.834816296953814     2.5340128682361547
8.874016333274252     2.4460032383931356
8.913216369594682     2.270003308441548
8.95241640591512     2.0001883205944324
8.99161644223555     1.658806133621088
9.030816478555987     1.2883313539002539
9.070016514876425     0.9359364296959152
9.109216551196855     0.6388018764750782
9.148416587517293     0.4166045674295894
9.187616623837723     0.27263844054856823
9.22681666015816     0.2007825743662861
9.266016696478598     0.19380124753035
9.305216732799028     0.2490441128336619
9.344416769119466     0.3693110106323653
9.383616805439903     0.5585534187167882
9.422816841760334     0.8139927153210058
9.462016878080771     1.118047519408513
9.501216914401201     1.4345105955075144
9.540416950721639     1.7125867439533815
9.579616987042076     1.899185534208815
9.618817023362507     1.9553983689167658
9.658017059682944     1.869990777184432
9.697217096003374     1.6633767142660876
9.736417132323812     1.3800304720100827
9.77561716864425     1.0730511758452077
9.81481720496468     0.7880883125906573
9.854017241285117     0.5531486202781141
9.893217277605554     0.37687945148261015
9.932417313925985     0.2535579881861495
9.971617350246422     0.1706790610533253
10.010817386566853     0.11537552830477735
10.05001742288729     0.07786518372500506
10.089217459207728     0.05211559257675491
10.128417495528158     0.03495589441225501
10.167617531848595     0.024862044788687743
10.206817568169026     0.02108958599928082
10.246017604489463     0.02326262213912414
10.2852176408099     0.031223780142421876
10.32441767713033     0.04490827265472784
10.363617713450768     0.06410188024947269
10.402817749771199     0.08807090117180527
10.442017786091636     0.11516886848854993
10.481217822412074     0.14261418553436
10.520417858732504     0.1666558316443454
10.559617895052941     0.18324380925788322
10.598817931373379     0.18908925918239788
10.63801796769381     0.18273826844582164
10.677218004014247     0.1651716578141905
10.716418040334677     0.13960232969723818
10.755618076655114     0.11051528196697463
10.794818112975552     0.08236264242356922
10.834018149295982     0.05846122306906133
10.87321818561642     0.040479121926750336
10.91241822193685     0.028570450954139917
10.951618258257287     0.02193026788981467
10.990818294577725     0.019431271425503292
11.030018330898155     0.02007342687896009
11.069218367218593     0.023140980013543446
11.10841840353903     0.02811970330016112
11.14761843985946     0.03451775274616224
11.186818476179898     0.04173631436530277
11.226018512500328     0.049067080706142505
11.265218548820766     0.055796954615735216
11.304418585141203     0.061333894901294324
11.343618621461633     0.06527101743299013
11.382818657782071     0.06737031847897847
11.422018694102501     0.06751786955828717
11.461218730422939     0.06571975627237273
11.500418766743376     0.06215832681024879
11.539618803063806     0.05725545444563809
11.578818839384244     0.05165829898307216
11.618018875704681     0.04610437745507105
11.657218912025112     0.04120849516802784
11.69641894834555     0.03728030090917593
11.73561898466598     0.03427765365854256
11.774819020986417     0.03192745599569248
11.814019057306854     0.02995095336960545
11.853219093627285     0.028278690501914845
11.892419129947722     0.027169319418678818
11.931619166268153     0.027246184852378386
11.97081920258859     0.02958505214751947
12.010019238909027     0.03605880144661661
12.049219275229458     0.050111124796856026
12.088419311549895     0.07795156828241952
12.127619347870333     0.1298345144662039
12.166819384190763     0.2206773537610515
12.2060194205112     0.36898869439229703
12.24521945683163     0.5932286572489897
12.284419493152068     0.9055624976509777
12.323619529472506     1.3043936640686027
12.362819565792936     1.7684393950012773
12.402019602113374     2.255512364813816
12.441219638433804     2.7080160278321213
12.480419674754241     3.064790250239892
12.519619711074679     3.2765241099989844
12.558819747395109     3.320668969900079
12.598019783715547     3.212009374949721
12.637219820035984     3.0062435883626257
12.676419856356414     2.7952784595849867
12.715619892676852     2.6940475461545903
12.754819928997282     2.819668216447072
12.79401996531772     3.265087781992471
12.833220001638157     4.07134085370974
12.872420037958587     5.204937077945372
12.911620074279025     6.548606204057437
12.950820110599455     7.912756150993326
12.990020146919893     9.07002996043163
13.02922018324033     9.806866925651846
13.06842021956076     9.977458612231413
13.107620255881198     9.541836541858142
13.146820292201628     8.574164728328523
13.186020328522066     7.238437593392394
13.225220364842503     5.741417639205872
13.264420401162933     4.280528549623776
13.30362043748337     3.0040862875363286
13.342820473803808     1.9938313477201062
13.382020510124239     1.269740550082807
13.421220546444676     0.8094489168537499
13.460420582765106     0.5719420277431368
13.499620619085544     0.5170939138796742
13.538820655405981     0.6167824084940727
13.578020691726412     0.8572278822463195
13.61722072804685     1.2345417641033305
13.65642076436728     1.7462836685035503
13.695620800687717     2.3819004060122824
13.734820837008154     3.114935019211286
13.774020873328585     3.8998973311180425
13.813220909649022     4.676140815187169
13.85242094596946     5.37936159091916
13.89162098228989     5.958344981095644
13.930821018610327     6.3912599685389315
13.970021054930758     6.693974712204167
14.009221091251195     6.914398863265844
14.048421127571633     7.112239735042765
14.087621163892063     7.330896095125238
14.1268212002125     7.573681950622593
14.16602123653293     7.7965058999911605
14.205221272853368     7.92251524726739
14.244421309173806     7.873792261770348
14.283621345494236     7.606262024181188
14.322821381814673     7.131530865288221
14.362021418135111     6.515229259034953
14.401221454455541     5.852900879540121
14.440421490775979     5.235515084974933
14.479621527096409     4.721139208421842
14.518821563416846     4.324698960487946
14.558021599737284     4.0270462701013745
14.597221636057714     3.7944347987063516
14.636421672378152     3.5959747377574534
14.675621708698582     3.4110034859946072
14.71482174501902     3.2265871504835424
14.754021781339457     3.0315317682228677
14.793221817659887     2.81369492116502
14.832421853980325     2.562995741893888
14.871621890300762     2.277405429747976
14.910821926621193     1.9670869907124522
14.95002196294163     1.6535547406978743
14.98922199926206     1.3642402393786415
15.028422035582498     1.1254462030027708
15.067622071902935     0.9569131747700406
15.106822108223366     0.8695517643191258
15.146022144543803     0.8657783345366699
15.185222180864233     0.9406620525992994
15.22442221718467     1.0822669266603284
15.263622253505108     1.2708500717087325
15.302822289825539     1.47812886837584
15.342022326145976     1.6686728144305816
15.381222362466414     1.80491207085789
15.420422398786844     1.8553384926841354
15.459622435107281     1.803207631200821
15.498822471427712     1.6519290728868272
15.538022507748149     1.4243426982631369
15.577222544068587     1.155846618470564
15.616422580389017     0.884248547871775
15.655622616709454     0.640507061662116
15.694822653029885     0.4435794743335968
15.734022689350322     0.3002283055047711
15.77322272567076     0.20838927669480922
15.81242276199119     0.1616801918756799
15.851622798311627     0.1529545273196921
15.890822834632058     0.17587037255775623
15.930022870952495     0.22455131345493984
15.969222907272933     0.29217016750544383
16.008422943593363     0.36960106925401437
16.0476229799138     0.44517183832584883
16.086823016234238     0.5060283811058721
16.126023052554668     0.540822911891117
16.165223088875106     0.5426861532257795
16.204423125195536     0.5111613523463576
16.243623161515973     0.4521869584707111
16.28282319783641     0.3761194602443536
16.32202323415684     0.2946662763211086
16.36122327047728     0.2179621991268825
16.40042330679771     0.1527452895929133
16.439623343118146     0.10193822121661905
16.478823379438584     0.06533488999311673
16.518023415759014     0.04080431577609232
16.55722345207945     0.02547450281578468
16.59642348839989     0.016595132626765232
16.63562352472032     0.012023611084186921
16.674823561040757     0.010430559793734365
16.714023597361187     0.011358752262984089
16.753223633681625     0.015223251500042627
16.792423670002062     0.023254375220017165
16.831623706322492     0.03730473786776724
16.87082374264293     0.05941384707634395
16.91002377896336     0.09108850870367198
16.949223815283798     0.1324185334911932
16.988423851604235     0.18133865730741827
17.027623887924666     0.2334375025403776
17.066823924245103     0.28258198724953587
17.10602396056554     0.3222754345003485
17.14522399688597     0.3472809292866432
17.184424033206408     0.35487917748091957
17.22362406952684     0.3453308452495315
17.262824105847276     0.32155646600888055
17.302024142167713     0.28842661501434186
17.341224178488144     0.25212015956947487
17.38042421480858     0.21975501911888978
17.41962425112901     0.19914197056933242
17.45882428744945     0.19830506405199932
17.498024323769886     0.22446722021522442
17.537224360090317     0.282483961962226
17.576424396410754     0.373103855979496
17.61562443273119     0.4917632519800861
17.654824469051622     0.6286594940310961
17.69402450537206     0.770430579923042
17.73322454169249     0.9030073843951751
17.772424578012927     1.0145380100243317
17.811624614333365     1.097221914162676
17.850824650653795     1.1475586486308764
17.890024686974233     1.1654518891412708
17.929224723294663     1.153105470412921
17.9684247596151     1.1143688596239767
18.007624795935538     1.0544773144411175
18.046824832255968     0.9796731337786476
18.086024868576406     0.8963697668130046
18.125224904896836     0.8100838868684965
18.164424941217273     0.7247314151649137
18.20362497753771     0.6427158104879078
18.24282501385814     0.5657000491853584
18.28202505017858     0.4955157380738839
18.321225086499016     0.4346540922824325
18.360425122819446     0.38615055876646964
18.399625159139884     0.35308344006279885
18.438825195460314     0.3380435065882168
18.47802523178075     0.34274303294754177
18.51722526810119     0.3676389535638204
18.55642530442162     0.4113416561685516
18.595625340742057     0.46979577867258243
18.634825377062487     0.5356095019478186
18.674025413382925     0.5981679719146452
18.713225449703362     0.6450416877663807
18.752425486023792     0.6646632277848696
18.79162552234423     0.6495298128360476
18.830825558664667     0.5986941611072585
18.870025594985098     0.5183875658948289
18.909225631305535     0.4203448969766922
18.948425667625965     0.31843356142117296
18.987625703946403     0.2249461302319166
19.02682574026684     0.14796019510408676
19.06602577658727     0.09051697905681697
19.105225812907708     0.05146744820428867
19.14442584922814     0.02720793096335808
19.183625885548576     0.013428796655537067
19.222825921869013     0.006315707087679458
19.262025958189444     0.003072130141147494
19.30122599450988     0.0019283343675207036
19.34042603083032     0.0018930088604465177
19.37962606715075     0.0024522485623097974
19.418826103471186     0.0033260530769602305
19.458026139791617     0.004318263309580267
19.497226176112054     0.005256403225419494
19.53642621243249     0.006000545327765401
19.575626248752922     0.006490842116717245
19.61482628507336     0.006797514454443942
19.65402632139379     0.007138198652238409
19.693226357714227     0.007838969176957658
19.732426394034665     0.009235989190154868
19.771626430355095     0.011539748013380449
19.810826466675532     0.014706465156144499
19.85002650299597     0.018372636643274688
19.8892265393164     0.0218985192339208
19.928426575636838     0.024529194124696188
19.967626611957268     0.025627629373034946
20.006826648277706     0.02489063240488642
20.046026684598143     0.022456642305610695
20.085226720918573     0.01886325050651174
20.12442675723901     0.01488697493892835
20.16362679355944     0.011352700664154156
20.20282682987988     0.009001734227471046
20.242026866200316     0.00845726794634984
20.281226902520746     0.01025763469077938
20.320426938841184     0.014881911923208643
20.35962697516162     0.02269358405324624
20.39882701148205     0.033775149041103514
20.43802704780249     0.04769829276801455
20.47722708412292     0.0633380497806629
20.516427120443357     0.07886158775448313
20.555627156763794     0.09198044446717854
20.594827193084225     0.1004526861482481
20.634027229404662     0.10269676329516692
20.673227265725092     0.09829495543754127
20.71242730204553     0.08817685510732567
20.751627338365967     0.07439120973455457
20.790827374686398     0.05954387122776711
20.830027411006835     0.04611198815427721
20.869227447327265     0.03587354840133136
20.908427483647703     0.029615468932445908
20.94762751996814     0.027158948562938
20.98682755628857     0.02763375689514868
21.026027592609008     0.02987565489803432
21.065227628929446     0.03280855078408351
21.104427665249876     0.03569255745861413
21.143627701570313     0.038170370197823156
21.182827737890744     0.04012697589026702
21.22202777421118     0.04146589934981179
21.26122781053162     0.041948034457438096
21.30042784685205     0.041198058914351895
21.339627883172486     0.03887406615682677
21.378827919492917     0.03488815676391918
21.418027955813354     0.02953338365111493
21.45722799213379     0.023435527314762034
21.496428028454222     0.017357710773485604
21.53562806477466     0.011965272740223295
21.574828101095097     0.007662353983893843
21.614028137415527     0.004553083468943328
21.653228173735965     0.002508688504504292
21.692428210056395     0.0012812171527628279
21.731628246376832     0.0006064556654484308
21.77082828269727     0.0002661406093967847
21.8100283190177     0.00010839541511346916
21.849228355338138     4.1080381382274136e-05
21.888428391658568     1.4576070355637485e-05
21.927628427979005     4.908447028792804e-06
21.966828464299443     1.6129193719446297e-06
22.006028500619873     5.422233936323615e-07
22.04522853694031     1.9705797332451026e-07
22.084428573260748     7.934049723937487e-08
22.12362860958118     3.43424609905586e-08
22.162828645901616     1.5113137177388997e-08
22.202028682222046     6.463245032588063e-09
22.241228718542484     2.617599007405367e-09
22.28042875486292     9.914666075413891e-10
22.31962879118335     3.4924929961006747e-10
22.35882882750379     1.141342133642715e-10
22.39802886382422     3.456729289205029e-11
22.437228900144657     9.698197876866084e-12
22.476428936465094     2.5200600579603493e-12
22.515628972785525     6.064432119687566e-13
22.554829009105962     1.3514937117503125e-13
22.5940290454264     2.7891784332159984e-14
22.63322908174683     5.33057781638485e-15
22.672429118067267     9.434238861618004e-16
22.711629154387698     1.5462280950248924e-16
22.750829190708135     2.3467897732196818e-17
22.790029227028572     3.298455681270487e-18
22.829229263349003     4.294791904232775e-19
22.86842929966944     5.3322889248189656e-20
22.90762933598987     1.9858789767369467e-20
22.946829372310308     1.170861848398915e-19
22.986029408630746     8.923558637911807e-19
23.025229444951176     6.329484777909008e-18
23.064429481271613     4.157754004034203e-17
23.10362951759205     2.529196607454339e-16
23.14282955391248     1.4247524922541618e-15
23.18202959023292     7.4324036921789e-15
23.22122962655335     3.590477302435975e-14
23.260429662873786     1.60623139754476e-13
23.299629699194224     6.65421863591152e-13
23.338829735514654     2.5528132862048034e-12
23.37802977183509     9.069306234580606e-12
23.417229808155522     2.983747797063996e-11
23.45642984447596     9.090404023236864e-11
23.495629880796397     2.5647042413799806e-10
23.534829917116827     6.700765563042166e-10
23.574029953437265     1.6212298334914376e-09
23.613229989757695     3.632434397524626e-09
23.652430026078132     7.536748126829635e-09
23.69163006239857     1.448115670269428e-08
23.730830098719     2.5766506162376987e-08
23.770030135039438     4.245617297071166e-08
23.809230171359875     6.478272071078777e-08
23.848430207680305     9.153992492633985e-08
23.887630244000743     1.1978293485756e-07
23.926830280321173     1.4514844139986314e-07
23.96603031664161     1.6287815190459329e-07
24.005230352962048     1.692568750643269e-07
