-23.347177441042337     0.7940593851751424
-23.307978350030545     0.7648078815317737
-23.268779259018753     0.6833471622529181
-23.229580168006965     0.5683448484310423
-23.190381076995173     0.4444637277701526
-23.15118198598338     0.3361499345438846
-23.11198289497159     0.26323546882680915
-23.072783803959798     0.23936330542495313
-23.033584712948006     0.2724705230976844
-22.994385621936217     0.36569750560402897
-22.955186530924426     0.5174944469064333
-22.915987439912634     0.720855976601856
-22.876788348900842     0.9626229784180697
-22.83758925788905     1.2239947027224165
-22.79839016687726     1.4827734285942562
-22.75919107586547     1.716939114820715
-22.719991984853678     1.9085447575415009
-22.680792893841886     2.046917057257671
-22.641593802830094     2.13056491123484
-22.602394711818302     2.167635127613743
-22.563195620806514     2.1749073092537
-22.523996529794722     2.175177255826843
-22.48479743878293     2.192736132599153
-22.44559834777114     2.246977088798284
-22.406399256759347     2.3452427722157863
-22.367200165747555     2.4774974286784093
-22.328001074735766     2.616093348840239
-22.288801983723975     2.722559508244359
-22.249602892712183     2.7599875882368363
-22.21040380170039     2.706140659855636
-22.1712047106886     2.561513701509456
-22.13200561967681     2.3493023619197584
-22.09280652866502     2.108779093742882
-22.053607437653227     1.8865333612864017
-22.014408346641435     1.7293287100602488
-21.975209255629643     1.67903983001818
-21.93601016461785     1.7674702839436167
-21.896811073606063     2.009286821334882
-21.85761198259427     2.394463563761131
-21.81841289158248     2.884689243803048
-21.779213800570687     3.418245859389663
-21.740014709558896     3.9242344453005717
-21.700815618547104     4.341823322983438
-21.661616527535315     4.636890514446682
-21.622417436523524     4.809387784480092
-21.58321834551173     4.889489649588021
-21.54401925449994     4.926038193288461
-21.504820163488148     4.973468892393776
-21.46562107247636     5.081927462615596
-21.426421981464568     5.291325271690231
-21.387222890452776     5.626945993713739
-21.348023799440984     6.094296720981306
-21.308824708429192     6.673882245738795
-21.2696256174174     7.319765884500306
-21.230426526405612     7.966128052860049
-21.19122743539382     8.542515359052867
-21.15202834438203     8.99305206410452
-21.112829253370236     9.291371056052142
-21.073630162358445     9.444375375531946
-21.034431071346653     9.483866471811007
-20.995231980334864     9.451838641085768
-20.956032889323073     9.388212392201828
-20.91683379831128     9.326919207215012
-20.87763470729949     9.299693053088353
-20.838435616287697     9.341319999620264
-20.79923652527591     9.489115525716059
-20.760037434264117     9.77333282787487
-20.720838343252325     10.201328919353681
-20.681639252240533     10.743082255100814
-20.64244016122874     11.326668823132641
-20.603241070216953     11.84903142302228
-20.56404197920516     12.201073759152715
-20.52484288819337     12.299485908582927
-20.485643797181577     12.114029768574529
-20.446444706169785     11.68037362614548
-20.407245615157994     11.094282294681017
-20.3680465241462     10.489806591836093
-20.328847433134413     10.008603864498022
-20.28964834212262     9.76844159062519
-20.25044925111083     9.837633258386253
-20.211250160099038     10.220535865373126
-20.172051069087246     10.857711925892822
-20.132851978075458     11.641857710775653
-20.093652887063666     12.44638978964103
-20.054453796051874     13.158737636528814
-20.015254705040082     13.707425625225648
-19.97605561402829     14.07320015310126
-19.936856523016502     14.28022682143172
-19.89765743200471     14.371865598998568
-19.858458340992918     14.382956530268443
-19.819259249981126     14.32270928624409
-19.780060158969334     14.17695192338223
-19.740861067957542     13.92761475761639
-19.70166197694575     13.576949631779941
-19.662462885933962     13.160781076845222
-19.62326379492217     12.741531183355953
-19.58406470391038     12.383929938246649
-19.544865612898587     12.126483992372743
-19.505666521886795     11.963849799161247
-19.466467430875007     11.848760162176042
-19.427268339863215     11.711810710873923
-19.388069248851423     11.489376000556208
-19.34887015783963     11.147857215891127
-19.30967106682784     10.696029566576659
-19.27047197581605     10.183297658781452
-19.23127288480426     9.686666624734777
-19.192073793792467     9.291381213320873
-19.152874702780675     9.069918691507231
-19.113675611768883     9.063051222374048
-19.07447652075709     9.266340350099634
-19.0352774297453     9.625576176644556
-18.99607833873351     10.044052089323824
-18.95687924772172     10.402042287879302
-18.917680156709928     10.584715677302258
-18.878481065698136     10.510874659467603
-18.839281974686344     10.153665087833277
-18.800082883674555     9.546771349154525
-18.760883792662764     8.774482481814157
-18.72168470165097     7.949047019925343
-18.68248561063918     7.182077292036102
-18.643286519627388     6.557966394078063
-18.6040874286156     6.116646989785242
-18.564888337603808     5.850567396746213
-18.525689246592016     5.716351413869385
-18.486490155580224     5.6561806533450545
-18.447291064568432     5.619997907963758
-18.408091973556644     5.579758735604177
-18.36889288254485     5.531460358337777
-18.32969379153306     5.486859802174384
-18.29049470052127     5.460905305494542
-18.251295609509476     5.461023782907546
-18.212096518497685     5.481610960857002
-18.172897427485893     5.504006165495766
-18.133698336474104     5.500691283762618
-18.094499245462313     5.442248258510066
-18.05530015445052     5.305503306217139
-18.01610106343873     5.080677806420647
-17.976901972426937     4.774953024895842
-17.93770288141515     4.410721490743016
-17.898503790403357     4.019019177037724
-17.859304699391565     3.630920449710897
-17.820105608379773     3.2704305062022323
-17.78090651736798     2.951128852720909
-17.741707426356193     2.676526447500264
-17.702508335344397     2.442443513037746
-17.66330924433261     2.2396312382473287
-17.624110153320817     2.055972655558715
-17.584911062309025     1.8787159052628803
-17.545711971297234     1.6973484680631818
-17.50651288028544     1.5068695957755718
-17.467313789273653     1.3101579596099415
-17.42811469826186     1.1178282437885765
-17.38891560725007     0.9448437987027791
-17.349716516238278     0.80479209357771
-17.310517425226486     0.7041648676239203
-17.271318334214698     0.6392944580606285
-17.232119243202906     0.5974841609672102
-17.192920152191114     0.5618686690062913
-17.153721061179322     0.5177356162646612
-17.11452197016753     0.4574338395469458
-17.075322879155742     0.38189397236118483
-17.036123788143946     0.2986080594020837
-16.996924697132158     0.21757095293629872
-16.957725606120366     0.14730437925685289
-16.918526515108574     0.09252805142193533
-16.879327424096783     0.05387746446206626
-16.84012833308499     0.029068102164421485
-16.800929242073202     0.01452756123603459
-16.76173015106141     0.00672473974316113
-16.72253106004962     0.002882917467110955
-16.683331969037827     0.0011445766967695839
-16.644132878026035     0.0004208270466242286
-16.604933787014247     0.0001432857432808677
-16.565734696002455     4.517934111664643e-05
-16.526535604990663     1.319206287311843e-05
-16.48733651397887     3.5671429684751763e-06
-16.44813742296708     8.932289523968075e-07
-16.40893833195529     2.071282116454028e-07
-16.3697392409435     4.447846084545581e-08
-16.330540149931707     8.844925688121551e-09
-16.291341058919915     1.6288178550456323e-09
-16.252141967908123     2.777696055269789e-10
-16.21294287689633     4.386627686785347e-11
-16.17374378588454     6.4152069813157594e-12
-16.13454469487275     8.6880919870009e-13
-16.09534560386096     1.0896122694384784e-13
-16.056146512849168     1.265474490423796e-14
-16.016947421837376     1.3610329518247607e-15
-15.977748330825586     1.355556798196718e-16
-15.938549239813794     1.2502608521542162e-17
-15.899350148802004     1.0678675276055335e-18
-15.860151057790212     8.446328375681015e-20
-15.82095196677842     6.186604843531971e-21
-15.781752875766628     4.1963395913850187e-22
-15.742553784754838     2.6358622483037313e-23
-15.703354693743048     1.5332353813580095e-24
-15.664155602731256     8.260849815110296e-26
-15.624956511719464     4.547327760680565e-27
-15.585757420707672     9.424728527356529e-27
-15.54655832969588     1.8474113690403349e-25
-15.50735923868409     3.422263353051922e-24
-15.4681601476723     5.8710547801149e-23
-15.428961056660508     9.327230578386465e-22
-15.389761965648717     1.3722180494084152e-20
-15.350562874636925     1.8695082058941304e-19
-15.311363783625135     2.358660629200318e-18
-15.272164692613343     2.7557345028538512e-17
-15.232965601601553     2.9815570492696226e-16
-15.19376651058976     2.987326608412244e-15
-15.154567419577969     2.7717632013267824e-14
-15.115368328566179     2.381570136992083e-13
-15.076169237554387     1.8949792600253814e-12
-15.036970146542595     1.3963020643362187e-11
-14.997771055530805     9.527701292666248e-11
-14.958571964519013     6.020474476877487e-10
-14.919372873507221     3.52295535926308e-09
-14.880173782495431     1.9090504012783705e-08
-14.84097469148364     9.579911182293162e-08
-14.801775600471847     4.4518385379058765e-07
-14.762576509460057     1.9158043744037826e-06
-14.723377418448266     7.634783922460503e-06
-14.684178327436475     2.817579467869639e-05
-14.644979236424684     9.62918279811569e-05
-14.605780145412892     0.0003047449536414906
-14.566581054401102     0.0008931356983307532
-14.52738196338931     0.0024239977289672557
-14.488182872377518     0.006092293326123608
-14.448983781365728     0.014179575925117496
-14.409784690353936     0.03056184244635655
-14.370585599342144     0.06099998239543348
-14.331386508330354     0.11274930403358907
-14.292187417318562     0.19298887833917697
-14.25298832630677     0.3059043853314862
-14.21378923529498     0.4490309367390563
-14.174590144283188     0.6103936053376983
-14.135391053271398     0.7684291430706656
-14.096191962259606     0.8959956861763517
-14.056992871247814     0.9679493276648692
-14.017793780236024     0.9696852204218296
-13.978594689224233     0.9030980329584493
-13.93939559821244     0.7874575544495477
-13.90019650720065     0.6552018800473941
-13.860997416188859     0.54496560461208
-13.821798325177067     0.49471323218644714
-13.782599234165277     0.5364080864272822
-13.743400143153485     0.6915507531184417
-13.704201052141693     0.9660628829446866
-13.665001961129903     1.3443399662893647
-13.625802870118111     1.7850149928043055
-13.586603779106321     2.2228221743056356
-13.54740468809453     2.57981853540904
-13.508205597082737     2.7848867636253742
-13.469006506070947     2.7952018312222173
-13.429807415059155     2.610739529600816
-13.390608324047363     2.275170299083106
-13.351409233035573     1.8626428375317357
-13.312210142023782     1.456322528423588
-13.27301105101199     1.1273555202543022
-13.2338119600002     0.9210516692291603
-13.194612868988408     0.8525128162277168
-13.155413777976616     0.909884249942672
-13.116214686964826     1.0618264899074243
-13.077015595953034     1.266412928306424
-13.037816504941242     1.4799095496041867
-12.998617413929452     1.6645803613538122
-12.95941832291766     1.7946728463755026
-12.92021923190587     1.8596196508679628
-12.881020140894078     1.8636934176085336
-12.841821049882286     1.821969666902459
-12.802621958870496     1.7534376510402234
-12.763422867858704     1.6732908407359703
-12.724223776846912     1.5873004544731137
-12.685024685835122     1.4908721756733665
-12.64582559482333     1.3734530294804914
-12.606626503811539     1.2261455819137557
-12.567427412799749     1.0484774443689295
-12.528228321787957     0.8507259365468144
-12.489029230776165     0.6508332828491679
-12.449830139764375     0.4679846632685366
-12.410631048752583     0.31638959252170684
-12.371431957740793     0.20203667686713342
-12.332232866729     0.1230969375821236
-12.293033775717209     0.07276951009840442
-12.253834684705419     0.04267343462704112
-12.214635593693627     0.02535291919804153
-12.175436502681835     0.015405098293488352
-12.136237411670045     0.009494737879887217
-12.097038320658253     0.005813068332186478
-12.057839229646461     0.003455082195567505
-12.018640138634671     0.001958942372786609
-11.97944104762288     0.001051925827273694
-11.940241956611088     0.0005471426096796717
-11.901042865599297     0.00031912372106947137
-11.861843774587506     0.00031075922827611695
-11.822644683575716     0.0005535055919077713
-11.783445592563924     0.0012006176256144114
-11.744246501552132     0.0025768417761793724
-11.705047410540342     0.005241243276244452
-11.66584831952855     0.010048524294760212
-11.626649228516758     0.018186288240618496
-11.587450137504968     0.031171104837154164
-11.548251046493176     0.050812048196512326
-11.509051955481384     0.0791909647512305
-11.469852864469594     0.11873704056991209
-11.430653773457802     0.1724467876945479
-11.39145468244601     0.24419100113930794
-11.35225559143422     0.3388844370590317
-11.313056500422428     0.46216874711615547
-11.273857409410637     0.6192950601049186
-11.234658318398846     0.8131440402354566
-11.195459227387055     1.0417205868023693
-11.156260136375264     1.2958557863150517
-11.117061045363473     1.5580948812096451
-11.07786195435168     1.8037421354899281
-11.03866286333989     2.004667751534794
-10.999463772328099     2.135676406053657
-10.960264681316307     2.1821068695995045
-10.921065590304517     2.1463465964149373
-10.881866499292725     2.0507531854663523
-10.842667408280933     1.9353998011146047
-10.803468317269143     1.8507368762496823
-10.764269226257351     1.8468645697866
-10.72507013524556     1.9620225156328222
-10.68587104423377     2.2131007561727785
-10.646671953221977     2.5907274705033374
-10.607472862210187     3.0608042530367845
-10.568273771198395     3.5729491264050277
-10.529074680186604     4.0741760096938195
-10.489875589174813     4.524042700478731
-10.450676498163022     4.9065533184754635
-10.41147740715123     5.234859793601241
-10.37227831613944     5.546856639595258
-10.333079225127648     5.892281833956273
-10.293880134115856     6.314433693240204
-10.254681043104066     6.83184682710955
-10.215481952092274     7.426533024449813
-10.176282861080482     8.04441057938271
-10.137083770068692     8.609584618172436
-10.0978846790569     9.048308691298047
-10.05868558804511     9.313621389819474
-10.019486497033318     9.400699835857452
-9.980287406021526     9.346790979793864
-9.941088315009736     9.216357664920412
-9.901889223997944     9.078357041842866
-9.862690132986152     8.985259133901202
-9.823491041974362     8.961460522763684
-9.78429195096257     9.00359771201568
-9.745092859950779     9.089862814105244
-9.705893768938989     9.192403614042066
-9.666694677927197     9.287172493886453
-9.627495586915405     9.358309300518602
-9.588296495903615     9.397628030091198
-9.549097404891823     9.402471163536793
-9.509898313880031     9.375936342372178
-9.470699222868241     9.331633204092183
-9.431500131856449     9.301192877874323
-9.392301040844659     9.338874039942253
-9.353101949832867     9.516744666358518
-9.313902858821075     9.907614237223406
-9.274703767809285     10.559560538288125
-9.235504676797493     11.471581375973376
-9.196305585785701     12.581169166738066
-9.157106494773911     13.770910675263464
-9.11790740376212     14.894616067180197
-9.078708312750328     15.816504942259225
-9.039509221738538     16.45131371639551
-9.000310130726746     16.79043836164004
-8.961111039714954     16.90173992881571
-8.921911948703164     16.899972357434724
-8.882712857691372     16.898524940773967
-8.843513766679582     16.964093065527855
-8.80431467566779     17.096148714441863
-8.765115584655998     17.240678110740866
-8.725916493644208     17.329261224788702
-8.686717402632416     17.321412492820926
-8.647518311620624     17.228010497007645
-8.608319220608834     17.105824993127545
-8.569120129597042     17.029510695553828
-8.52992103858525     17.058502775892773
-8.49072194757346     17.216741299391177
-8.451522856561668     17.49401887480618
-8.412323765549877     17.864781150256903
-8.373124674538087     18.310853196185512
-8.333925583526295     18.834055579426167
-8.294726492514503     19.45283341844526
-8.255527401502713     20.187884928653563
-8.21632831049092     21.047521260054523
-8.17712921947913     22.02051720189466
-8.137930128467339     23.07618914944785
-8.098731037455547     24.166003379557303
-8.059531946443757     25.222824654420922
-8.020332855431965     26.16052452730954
-7.981133764420173     26.881141398071083
-7.941934673408383     27.294193336282223
-7.902735582396591     27.344382012210954
-7.863536491384799     27.03585688427773
-7.824337400373009     26.43934830254965
-7.785138309361217     25.674695057214205
-7.745939218349426     24.872791230144284
-7.7067401273376355     24.1320360754426
-7.667541036325844     23.488854075282525
-7.6283419453140535     22.91610527591287
-7.589142854302262     22.348906081371318
-7.54994376329047     21.722254851308527
-7.51074467227868     20.998880679443214
-7.471545581266888     20.1738659217832
-7.432346490255096     19.25965122536067
-7.393147399243306     18.26838101613434
-7.353948308231514     17.20789561225254
-7.314749217219724     16.093930398692248
-7.275550126207932     14.96589959144421
-7.23635103519614     13.889528717115805
-7.197151944184348     12.939416846826335
-7.1579528531725565     12.169859862205902
-7.118753762160768     11.591027545023051
-7.079554671148976     11.164222295234774
-7.040355580137184     10.818262897567621
-7.001156489125393     10.477668420104441
-6.961957398113601     10.08878222050018
-6.922758307101809     9.633180979162493
-6.8835592160900205     9.125200278100825
-6.844360125078229     8.597703770441194
-6.805161034066437     8.084328745513632
-6.765961943054645     7.606470167995657
-6.726762852042853     7.16993353815681
-6.687563761031065     6.771135029628683
-6.648364670019273     6.408040383746765
-6.609165579007481     6.0887388133150555
-6.569966487995689     5.831853852996575
-6.530767396983897     5.657504122540221
-6.491568305972105     5.573073425699589
-6.452369214960317     5.561605256354907
-6.413170123948525     5.580020746918599
-6.373971032936733     5.569669185132157
-6.3347719419249415     5.475444882100336
-6.29557285091315     5.265317211074339
-6.256373759901358     4.94202600146865
-6.2171746688895695     4.542826140993805
-6.177975577877778     4.129081742336921
-6.138776486865986     3.7718671127071697
-6.099577395854194     3.540215888797362
-6.060378304842402     3.495258745933982
-6.021179213830614     3.688423391104619
-5.981980122818822     4.158323078330163
-5.94278103180703     4.921376431485568
-5.903581940795238     5.95593744544477
-5.864382849783446     7.186532606794159
-5.825183758771654     8.479530548324487
-5.785984667759866     9.660118609384783
-5.746785576748074     10.551671287035408
-5.707586485736282     11.026138693262826
-5.6683873947244905     11.045261824461837
-5.629188303712699     10.673644591318633
-5.58998921270091     10.056580616227594
-5.5507901216891185     9.371698426757998
-5.511591030677327     8.774748263365398
-5.472391939665535     8.360399258227657
-5.433192848653743     8.149772219626813
-5.393993757641951     8.103759685583368
-5.354794666630163     8.151565158588202
-5.315595575618371     8.220665623168966
-5.276396484606579     8.257175459058084
-5.237197393594787     8.231934997846864
-5.197998302582995     8.134693620537968
-5.158799211571203     7.963771062345307
-5.119600120559415     7.719364412888131
-5.080401029547623     7.404690172422342
-5.041201938535831     7.032651312867227
-5.0020028475240395     6.631022476171883
-4.962803756512248     6.2397575488929355
-4.923604665500459     5.899674842444951
-4.884405574488667     5.638293719005695
-4.8452064834768755     5.461089552178424
-4.806007392465084     5.353122805755068
-4.766808301453292     5.289440778914252
-4.7276092104415     5.247538158556755
-4.688410119429712     5.214769010707 
-4.64921102841792     5.187688031039917
-4.610011937406128     5.1657033793747695
-4.570812846394336     5.144526564783242
-4.531613755382544     5.114060925453284
-4.492414664370752     5.061733572076508
-4.453215573358964     4.978637502485639
-4.414016482347172     4.864500044107354
-4.37481739133538     4.728763739282347
-4.335618300323588     4.587558604328615
-4.2964192093117965     4.45835217143107
-4.257220118300008     4.354773315127477
-4.218021027288216     4.283681556943862
-4.1788219362764245     4.245456244107381
-4.139622845264633     4.237025131966422
-4.100423754252841     4.2557134118602065
-4.061224663241049     4.301299448970406
-4.022025572229261     4.374470089075434
-3.9828264812174687     4.472133922219012
-3.943627390205677     4.582509224759488
-3.904428299193885     4.683756939833041
-3.865229208182093     4.748266839875763
-3.826030117170305     4.751397897702436
-3.786831026158513     4.680651385484 
-3.747631935146721     4.54074567429136
-3.7084328441349292     4.352115025153245
-3.6692337531231374     4.143633991498274
-3.6300346621113455     3.9430135338825787
-3.590835571099557     3.7690786038165713
-3.5516364800877653     3.628863632610734
-3.5124373890759735     3.519923809674954
-3.4732382980641816     3.4357390811708717
-3.4340392070523897     3.3708660627109475
-3.394840116040598     3.323221785611955
-3.3556410250288096     3.2930773871127768
-3.3164419340170177     3.280516438283564
-3.277242843005226     3.2837595399147994
-3.238043751993434     3.2995057626670774
-3.198844660981642     3.324414876760254
-3.159645569969854     3.3557689046238908
-3.120446478958062     3.390093946944483
-3.08124738794627     3.4204375136660596
-3.042048296934478     3.434485167358551
-3.0028492059226863     3.415558023908249
-2.9636501149108945     3.346850524059674
-2.924451023899106     3.217240432017676
-2.8852519328873143     3.0259603370022936
-2.8460528418755224     2.7839342529323274
-2.8068537508637306     2.511237591923179
-2.7676546598519387     2.2319351155141276
-2.728455568840147     1.9685478878908196
-2.6892564778283585     1.7381920109065299
-2.6500573868165667     1.5512833898154244
-2.610858295804775     1.4123359792540346
-2.571659204792983     1.3215538550226045
-2.532460113781191     1.2760061520607162
-2.4932610227694028     1.2699795637771742
-2.454061931757611     1.2950015166027962
-2.414862840745819     1.3403849215045585
-2.375663749734027     1.394743594837271
-2.3364646587222353     1.4481020065470935
-2.2972655677104434     1.4936133478749636
-2.258066476698655     1.5279809743434247
-2.2188673856868633     1.5504179901126731
-2.1796682946750714     1.5608695573807345
-2.1404692036632795     1.5586487680164318
-2.1012701126514877     1.5423143699642001
-2.0620710216396994     1.5107770501768627
-2.0228719306279075     1.464827042416692
-1.9836728396161156     1.4080351355038667
-1.9444737486043238     1.346405724544702
-1.905274657592532     1.2869330807580592
-1.86607556658074     1.2358201730280318
-1.8268764755689517     1.197207382503655
-1.7876773845571599     1.1728331196209598
-1.748478293545368     1.162437643892887
-1.7092792025335761     1.1643391071123539
-1.6700801115217843     1.1756882659868189
-1.6308810205099924     1.1923538592533942
-1.591681929498204     1.2088574943590857
-1.5524828384864122     1.218899130831632
-1.5132837474746204     1.2166659712699843
-1.4740846564628285     1.1985186482289383
-1.4348855654510366     1.164227220292481
-1.3956864744392483     1.1170200429451766
-1.3564873834274565     1.062298347478494
-1.3172882924156646     1.0055914057817206
-1.2780892014038727     0.950717728058586
-1.2388901103920809     0.8989460858976521
-1.199691019380289     0.8493660569881245
-1.1604919283685007     0.8000724414822891
-1.1212928373567088     0.7494795466328138
-1.082093746344917     0.6971877329627013
-1.042894655333125     0.6441600700544152
-1.0036955643213332     0.5922984092178255
-0.9644964733095414     0.5436967890304086
-0.925297382297753     0.49988700702427186
-0.8860982912859612     0.4613323926082133
-0.8468992002741693     0.42732019391810894
-0.8077001092623775     0.39627294569921323
-0.7685010182505856     0.36636259803632526
-0.7293019272387973     0.3362024371051873
-0.6901028362270054     0.30535610123047013
-0.6509037452152135     0.2744684097194026
-0.6117046542034217     0.24497328522284656
-0.5725055631916298     0.21850713288242557
-0.533306472179838     0.1962719832424644
-0.49410738116804964     0.17859923954312457
-0.4549082901562578     0.1648653329389995
-0.4157091991444659     0.15375754558908503
-0.37651010813267405     0.14375157589148765
-0.3373110171208822     0.13359595357326617
-0.29811192610909387     0.12262149284746741
-0.258912835097302     0.11078857425933475
-0.21971374408551014     0.09850477556655302
-0.18051465307371828     0.08633500909682477
-0.14131556206192641     0.07474777691476311
-0.10211647105013455     0.06399298382737384
-0.06291738003834624     0.054123307722256424
-0.023718289026554373     0.04510040935776526
0.015480801985237491     0.03690248669777706
0.054679892997029356     0.029573359296249054
0.09387898400882122     0.023201697836503523
0.13307807502061308     0.01786067296225609
0.1722771660324014     0.013552742186425866
0.21147625704419326     0.010190758416828656
0.2506753480559851     0.007619687552216516
0.289874439067777     0.005661043393652747
0.32907353007956885     0.004155270629563945
0.36827262109135717     0.0029849992673477324
0.40747171210314903     0.0020759922723252886
0.4466708031149409     0.0013836339790087467
0.48586989412673276     0.0008763397918127403
0.5250689851385246     0.0005241688629472526
0.5642680761503165     0.00029519549068219084
0.6034671671621048     0.00015774091173143234
0.6426662581738967     8.515552685315823e-05
0.6818653491856885     6.100503664649905e-05
0.7210644401974804     8.465316292272676e-05
0.7602635312092723     0.0001787598155236154
0.7994626222210641     0.00040003912549599514
0.8386617132328524     0.0008521728993734031
0.8778608042446443     0.0016951763928815676
0.9170598952564362     0.0031402791379650154
0.956258986268228     0.005417026715454048
0.9954580772800199     0.008704519848847948
1.0346571682918082     0.013034203112880241
1.0738562593036     0.01819385818126589
1.113055350315392     0.023679890372589326
1.1522544413271838     0.028742568516715677
1.1914535323389757     0.03253847584014834
1.2306526233507675     0.03435466040299406
1.2698517143625558     0.03382508198053713
1.3090508053743477     0.031050202400452146
1.3482498963861396     0.026566519663848875
1.3874489873979314     0.021178386858894487
1.4266480784097233     0.015723918006569013
1.4658471694215116     0.010867907814600829
1.5050462604333035     0.0069895530857607205
1.5442453514450953     0.004180942302700257
1.5834444424568872     0.0023251153556043715
1.622643533468679     0.0012019733783293599
1.661842624480471     0.0005783435470261732
1.7010417154922592     0.00026155376806887037
1.740240806504051     0.00011768866858020647
1.779439897515843     6.714847565613812e-05
1.8186389885276348     7.104101223871658e-05
1.8578380795394267     0.00011708753005032184
1.8970371705512186     0.00020810299798445093
1.9362362615630069     0.00035254798333548025
1.9754353525747987     0.0005558125610528186
2.0146344435865906     0.0008121395522473361
2.0538335345983825     0.0010990813356344165
2.0930326256101743     0.001377472354508152
2.1322317166219626     0.001598825595956781
2.1714308076337545     0.0017188593121905678
2.2106298986455464     0.0017122539684730133
2.2498289896573382     0.0015822502992238739
2.28902808066913     0.00136077687025193
2.328227171680922     0.0010994455787770707
2.3674262626927103     0.0008560301363042519
2.406625353704502     0.00068220809562515
2.445824444716294     0.0006159507872551115
2.485023535728086     0.0006781017156245509
2.5242226267398777     0.0008703902506445598
2.5634217177516696     0.0011730168338706926
2.602620808763458     0.0015431201041480986
2.64181989977525     0.0019181128746714972
2.6810189907870416     0.0022273891807536765
2.7202180817988335     0.0024117854094774273
2.7594171728106254     0.0024448061132760312
2.7986162638224137     0.002346761505475957
2.8378153548342056     0.0021849904421301727
2.8770144458459974     0.002059351843602879
2.9162135368577893     0.0020785793614349836
2.955412627869581     0.0023363129327073273
2.994611718881373     0.002894420086983242
3.0338108098931613     0.0037770063271516333
3.073009900904953     0.0049737927852541025
3.112208991916745     0.006448330549829022
3.151408082928537     0.008145808667422582
3.1906071739403288     0.009997019107733835
3.229806264952117     0.011918407927702926
3.269005355963909     0.013811222999543347
3.308204446975701     0.015563700857213739
3.3474035379874927     0.01705850280937153
3.3866026289992845     0.018184607364348064
3.4258017200110764     0.01885081208907201
3.4650008110228647     0.018998058573372393
3.5041999020346566     0.01860919078841933
3.5433989930464485     0.017715694511618432
3.5825980840582403     0.01640040066638024
3.621797175070032     0.01479373804708832
3.660996266081824     0.013060727548368574
3.7001953570936124     0.011378066940930517
3.7393944481054042     0.00990524945760642
3.778593539117196     0.008758393855453244
3.817792630128988     0.007996745066559027
3.85699172114078     0.007627154437422423
3.896190812152568     0.007622582455666395
3.93538990316436     0.007942333246689201
3.974588994176152     0.008540780974515506
4.013788085187944     0.009359872248989643
4.052987176199736     0.010313650256563762
4.0921862672115275     0.01128113274209954
4.131385358223316     0.012120390115056801
4.170584449235108     0.012703102417511348
4.2097835402468995     0.012954402521821468
4.248982631258691     0.01287769007240231
4.288181722270483     0.012551916572505381
4.327380813282275     0.01210384779401845
4.366579904294063     0.011669556888093019
4.405778995305855     0.011360877729618572
4.444978086317647     0.011245027633715371
4.484177177329439     0.01133646848226563
4.523376268341231     0.011596112593959127
4.562575359353019     0.011935331569503396
4.601774450364811     0.012226713679772695
4.640973541376603     0.012324998433131909
4.680172632388395     0.012098088698279505
4.719371723400187     0.011461618784915483
4.7585708144119785     0.010405623790691813
4.797769905423767     0.009002169575208278
4.836968996435559     0.007389179926613776
4.8761680874473505     0.005735307197799938
4.915367178459142     0.004198507077410522
4.954566269470934     0.0028928053325183193
4.993765360482723     0.0018729021165986974
5.032964451494514     0.0011378758970823392
5.072163542506306     0.0006479773865755006
5.111362633518098     0.000345518721613472
5.15056172452989     0.00017235824557312472
5.189760815541682     8.036560039389247e-05
5.22895990655347     3.4997255266714054e-05
5.268158997565262     1.4222936457169949e-05
5.307358088577054     5.39091503883819e-06
5.346557179588846     1.9080056791921453e-06
5.385756270600638     6.503748826841884e-07
5.4249553616124295     3.1611731776649246e-07
5.464154452624218     6.448871341935342e-07
5.50335354363601     2.6067214712946544e-06
5.542552634647802     1.0545018314705473e-05
5.581751725659593     3.969742454274997e-05
5.620950816671385     0.00013843318115298127
5.660149907683174     0.0004470537320429537
5.6993489986949655     0.0013369450574112402
5.738548089706757     0.003702552779942916
5.777747180718549     0.009495608309157326
5.816946271730341     0.022551641523067444
5.856145362742133     0.04959836507357164
5.895344453753921     0.10101605322187333
5.934543544765713     0.19052293599349757
5.973742635777505     0.3327652507431699
6.012941726789297     0.5382233131689614
6.052140817801089     0.8061593140533645
6.091339908812881     1.1181835027590665
6.130538999824669     1.4362800195562302
6.169738090836461     1.7084370892711849
6.208937181848253     1.8818833386478997
6.2481362728600445     1.9196419726029637
6.287335363871836     1.8133498924329174
6.326534454883625     1.586268932206593
6.3657335458954165     1.2850080841862728
6.404932636907208     0.9639815795217204
6.444131727919      0.6696770938842058
6.483330818930792     0.4308201297855918
6.522529909942584     0.25666128485087214
6.561729000954372     0.14159847456287145
6.600928091966164     0.0723420181508615
6.640127182977956     0.034226028891028534
6.679326273989748     0.014995343274470208
6.71852536500154     0.006084045576944808
6.757724456013332     0.002286089439803659
6.79692354702512     0.000796232210843252
6.836122638036912     0.00026006128243422603
6.875321729048704     9.157554592775937e-05
6.9145208200604955     7.686191902583405e-05
6.953719911072287     0.00019577091673394579
6.992919002084076     0.0006034104075152086
7.0321180930958676     0.0017639951642029923
7.071317184107659     0.0047841739192817645
7.110516275119451     0.01201742973202474
7.149715366131243     0.027954864382258703
7.188914457143035     0.06022011059534056
7.228113548154823     0.12013391898725723
7.267312639166615     0.22193836600679995
7.306511730178407     0.37970447951628933
7.345710821190199     0.601604928134107
7.384909912201991     0.8827499123480831
7.424109003213779     1.199600540548598
7.463308094225571     1.5098220086443916
7.502507185237363     1.7600715541979093
7.541706276249155     1.9005847743651085
7.5809053672609465     1.9012989981905788
7.620104458272738     1.7623791573553829
7.659303549284527     1.5140957327203768
7.698502640296319     1.206138450205364
7.7377017313081105     0.8915238127624382
7.776900822319902     0.6122058104629531
7.816099913331694     0.39151936230748596
7.855299004343486     0.23445273694468316
7.894498095355274     0.13319606580279084
7.933697186367066     0.0741487316729677
7.972896277378858     0.04346918267349426
8.01209536839065     0.030047462744930656
8.051294459402442     0.02623789979778102
8.09049355041423     0.02730039979432752
8.129692641426022     0.030429789664767767
8.168891732437814     0.033908509027643384
8.208090823449606     0.03659199466715803
8.247289914461398     0.03772333031143496
8.28648900547319     0.03695834485883467
8.325688096484978     0.03443853294215619
8.36488718749677     0.03077147029324096
8.404086278508561     0.026857561626541477
8.443285369520353     0.023602778412286328
8.482484460532145     0.021629409873782746
8.521683551543937     0.02110660286729517
8.560882642555725     0.021770868789542038
8.600081733567517     0.023125619201600313
8.63928082457931     0.024743169242466896
8.678479915591101     0.02658600986461649
8.71767900660289     0.029347300202730874
8.756878097614685     0.03498557959692395
8.796077188626473     0.0478455122497263
8.835276279638268     0.07688951169066954
8.874475370650057     0.13940785124920962
8.913674461661845     0.26588646082180295
8.95287355267364     0.5043701049683943
8.992072643685429     0.9209442922162431
9.031271734697224     1.5918365815675826
9.070470825709013     2.5836727170555256
9.1096699167208     3.9229268255358507
9.148869007732596     5.563090245447424
9.188068098744385     7.365083556326422
9.22726718975618     9.107350299772422
9.266466280767968     10.53275676879658
9.305665371779757     11.421681497193015
9.344864462791552     11.663607921483328
9.38406355380334     11.29487689163398
9.423262644815136     10.483774488602682
9.462461735826924     9.46972314457173
9.50166082683872     8.485822027011903
9.540859917850508     7.699488504909678
9.580059008862296     7.1919432627249025
9.619258099874092     6.973942958985916
9.65845719088588     7.017466257858534
9.697656281897675     7.280359672485465
9.736855372909464     7.712039300790695
9.776054463921252     8.244212785284768
9.815253554933047     8.781175918268662
9.854452645944836     9.204085297682994
9.893651736956631     9.393883319726372
9.93285082796842     9.264734416204533
9.972049918980208     8.792040268632272
10.011249009992003     8.021366292543302
10.050448101003791     7.05542475796904
10.089647192015587     6.028192635297771
10.128846283027375     5.080095616659017
10.16804537403917     4.3431524369851395
10.207244465050959     3.9347106895406827
10.246443556062747     3.951225138056703
10.285642647074543     4.454881721899012
10.32484173808633     5.4544081941412665
10.364040829098126     6.890263304308617
10.403239920109915     8.63623812362938
10.442439011121703     10.521884673465335
10.481638102133498     12.36773160194544
10.520837193145287     14.016963267684787
10.560036284157082     15.35000128633911
10.59923537516887     16.28103495348306
10.638434466180659     16.74866265160153
10.677633557192454     16.715967934852394
10.716832648204242     16.185697785102448
10.756031739216038     15.221198258151047
10.795230830227826     13.955246049649764
10.834429921239622     12.573681857673629
10.87362901225141     11.275549195544446
10.912828103263198     10.226013544144779
10.952027194274994     9.523184445681071
10.991226285286782     9.19252850865248
11.030425376298577     9.20789673602737
11.069624467310366     9.52486651991419
11.108823558322154     10.107011387253648
11.14802264933395     10.930986952959724
11.187221740345738     11.969078774746361
11.226420831357533     13.161761983176218
11.265619922369321     14.400539339057776
11.30481901338111     15.537776010434845
11.344018104392905     16.425959615728452
11.383217195404693     16.97101145285363
11.422416286416489     17.173565702307908
11.461615377428277     17.135788548381594
11.500814468440065     17.027850124326157
11.540013559451861     17.02786678031485
11.57921265046365     17.260591509303197
11.618411741475445     17.757958729560755
11.657610832487233     18.452373248376126
11.696809923499028     19.20016982733315
11.736009014510817     19.824933423049902
11.775208105522605     20.169028799305117
11.8144071965344     20.14250017389187
11.853606287546189     19.757785075363795
11.892805378557984     19.137614630574536
11.932004469569772     18.487093836234642
11.97120356058156     18.03264125015316
12.010402651593356     17.9468423164866
12.049601742605144     18.28970200026155
12.08880083361694     18.99390996770761
12.127999924628728     19.903129367159824
12.167199015640517     20.846948644858216
12.206398106652312     21.718138491611203
12.2455971976641     22.517326464097703
12.284796288675896     23.346753011338272
12.323995379687684     24.358487478705968
12.36319447069948     25.681010468215455
12.402393561711268     27.35410961467213
12.441592652723056     29.2959241583662
12.480791743734851     31.312813294257673
12.51999083474664     33.14796794497988
12.559189925758435     34.55219007144678
12.598389016770223     35.35308968184833
12.637588107782012     35.49995539494733
12.676787198793807     35.07156892883478
12.715986289805596     34.249420767978485
12.755185380817391     33.27111376121017
12.79438447182918     32.38112335846068
12.833583562840968     31.788490068975552
12.872782653852763     31.63143123148661
12.911981744864551     31.946740607152357
12.951180835876347     32.64924774475716
12.990379926888135     33.53539082765694
13.02957901789993     34.3236471804197
13.068778108911719     34.729235838568734
13.107977199923507     34.549641548904326
13.147176290935302     33.726065975879216
13.18637538194709     32.35355153905214
13.225574472958886     30.636054718057995
13.264773563970675     28.808625767983607
13.303972654982463     27.062772559118415
13.343171745994258     25.506628009675623
13.382370837006047     24.172375807720197
13.421569928017842     23.05967263756626
13.46076901902963     22.18677685708839
13.499968110041419     21.618645688493917
13.539167201053214     21.454835624574862
13.578366292065002     21.783212141114507
13.617565383076798     22.62593954155284
13.656764474088586     23.909976291182197
13.695963565100381     25.481217496722024
13.73516265611217     27.156762138572187
13.774361747123958     28.78820068516938
13.813560838135754     30.3031146603726
13.852759929147542     31.70500110685544
13.891959020159337     33.03516112524669
13.931158111171126     34.31990890076195
13.970357202182914     35.532132752135325
14.00955629319471     36.58601104855531
14.048755384206498     37.36462426526269
14.087954475218293     37.76340436454669
14.127153566230081     37.72659960617794
14.16635265724187     37.261132573871215
14.205551748253665     36.42683782414189
14.244750839265453     35.31460621674622
14.283949930277249     34.02700636732318
14.323149021289037     32.668974592132784
14.362348112300833     31.345727994545904
14.40154720331262     30.15963219805494
14.44074629432441     29.200899078534874
14.479945385336205     28.53465660606858
14.519144476347993     28.191520857192092
14.558343567359788     28.166260489843136
14.597542658371577     28.422458549507407
14.636741749383365     28.89699469198888
14.67594084039516     29.50069138343785
14.715139931406949     30.118295302426276
14.754339022418744     30.615756980006797
14.793538113430532     30.860637325759537
14.83273720444232     30.75303179462545
14.871936295454116     30.255529399919045
14.911135386465904     29.408293635751708
14.9503344774777     28.321980673530767
14.989533568489488     27.152791001534275
15.028732659501276     26.072339965984796
15.067931750513072     25.24431507100733
15.10713084152486     24.81122301521311
15.146329932536656     24.88521945648253
15.185529023548444     25.534398504850877
15.22472811456024     26.761501621304195
15.263927205572028     28.4809632244886
15.303126296583816     30.506138497084038
15.342325387595611     32.55839975753428
15.3815244786074     34.30445877816467
15.420723569619195     35.41979461105457
15.459922660630983     35.66576775857048
15.499121751642772     34.958156053308656
15.538320842654567     33.40070766700727
15.577519933666355     31.264920881522823
15.61671902467815     28.91734596186715
15.65591811568994     26.719673846581742
15.695117206701727     24.940616472249346
15.734316297713523     23.712408314129398
15.773515388725311     23.041388624335127
15.812714479737107     22.855541583576773
15.851913570748895     23.057647444989335
15.89111266176069     23.557496688169724
15.930311752772479     24.274778243660606
15.969510843784267     25.123069943164882
16.008709934796062     25.994081114613284
16.04790902580785     26.757132991583944
16.087108116819646     27.276902579972255
16.126307207831434     27.441085288808644
16.165506298843223     27.185177740673847
16.204705389855018     26.505156010004388
16.243904480866806     25.456528996195686
16.283103571878602     24.14430358470659
16.32230266289039     22.70927989779761
16.36150175390218     21.312823735848376
16.400700844913974     20.11902677124173
16.439899935925762     19.273376341753085
16.479099026937558     18.880415296471302
16.518298117949346     18.98605110311808
16.55749720896114     19.570151830495135
16.59669629997293     20.5516903318232
16.635895390984718     21.804300948307926
16.675094481996513     23.177233702499745
16.7142935730083     24.51637621256955
16.753492664020097     25.681813587677432
16.792691755031885     26.561159158023074
16.831890846043674     27.080214424489448
16.87108993705547     27.21294250721236
16.910289028067258     26.99041739191074
16.949488119079053     26.504257875034906
16.98868721009084     25.897134221102984
17.02788630110263     25.334859727525597
17.067085392114425     24.962442952006796
17.106284483126213     24.856808539779745
17.14548357413801     24.99509494924956
17.184682665149797     25.25438907375688
17.223881756161592     25.447020369492172
17.26308084717338     25.38125240147856
17.30227993818517     24.927587881119962
17.341479029196964     24.0693951275977
17.380678120208753     22.921922131919704
17.419877211220548     21.712881492091412
17.459076302232337     20.728402593767008
17.498275393244125     20.238587282789105
17.53747448425592     20.424367370706356
17.57667357526771     21.32812047316912
17.615872666279504     22.84275901560061
17.655071757291292     24.740391821650423
17.69427084830308     26.728324970687044
17.733469939314876     28.51299184305565
17.772669030326664     29.85352537638541
17.81186812133846     30.594031559676043
17.851067212350248     30.67297551233045
17.890266303362043     30.115454987058722
17.929465394373832     29.01690483158984
17.96866448538562     27.52425860749143
18.007863576397416     25.814807228046792
18.047062667409204     24.068756307842936
18.086261758421     22.43375645974687
18.125460849432788     20.988735683262593
18.164659940444576     19.72338541197679
18.20385903145637     18.549040380977107
18.24305812246816     17.342875144525834
18.282257213479955     16.007894787659907
18.321456304491743     14.520138362292927
18.36065539550353     12.940875824067756
18.399854486515327     11.39147590837123
18.439053577527115     10.008176101546091
18.47825266853891     8.900538757375525
18.5174517595507     8.129000174400861
18.556650850562495     7.702354814464703
18.595849941574283     7.586240367232581
18.63504903258607     7.713336565304209
18.674248123597867     7.991690179632569
18.713447214609655     8.312931899806003
18.75264630562145     8.563462216133175
18.79184539663324     8.63954396704993
18.831044487645027     8.46423530481162
18.870243578656822     8.00217230679422
18.90944266966861     7.267972522981547
18.948641760680406     6.325374528147537
18.987840851692194     5.276728466583813
19.027039942703983     4.24522992164433
19.066239033715778     3.354143605981423
19.105438124727566     2.7074176262739944
19.144637215739362     2.3748818328688
19.18383630675115     2.383876300937446
19.22303539776294     2.7185855657074263
19.262234488774734     3.3280610996296436
19.301433579786522     4.1422592905359625
19.340632670798318     5.091563567793954
19.379831761810106     6.121141866469913
19.4190308528219     7.191368725410303
19.45822994383369     8.262304233405636
19.497429034845478     9.27136917519543
19.536628125857273     10.121132127209844
19.57582721686906     10.69119454808816
19.615026307880857     10.874449571084357
19.654225398892645     10.622042375432613
19.693424489904434     9.974116835840963
19.73262358091623     9.059691636010646
19.771822671928017     8.06418164895511
19.811021762939813     7.177630092063697
19.8502208539516     6.5434261479291065
19.88941994496339     6.22490151245196
19.928619035975185     6.198839511960109
19.967818126986973     6.374680587915812
20.00701721799877     6.6295117295641015
20.046216309010557     6.844633384682594
20.085415400022352     6.931384642511288
20.12461449103414     6.84115736376644
20.16381358204593     6.563138838765505
20.203012673057724     6.118170862338936
20.242211764069513     5.555546019932462
20.281410855081308     4.953377918490544
20.320609946093096     4.4171885775269395
20.359809037104885     4.069768972383509
20.39900812811668     4.029073440147703
20.43820721912847     4.37746589346328
20.477406310140264     5.13137896364269
20.516605401152052     6.222644324273325
20.55580449216384     7.500503066898506
20.595003583175636     8.757348558925136
20.634202674187424     9.773487785711731
20.67340176519922     10.369216944480998
20.712600856211008     10.448886852967645
20.751799947222803     10.023046146019219
20.79099903823459     9.201155683906263
20.83019812924638     8.156869663720311
20.869397220258175     7.077247383414936
20.908596311269964     6.112950056698379
20.94779540228176     5.345965989134137
20.986994493293547     4.784488187220451
21.026193584305336     4.383870123579682
21.06539267531713     4.0826314504921335
21.10459176632892     3.8375128792388167
21.143790857340715     3.6434067299511743
21.182989948352503     3.5313118897143783
21.22218903936429     3.546857940061219
21.261388130376087     3.7196706597388025
21.300587221387875     4.03726971194997
21.33978631239967     4.435343177709248
21.37898540341146     4.809851146066927
21.418184494423254     5.047632715798327
21.457383585435043     5.064210855047593
21.49658267644683     4.833657621384047
21.535781767458626     4.397836714635449
21.574980858470415     3.850620988341649
21.61417994948221     3.3033645968465737
21.653379040494     2.845982586392278
21.692578131505787     2.519487371945863
21.731777222517582     2.310080035076541
21.77097631352937     2.1648942000477467
21.810175404541166     2.020221495560238
21.849374495552954     1.8288279159882703
21.888573586564743     1.5753272591186545
21.927772677576538     1.2756486886642597
21.966971768588326     0.9643533719629154
22.00617085960012     0.6780092500056827
22.04536995061191     0.4424334424041731
22.084569041623705     0.26767507244752187
22.123768132635494     0.150062167687025
22.162967223647282     0.07793090269350693
22.202166314659078     0.03748489142975288
22.241365405670866     0.016698430421787244
22.28056449668266     0.0068888924078292155
22.31976358769445     0.0026318903639308924
22.358962678706238     0.0009311630130156511
22.398161769718033     0.00030508473584068017
22.43736086072982     9.256582212796497e-05
22.476559951741617     2.6008512751988593e-05
22.515759042753405     6.767287881887809e-06
22.554958133765194     1.630601560755527e-06
22.59415722477699     3.6384382916505086e-07
22.633356315788777     7.518238060756365e-08
22.672555406800573     1.4386362581659796e-08
22.71175449781236     2.549293170297293e-09
22.75095358882415     4.1833327270867667e-10
22.790152679835945     6.357098945118993e-11
22.829351770847733     8.946171420807661e-12
22.86855086185953     1.167550868729063e-12
22.907749952871317     1.5734010395719133e-13
22.946949043883112     1.644142798101893e-13
22.9861481348949     1.2314832122596943e-12
23.02534722590669     9.420302550223447e-12
23.064546316918484     6.681823329061957e-11
23.103745407930273     4.3890039382111197e-10
23.142944498942068     2.669751714917694e-09
23.182143589953856     1.503867634327782e-08
23.221342680965645     7.844805585583386e-08
23.26054177197744     3.789558287566823e-07
23.29974086298923     1.695230788954437e-06
23.338939954001024     7.022680418643995e-06
23.378139045012812     2.694082018267871e-05
23.4173381360246     9.570895068213566e-05
23.456537227036396     0.0003148677133977236
23.495736318048184     0.0009592626600092638
23.53493540905998     0.002706330192819087
23.574134500071768     0.0070706258992111
23.613333591083563     0.017106799707126745
23.65253268209535     0.038327766777096935
23.69173177310714     0.07952287883222128
23.730930864118935     0.15279336869161747
23.770129955130724     0.2718634051561691
23.80932904614252     0.44795133195330555
23.848528137154307     0.683509800611682
23.887727228166096     0.9658117703892379
23.92692631917789     1.2637875580050861
23.96612541018968     1.531402990402218
24.005324501201475     1.7184572791760566
24.04452359221326     1.7857547875692055
