-23.387613558443515     4.056553055195646
-23.34841352212308     3.907737642399611
-23.309213485802648     3.4931500707975545
-23.27001344948221     2.9092605552530224
-23.230813413161776     2.2840940351013024
-23.191613376841342     1.7458662704541799
-23.15241334052091     1.4006763257812085
-23.11321330420047     1.3240907501521408
-23.074013267880037     1.5624562079765396
-23.034813231559603     2.135661184802947
-22.99561319523917     3.035639605855844
-22.956413158918732     4.221240471471652
-22.917213122598298     5.615126289230796
-22.878013086277864     7.108606493374664
-22.83881304995743     8.576052247158227
-22.799613013636996     9.895276082639821
-22.76041297731656     10.967792305184716
-22.721212940996125     11.73434676138421
-22.68201290467569     12.1844085552951
-22.642812868355257     12.360204714227557
-22.60361283203482     12.35478370086851
-22.564412795714386     12.300830508578052
-22.525212759393952     12.34578483316319
-22.486012723073518     12.612320179459326
-22.446812686753084     13.151946581014109
-22.407612650432647     13.909519627540755
-22.368412614112213     14.720069297396932
-22.32921257779178     15.349889804870518
-22.290012541471345     15.572593160893156
-22.250812505150908     15.249832379317589
-22.211612468830474     14.381171553053925
-22.17241243251004     13.104066307343839
-22.133212396189606     11.652424042343682
-22.09401235986917     10.300826134819825
-22.054812323548735     9.318677356066036
-22.0156122872283     8.939737037105594
-21.976412250907867     9.335758078433308
-21.937212214587433     10.58298067752809
-21.898012178266995     12.626117957639233
-21.85881214194656     15.261407172075344
-21.819612105626128     18.16214708714148
-21.780412069305694     20.95228249140379
-21.741212032985256     23.306608234067085
-21.702011996664822     25.038369867948468
-21.66281196034439     26.139362216526685
-21.623611924023955     26.761938437919426
-21.584411887703517     27.160532217563908
-21.545211851383083     27.623970232725114
-21.50601181506265     28.42202097769478
-21.466811778742215     29.769524758944065
-21.42761174242178     31.796597200699345
-21.388411706101344     34.51553182852481
-21.34921166978091     37.791208605085075
-21.310011633460476     41.3371710683682
-21.270811597140042     44.7588641949184
-21.231611560819605     47.645067740981844
-21.19241152449917     49.67975364459559
-21.153211488178737     50.72902616625032
-21.114011451858303     50.86550957314081
-21.074811415537866     50.32300432825667
-21.035611379217432     49.408789332878314
-20.996411342896998     48.41772650683082
-20.957211306576564     47.58218869852546
-20.91801127025613     47.064478816809114
-20.878811233935693     46.97364406215246
-20.83961119761526     47.38085842722734
-20.800411161294825     48.31708720174733
-20.76121112497439     49.75328123038469
-20.722011088653957     51.576229763214876
-20.68281105233352     53.57783821052322
-20.643611016013086     55.47249314928452
-20.604410979692652     56.94817669663796
-20.565210943372215     57.74420982929951
-20.52601090705178     57.735742528902364
-20.486810870731347     56.99775860009829
-20.447610834410913     55.823367410593306
-20.40841079809048     54.682283940649626
-20.36921076177004     54.12200383165569
-20.330010725449608     54.63196782970118
-20.290810689129174     56.50597257636134
-20.25161065280874     59.74519557593136
-20.212410616488306     64.03779259095914
-20.17321058016787     68.82908704075794
-20.134010543847435     73.4649340220671
-20.094810507527     77.36268006142467
-20.055610471206567     80.15183447279264
-20.01641043488613     81.73608070264615
-19.977210398565695     82.2573889660271
-19.93801036224526     81.98260145121935
-19.898810325924828     81.16763943474618
-19.85961028960439     79.96598466837904
-19.820410253283956     78.42466079465959
-19.781210216963522     76.56034350202657
-19.74201018064309     74.45932174066179
-19.702810144322655     72.33049125093143
-19.663610108002217     70.47160711343122
-19.624410071681783     69.16479345409981
-19.58521003536135     68.5601708147085
-19.546009999040916     68.61044544626404
-19.506809962720478     69.0871920991388
-19.467609926400044     69.66624037770387
-19.42840989007961     70.0410110322912
-19.389209853759176     70.01938850719085
-19.35000981743874     69.57535091038045
-19.310809781118305     68.84739364825268
-19.27160974479787     68.09132926321372
-19.232409708477437     67.60263294079239
-19.193209672157003     67.62613750486226
-19.154009635836566     68.27232683071182
-19.114809599516132     69.46056583011496
-19.075609563195698     70.90788413390322
-19.036409526875264     72.17408331790145
-18.99720949055483     72.75905790758443
-18.958009454234393     72.23001388766014
-18.91880941791396     70.34258012238934
-18.879609381593525     67.11858226356206
-18.840409345273088     62.856613819486796
-18.801209308952654     58.07301578197367
-18.76200927263222     53.38979351721514
-18.722809236311786     49.396179481586586
-18.683609199991352     46.514230546676465
-18.644409163670915     44.90079471884708
-18.60520912735048     44.41668951742968
-18.566009091030047     44.680767293646326
-18.526809054709613     45.19808553693695
-18.48760901838918     45.51862705637085
-18.44840898206874     45.366732443635186
-18.409208945748308     44.69489824048365
-18.370008909427874     43.65173410444521
-18.330808873107436     42.49023687354082
-18.291608836787002     41.459585888572406
-18.25240880046657     40.718314747440914
-18.213208764146135     40.28990332754768
-18.1740087278257     40.06550142768149
-18.134808691505263     39.84650080881758
-18.09560865518483     39.410130957907455
-18.056408618864396     38.574443483560984
-18.01720858254396     37.23995793404873
-17.978008546223528     35.39740193109364
-17.93880850990309     33.109229818035445
-17.899608473582656     30.48447747352001
-17.860408437262222     27.66272338513052
-17.821208400941785     24.806906242459515
-17.78200836462135     22.09093287626967
-17.742808328300917     19.669465251974454
-17.703608291980483     17.633885536831166
-17.66440825566005     15.976531395303628
-17.625208219339612     14.588974046980942
-17.586008183019178     13.304312779553536
-17.546808146698744     11.967977447632476
-17.50760811037831     10.503495998430239
-17.468408074057876     8.94109299033094
-17.42920803773744     7.396778420649218
-17.390008001417005     6.015310072371646
-17.35080796509657     4.907133825117958
-17.311607928776134     4.108985302257712
-17.2724078924557     3.582612201027225
-17.233207856135266     3.2458302529360283
-17.194007819814832     3.0156205547462873
-17.154807783494398     2.8404378744173964
-17.11560774717396     2.707874414279631
-17.076407710853527     2.628436129327585
-17.037207674533093     2.6085350773883667
-16.99800763821266     2.629869766897617
-16.958807601892225     2.646854720986398
-16.919607565571788     2.6024938897721093
-16.880407529251354     2.452733684689323
-16.84120749293092     2.185542359133621
-16.802007456610482     1.8251901432370845
-16.762807420290052     1.4210986303052577
-16.723607383969615     1.0284983224609072
-16.68440734764918     0.6907398207860216
-16.645207311328747     0.4300820691489583
-16.60600727500831     0.24813658423951448
-16.566807238687876     0.13262041533985047
-16.52760720236744     0.06565125438629398
-16.488407166047008     0.030098999757181943
-16.449207129726574     0.012779605519441031
-16.410007093406136     0.005024909383818948
-16.370807057085702     0.0018296939056545074
-16.33160702076527     0.0006169710745618425
-16.292406984444835     0.000192657329649547
-16.2532069481244     5.571083477915305e-05
-16.214006911803963     1.4918551586707726e-05
-16.17480687548353     3.699527235065195e-06
-16.135606839163096     8.495681309791399e-07
-16.096406802842658     1.80668536054677e-07
-16.057206766522224     3.557944093965659e-08
-16.01800673020179     6.488554690766847e-09
-15.978806693881356     1.0957943603008315e-09
-15.93960665756092     1.713729947463714e-10
-15.900406621240485     2.481920926625062e-11
-15.861206584920051     3.328631532147306e-12
-15.822006548599617     4.1340500578522426e-13
-15.782806512279183     4.7546435562725377e-14
-15.743606475958748     5.063985144452395e-15
-15.704406439638312     4.99458152312e-16
-15.665206403317878     4.5618186260814e-17
-15.626006366997444     3.858416859856957e-18
-15.586806330677009     3.022125559156218e-19
-15.547606294356573     2.1920382242100298e-20
-15.508406258036139     1.4723989771628953e-21
-15.469206221715705     9.210105858814198e-23
-15.43000618539527     1.2892705081290254e-23
-15.390806149074836     1.0404705723078698e-22
-15.3516061127544     1.3089969661258353e-21
-15.312406076433966     1.5291406557953213e-20
-15.27320604011353     1.6542221777815658e-19
-15.234006003793096     1.6571937780271823e-18
-15.19480596747266     1.5373961275567616e-17
-15.155605931152227     1.3207824986265334e-16
-15.116405894831793     1.0507753172098662e-15
-15.077205858511357     7.74143469190826e-15
-15.038005822190923     5.281606982110116e-14
-14.998805785870488     3.3369042358776895e-13
-14.959605749550054     1.9523354542223325e-12
-14.920405713229618     1.0577868775776427e-11
-14.881205676909184     5.307315987705489e-11
-14.842005640588749     2.4659527608365494e-10
-14.802805604268315     1.0610298381471974e-09
-14.763605567947879     4.227693355358996e-09
-14.724405531627445     1.5599561820902196e-08
-14.685205495307011     5.3303332074029645e-08
-14.646005458986576     1.6866670327179513e-07
-14.606805422666142     4.942394357476762e-07
-14.567605386345706     1.3411534702435846e-06
-14.528405350025272     3.370176234452997e-06
-14.489205313704836     7.842595539739844e-06
-14.450005277384403     1.6900523331677104e-05
-14.410805241063967     3.372669390894473e-05
-14.371605204743533     6.232769974022253e-05
-14.332405168423097     0.0001066653380724033
-14.293205132102663     0.00016904552143587442
-14.25400509578223     0.0002481025127048837
-14.214805059461794     0.0003372334936371968
-14.17560502314136     0.00042459148669914094
-14.136404986820924     0.0004953863913272237
-14.09720495050049     0.0005362633645681915
-14.058004914180055     0.0005404181391778832
-14.01880487785962     0.0005116139498787022
-13.979604841539185     0.0004657912296130942
-13.940404805218751     0.00043013662149690203
-13.901204768898316     0.0004403359343672469
-13.862004732577882     0.0005365113762575341
-13.822804696257446     0.0007572662173447532
-13.783604659937012     0.0011306068973406806
-13.744404623616578     0.0016616806506870373
-13.705204587296143     0.002320413685394562
-13.666004550975709     0.0030354608524508432
-13.626804514655273     0.003701432939305342
-13.587604478334839     0.0042022419708229435
-13.548404442014403     0.004445800669086059
-13.50920440569397     0.0043985204009073155
-13.470004369373534     0.004106677061126307
-13.4308043330531     0.0036969898976207402
-13.391604296732664     0.0033571755322523164
-13.35240426041223     0.003303171077248193
-13.313204224091796     0.0037401585868748824
-13.27400418777136     0.004821721227848219
-13.234804151450927     0.006610708686908023
-13.195604115130491     0.009049517020186108
-13.156404078810057     0.011953166216861748
-13.117204042489622     0.01503842726152889
-13.078004006169188     0.017991636652309816
-13.038803969848752     0.020559924159100566
-12.999603933528318     0.022634859962381435
-12.960403897207883     0.024293090782620264
-12.921203860887449     0.02576902872464424
-12.882003824567015     0.027358689382098848
-12.842803788246579     0.02928662585450429
-12.803603751926145     0.03159900270557246
-12.76440371560571     0.03415562903594194
-12.725203679285276     0.036760989647100076
-12.68600364296484     0.039396627293990905
-12.646803606644406     0.0424285589558191
-12.60760357032397     0.0466251263627045
-12.568403534003536     0.05288248208570226
-12.5292034976831     0.061710393827818705
-12.490003461362667     0.07270392571832249
-12.450803425042231     0.08430565743801702
-12.411603388721797     0.09407171349134552
-12.372403352401363     0.0994131995147115
-12.333203316080928     0.09851828217386385
-12.294003279760494     0.09103306905995973
-12.254803243440058     0.07818382591763764
-12.215603207119624     0.06230517675240053
-12.176403170799189     0.04602785702784305
-12.137203134478755     0.03150612845949548
-12.098003098158319     0.019977654094332713
-12.058803061837885     0.011734764536069465
-12.01960302551745     0.006390578293338508
-11.980402989197016     0.0032434930977692797
-11.941202952876582     0.0015815416071662891
-11.902002916556146     0.0008610667457133415
-11.862802880235712     0.0007744940623621436
-11.823602843915276     0.001256844487859338
-11.784402807594843     0.002473591226307406
-11.745202771274407     0.0048042057761194
-11.706002734953973     0.008807452247821184
-11.666802698633537     0.015142985686313858
-11.627602662313103     0.02444272349108306
-11.588402625992668     0.03718305140837548
-11.549202589672234     0.053698949253596494
-11.5100025533518     0.07457155047930011
-11.470802517031364     0.10164872123024371
-11.43160248071093     0.13983800888678133
-11.392402444390495     0.19945936511299325
-11.35320240807006     0.2983383177328327
-11.314002371749625     0.4621000129930939
-11.274802335429191     0.7207095129006996
-11.235602299108756     1.0998630497219686
-11.196402262788322     1.6079176656199383
-11.157202226467886     2.2223789170852877
-11.118002190147452     2.8829233443328213
-11.078802153827016     3.498006352106593
-11.039602117506583     3.9676516726349553
-11.000402081186149     4.217203473186951
-10.961202044865713     4.229812484149949
-10.92200200854528     4.063860495207155
-10.882801972224843     3.8469187393214206
-10.84360193590441     3.7471539097717024
-10.804401899583974     3.931109649872444
-10.76520186326354     4.520120829698321
-10.726001826943104     5.556621112841564
-10.68680179062267     6.988575292614387
-10.647601754302235     8.676453396315768
-10.6084017179818     10.422182752816354
-10.569201681661367     12.013513455260451
-10.530001645340931     13.272462898555002
-10.490801609020497     14.095670990144637
-10.451601572700062     14.477657276992735
-10.412401536379628     14.512260181760634
-10.373201500059192     14.370718213342716
-10.334001463738758     14.258306287495001
-10.294801427418323     14.358063199901558
-10.255601391097889     14.778885188379746
-10.216401354777453     15.529261768676708
-10.17720131845702     16.530119980643377
-10.138001282136585     17.66149637668562
-10.09880124581615     18.81883412845326
-10.059601209495716     19.948892038582734
-10.02040117317528     21.047843108841988
-9.981201136854846     22.127805174227277
-9.94200110053441     23.177655271146907
-9.902801064213977     24.146797859596738
-9.86360102789354     24.964616936154577
-9.824400991573107     25.58382777622481
-9.785200955252671     26.018828804667436
-9.746000918932237     26.351828225048777
-9.706800882611802     26.699081523191992
-9.667600846291368     27.154422053580795
-9.628400809970934     27.741843716537353
-9.589200773650498     28.404975492629443
-9.550000737330064     29.042166288978535
-9.510800701009629     29.572591858009773
-9.471600664689195     30.00279227112126
-9.43240062836876     30.46108876795528
-9.393200592048325     31.179811511926673
-9.35400055572789     32.42685469885153
-9.314800519407456     34.40965241370685
-9.27560048308702     37.187096183727206
-9.236400446766586     40.62349833887984
-9.197200410446152     44.405134891109036
-9.158000374125717     48.11973220718033
-9.118800337805283     51.37778951967559
-9.079600301484847     53.936186600162834
-9.040400265164413     55.775534681421945
-9.001200228843977     57.092255607683484
-8.962000192523544     58.19895804032396
-8.922800156203108     59.372248515400045
-8.883600119882674     60.72050272187765
-8.844400083562238     62.14037086008224
-8.805200047241804     63.386002896024706
-8.76600001092137     64.21357626390912
-8.726799974600935     64.52316560004923
-8.687599938280501     64.42450102641097
-8.648399901960065     64.1976767638441
-8.609199865639631     64.17602676426087
-8.569999829319196     64.61476629065044
-8.530799792998762     65.60917795635693
-8.491599756678326     67.09430274549386
-8.452399720357892     68.91377555892774
-8.413199684037457     70.91282653763176
-8.373999647717023     73.00635923804194
-8.334799611396587     75.19688908560619
-8.295599575076153     77.55030156336386
-8.25639953875572     80.15583142461224
-8.217199502435284     83.09010136172292
-8.17799946611485     86.38559968534713
-8.138799429794414     89.99433985102777
-8.09959939347398     93.74876834446658
-8.060399357153544     97.34279230637918
-8.02119932083311     100.36302397535263
-7.981999284512675     102.38128232764618
-7.942799248192241     103.0835068191669
-7.903599211871805     102.38136893104935
-7.864399175551371     100.45120332340943
-7.8251991392309375     97.6741748259195
-7.785999102910502     94.49832730165892
-7.746799066590068     91.28386283367897
-7.707599030269632     88.20464244472493
-7.668398993949198     85.25060263564387
-7.629198957628763     82.3187870688308
-7.589998921308329     79.32791296864785
-7.550798884987893     76.27954045155602
-7.511598848667459     73.23059761926675
-7.4723988123470235     70.21021012396741
-7.43319877602659     67.15739706057957
-7.393998739706156     63.93973510985041
-7.354798703385722     60.44797654738659
-7.315598667065284     56.69920641543131
-7.2763986307448505     52.87078707514366
-7.237198594424417     49.235784265055365
-7.197998558103983     46.03848952991621
-7.158798521783545     43.385546031893384
-7.119598485463111     41.2122975457586
-7.0803984491426775     39.33371426010267
-7.041198412822244     37.54211356751927
-7.001998376501806     35.69671917296878
-6.962798340181372     33.76502368761349
-6.923598303860938     31.806933928237356
-6.884398267540504     29.92066094500791
-6.8451982312200705     28.18255651245731
-6.805998194899633     26.609578971724083
-6.766798158579199     25.157849355762778
-6.727598122258765     23.752240437574947
-6.688398085938331     22.328445174626577
-6.649198049617894     20.865775099750095
-6.60999801329746     19.396426963667373
-6.570797976977026     17.99066567331763
-6.531597940656592     16.73006308659095
-6.492397904336158     15.685927620552464
-6.453197868015721     14.914626735372114
-6.413997831695287     14.468754039771959
-6.374797795374853     14.410906253023365
-6.335597759054419     14.813516989854946
-6.296397722733982     15.736903970062777
-6.257197686413548     17.193493707827734
-6.217997650093114     19.1186050848289
-6.17879761377268     21.368146923016
-6.139597577452243     23.75006722827834
-6.100397541131809     26.077394868488597
-6.061197504811375     28.21793093877491
-6.021997468490941     30.116802630900096
-5.982797432170507     31.782507917226397
-5.94359739585007     33.246681122562805
-5.904397359529636     34.52184334874798
-5.865197323209202     35.58196141168145
-5.825997286888768     36.376980633936085
-5.7867972505683305     36.87226380329382
-5.747597214247897     37.08932108340822
-5.708397177927463     37.1242854967558
-5.669197141607029     37.13423858886168
-5.629997105286591     37.29863323025418
-5.5907970689661575     37.7729738163649
-5.551597032645724     38.651414351846036
-5.51239699632529     39.9486114397923
-5.473196960004856     41.604570867055685
-5.433996923684418     43.51032387784762
-5.394796887363984     45.545209622662796
-5.3555968510435505     47.60961129022131
-5.316396814723117     49.63652628643018
-5.277196778402679     51.576779981170745
-5.237996742082245     53.37217092871038
-5.198796705761811     54.94409358972449
-5.1595966694413775     56.21783291504721
-5.120396633120944     57.17486162974176
-5.081196596800506     57.89651542247732
-5.041996560480072     58.55812144227044
-5.002796524159638     59.36255400812401
-4.9635964878392045     60.447576281945494
-4.924396451518767     61.82709208521415
-4.885196415198333     63.40908132771504
-4.845996378877899     65.08124847957997
-4.806796342557465     66.80542221978624
-4.767596306237028     68.65046064137766
-4.728396269916594     70.73127260705559
-4.68919623359616     73.08470876078519
-4.649996197275726     75.55971603361678
-4.610796160955292     77.797800420073
-4.571596124634855     79.33029363764327
-4.532396088314421     79.75215550692207
-4.493196051993987     78.88922401125876
-4.453996015673553     76.88091358290743
-4.414795979353116     74.1459573580032
-4.375595943032682     71.25467361832318
-4.336395906712248     68.76714075798914
-4.297195870391814     67.10035596518478
-4.257995834071377     66.46592609593344
-4.218795797750943     66.88776978568004
-4.179595761430509     68.27849640116625
-4.140395725110075     70.53121239336144
-4.101195688789641     73.57769724424625
-4.061995652469204     77.38023051019596
-4.02279561614877     81.86041281060903
-3.983595579828336     86.80787929263647
-3.944395543507902     91.83091731747822
-3.9051955071874644     96.3941492872904
-3.8659954708670305     99.94194436280227
-3.8267954345465967     102.05665093290455
-3.7875953982261628     102.57817663622885
-3.748395361905729     101.62978568001932
-3.7091953255852914     99.54337820710307
-3.6699952892648575     96.72794672310351
-3.6307952529444236     93.54958025925953
-3.5915952166239897     90.27830405209883
-3.5523951803035523     87.11528228013202
-3.5131951439831184     84.26749626330655
-3.4739951076626845     82.01170305403043
-3.4347950713422506     80.6989315505601
-3.395595035021813     80.68854977778442
-3.3563949987013793     82.24355842038918
-3.3171949623809454     85.43992100633507
-3.2779949260605115     90.13070045784136
-3.2387948897400776     95.9714168998507
-3.19959485341964     102.4814890447451
-3.160394817099206     109.10839872482538
-3.1211947807787723     115.27778273532051
-3.0819947444583384     120.43716612574354
-3.042794708137901     124.11249851997208
-3.003594671817467     125.98556207491654
-2.964394635497033     125.97480134962028
-2.9251945991765993     124.2815772296723
-2.885994562856162     121.3657595029026
-2.846794526535728     117.84283305776233
-2.807594490215294     114.33570007166907
-2.76839445389486     111.34326760193335
-2.7291944175744263     109.18293152533141
-2.689994381253989     108.02217578378087
-2.650794344933555     107.95833470905214
-2.611594308613121     109.07312950137583
-2.572394272292687     111.40774035990478
-2.5331942359722497     114.8681148719482
-2.493994199651816     119.1356405524092
-2.454794163331382     123.67380735327492
-2.415594127010948     127.86784224449173
-2.376394090690514     131.24389616175858
-2.3371940543700767     133.65060746939616
-2.2979940180496428     135.29654526209654
-2.258793981729209     136.61822246868996
-2.219593945408775     138.05204173169557
-2.1803939090883375     139.8357554981573
-2.1411938727679036     141.93983437248414
-2.1019938364474697     144.14698518679242
-2.062793800127036     146.213568508187
-2.0235937638065984     148.010837661094
-1.9843937274861645     149.57245201353226
-1.9451936911657306     151.0420758511632
-1.9059936548452967     152.57496292289355
-1.8667936185248628     154.2645587273551
-1.8275935822044254     156.13479085430095
-1.7883935458839915     158.1866431692219
-1.7491935095635576     160.45052095890338
-1.7099934732431237     162.99679888148594
-1.6707934369226862     165.89087557085452
-1.6315934006022523     169.11879210405152
-1.5923933642818184     172.52697846547076
-1.5531933279613845     175.80706066198587
-1.513993291640947     178.5292616055056
-1.4747932553205132     180.2080932406984
-1.4355932190000793     180.38142659518616
-1.3963931826796454     178.69088037602347
-1.3571931463592115     174.95478443202
-1.317993110038774     169.22100257990294
-1.2787930737183402     161.78338180145812
-1.2395930373979063     153.1516112010989
-1.2003930010774724     143.979664816835
-1.161192964757035     134.97281552333698
-1.121992928436601     126.7967256260191
-1.0827928921161671     120.0025003892764
-1.0435928557957332     114.967638748918
-1.0043928194752993     111.84669271282057
-0.9651927831548619     110.5325284906391
-0.925992746834428     110.64320173226697
-0.8867927105139941     111.55731549393836
-0.8475926741935602     112.51201333781694
-0.8083926378731228     112.7533406879821
-0.7691926015526889     111.70100855484142
-0.729992565232255     109.0750642470976
-0.6907925289118211     104.94079127451641
-0.6515924925913836     99.65777635668285
-0.6123924562709497     93.7555578613148
-0.5731924199505158     87.7843022890354
-0.533992383630082     82.19319828759402
-0.49479234730964805     77.27129217460728
-0.4555923109892106     73.15464645084597
-0.4163922746687767     69.87414908228163
-0.3771922383483428     67.40340286004721
-0.3379922020279089     65.67316038964967
-0.29879216570747147     64.54470787352746
-0.2595921293870376     63.76567554588024
-0.22039209306660368     62.94967663352793
-0.18119205674616978     61.61405458169915
-0.14199202042573233     59.28061886578534
-0.10279198410529844     55.60888274440666
-0.06359194778486454     50.509756256578335
-0.02439191146443065     44.1914545333722
0.014808124856003246     37.116243082447376
0.054008161176440694     29.8829485028308
0.09320819749687459     23.07874395058313
0.13240823381730848     17.152149561738412
0.17160827013774238     12.345205525952078
0.21080830645817983     8.694800952203721
0.2500083427786137     6.085572302296272
0.2892083790990476     4.322208712014495
0.3284084154194815     3.191697143215838
0.3676084517399154     2.500710877536722
0.40680848806035286     2.0895827133697895
0.44600852438078675     1.8334163592281674
0.48520856070122065     1.6404867017454792
0.5244085970216545     1.4519404286337458
0.563608633342092     1.2409952367666797
0.6028086696625259     1.0082826300370125
0.6420087059829598     0.7725152190330982
0.6812087423033937     0.559241754651775
0.7204087786238311     0.3920329825242005
0.759608814944265     0.28906943314950434
0.7988088512646989     0.26499463833656
0.8380088875851328     0.3350351231670857
0.8772089239055667     0.5171594161297633
0.9164089602260042     0.8288601204084416
0.955608996546438     1.2777310803147344
0.994809032866872     1.8486322190703302
1.0340090691873058     2.493502775984789
1.0732091055077433     3.1308645001142077
1.1124091418281772     3.6592466482559005
1.151609178148611     3.982583621951643
1.190809214469045     4.039019212950651
1.2300092507894824     3.8215394391996167
1.2692092871099163     3.3817900204480154
1.3084093234303502     2.8159471942503114
1.347609359750784     2.2391919733675727
1.386809396071218     1.7587854073751954
1.4260094323916555     1.453633635417657
1.4652094687120893     1.3630214916569703
1.5044095050325232     1.482991352278829
1.5436095413529571     1.7682143525683927
1.5828095776733946     2.13934634464686
1.6220096139938285     2.49752765520733
1.6612096503142624     2.746087986419444
1.7004096866346963     2.8149669594488143
1.7396097229551302     2.679341192034544
1.7788097592755676     2.364336031800416
1.8180097955960015     1.933340781282153
1.8572098319164354     1.4651241012225238
1.8964098682368693     1.0297743821722125
1.9356099045573067     0.6726711670412067
1.9748099408777406     0.4104030972560154
2.0140099771981745     0.23656833451405349
2.0532100135186084     0.13207506662195018
2.092410049839046     0.07477713296553094
2.1316100861594798     0.045649050088790034
2.1708101224799137     0.031215957869260395
2.2100101588003476     0.023387437350371368
2.2492101951207815     0.018100144381627468
2.288410231441219     0.013776722610683512
2.327610267761653     0.01009424625052711
2.3668103040820867     0.0071900901156979466
2.4060103404025206     0.005247501323773868
2.445210376722958     0.004337760310487845
2.484410413043392     0.004395887779302575
2.523610449363826     0.0052414774150622255
2.5628104856842597     0.006604238732834526
2.602010522004697     0.008154446967756083
2.641210558325131     0.009555514447034372
2.680410594645565     0.010546123053975898
2.719610630965999     0.011034895159660694
2.7588106672864328     0.011171420186088308
2.79801070360687     0.01135859921463759
2.837210739927304     0.012193321581682699
2.876410776247738     0.014352482102433624
2.915610812568172     0.018462502468221988
2.9548108488886093     0.024992648071133317
2.9940108852090432     0.03419609426927126
3.033210921529477     0.046097183958786855
3.072410957849911     0.06050225028670589
3.111610994170345     0.07700710127010421
3.1508110304907824     0.09499039450769373
3.1900110668112163     0.11360808873711939
3.22921110313165     0.13181960777847607
3.268411139452084     0.14846678176816092
3.3076111757725215     0.16239761147782109
3.3468112120929554     0.17260127931575425
3.3860112484133893     0.17831873875438453
3.425211284733823     0.1791138185211451
3.4644113210542606     0.17491319620801274
3.5036113573746945     0.16603031834706433
3.5428113936951284     0.15317577664727453
3.5820114300155623     0.13743809566764814
3.621211466335996     0.12021043051904745
3.6604115026564337     0.10304873457920084
3.6996115389768676     0.08747378995537337
3.7388115752973015     0.07476148758098473
3.7780116116177354     0.06578323539080799
3.817211647938173     0.060943323518121234
3.8564116842586067     0.060213223800457946
3.8956117205790406     0.06321220559656854
3.9348117568994745     0.0692686700410319
3.974011793219912     0.07743474704995565
4.013211829540346     0.08649275334008516
4.05241186586078     0.09503254415767926
4.091611902181214     0.10165346536182827
4.1308119385016475     0.10526222209518829
4.170011974822085     0.10535461346736996
4.209212011142519     0.1021479901590803
4.248412047462953     0.0964937777419934
4.287612083783387     0.08960644260397244
4.326812120103824     0.08272660908869939
4.366012156424258     0.076843896754827
4.405212192744692     0.07254744610531155
4.444412229065126     0.0699990798955567
4.48361226538556     0.06898318317883283
4.522812301705997     0.06899020790858985
4.562012338026431     0.06931545381512033
4.601212374346865     0.06917366546077261
4.640412410667299     0.06783096043708424
4.679612446987736     0.06474327809651463
4.71881248330817     0.05967545949510014
4.758012519628604     0.05276651891184561
4.797212555949038     0.04451175131495542
4.836412592269475     0.035654218292275185
4.875612628589909     0.0270111416638136
4.914812664910343     0.019288988888810935
4.954012701230777     0.012947212704485154
4.993212737551211     0.008149026055197782
5.032412773871648     0.004799863899843025
5.071612810192082     0.0026413185338979824
5.110812846512516     0.001356054331393642
5.15001288283295     0.0006487759222291581
5.189212919153388     0.0002889711616514178
5.2284129554738215     0.0001197311268944055
5.267612991794255     4.611748496279138e-05
5.306813028114689     1.650726277188981e-05
5.346013064435127     5.506995290216579e-06
5.385213100755561     1.807691772730636e-06
5.4244131370759945     1.0332897455154353e-06
5.463613173396428     2.537843148463259e-06
5.502813209716862     9.822935272988032e-06
5.5420132460373     3.685685567673372e-05
5.581213282357734     0.00012842987012668078
5.6204133186781675     0.00041449777416304037
5.659613354998601     0.0012388425311775522
5.698813391319039     0.003428810349180185
5.738013427639473     0.008788282645960772
5.777213463959907     0.02085920475452557
5.8164135002803405     0.04584845001438018
5.855613536600774     0.09332215318396483
5.894813572921212     0.1759049357923084
5.934013609241646     0.3070467360167161
5.97321364556208     0.4963226902789757
6.012413681882514     0.7429455101985645
6.051613718202951     1.029871366078382
6.090813754523385     1.3220326912849103
6.130013790843819     1.571573138637447
6.169213827164253     1.73005612762096
6.20841386348469     1.7636767241142384
6.247613899805124     1.6649874712494221
6.286813936125558     1.4555802488456262
6.326013972445992     1.1784048926920088
6.365214008766426     0.8834584331705662
6.404414045086863     0.6133535828544422
6.443614081407297     0.3943382419515872
6.482814117727731     0.2347794551779252
6.522014154048165     0.12944476510484865
6.561214190368602     0.06609096639382972
6.600414226689036     0.031248770618200358
6.63961426300947     0.013682238717367408
6.678814299329904     0.00554775195358882
6.7180143356503415     0.0020832556721050517
6.757214371970775     0.0007251605827861055
6.796414408291209     0.00023685843572116824
6.835614444611643     8.398552009703536e-05
6.874814480932077     7.242009591782039e-05
6.9140145172525145     0.00018653634271469232
6.953214553572948     0.0005752087415434095
6.992414589893382     0.0016804114771175615
7.031614626213816     0.004553982189021593
7.070814662534254     0.011430284377273463
7.1100146988546875     0.026568114767067795
7.149214735175121     0.0571871892461069
7.188414771495555     0.11399114209769778
7.227614807815989     0.21041575068864177
7.266814844136427     0.35968377802625073
7.3060148804568605     0.5693769805012072
7.345214916777294     0.8346739013051285
7.384414953097728     1.1331142810020034
7.423614989418166     1.4245364477530202
7.4628150257386     1.65852041655817
7.502015062059034     1.7882245054901467
7.5412150983794675     1.7856120624620897
7.580415134699905     1.6513206254822057
7.619615171020339     1.4144255814813849
7.658815207340773     1.1222191172330722
7.698015243661207     0.8249174193188324
7.7372152799816405     0.5620360065067658
7.776415316302078     0.3552821986717791
7.815615352622512     0.20889141634316055
7.854815388942946     0.11496950661540106
7.89401542526338     0.060206105270254606
7.933215461583817     0.031184081064433607
7.972415497904251     0.01722582745116722
8.011615534224685     0.011109728131318861
8.050815570545119     0.00856680401992569
8.090015606865553     0.007381816621256693
8.12921564318599     0.006572535618162024
8.168415679506424     0.005808268443617543
8.207615715826858     0.005058957918870469
8.246815752147292     0.004411219010153759
8.28601578846773     0.00398611779732272
8.325215824788163     0.0039058869009526674
8.364415861108597     0.004271951784009125
8.403615897429031     0.005135622124744346
8.442815933749468     0.006464504982615802
8.482015970069902     0.008124993385168512
8.521216006390336     0.009905233242115247
8.56041604271077     0.011591230065796973
8.599616079031204     0.01309215360302007
8.638816115351641     0.014615085499088538
8.678016151672072     0.01694564979627842
8.71721618799251     0.022015595595025042
8.756416224312947     0.03410492544077037
8.795616260633377     0.06213497792989973
8.834816296953814     0.12336960150338583
8.874016333274252     0.24820700179050365
8.913216369594682     0.4844621154927534
8.95241640591512     0.8978478777653096
8.99161644223555     1.564203591691283
9.030816478555987     2.5499692898336943
9.070016514876425     3.8818295145358785
9.109216551196855     5.513920632558443
9.148416587517293     7.308069656693686
9.187616623837723     9.043570007395864
9.22681666015816     10.46377725019802
9.266016696478598     11.349063117364373
9.305216732799028     11.588501272640443
9.344416769119466     11.217881777116395
9.383616805439903     10.405091086444118
9.422816841760334     9.389467535968933
9.462016878080771     8.404248796182248
9.501216914401201     7.616817670349011
9.540416950721639     7.107608933351891
9.579616987042076     6.885417983022908
9.618817023362507     6.919272246258744
9.658017059682944     7.164145389139829
9.697217096003374     7.568351664685162
9.736417132323812     8.065709274795033
9.77561716864425     8.56595008149801
9.81481720496468     8.957269086824168
9.854017241285117     9.126329025948838
9.893217277605554     8.989177786799115
9.932417313925985     8.518701154350563
9.971617350246422     7.7553008260621805
10.010817386566853     6.796732807322895
10.05001742288729     5.774213099390202
10.089217459207728     4.82741735274069
10.128417495528158     4.087583828316969
10.167617531848595     3.669044742260726
10.206817568169026     3.662496225124205
10.246017604489463     4.123563424401482
10.2852176408099     5.057163124343893
10.32441767713033     6.405938420130285
10.363617713450768     8.052911485386954
10.402817749771199     9.841965809475454
10.442017786091636     11.608851159049934
10.481217822412074     13.208274332804576
10.520417858732504     14.525519371620184
10.559617895052941     15.47266694472193
10.598817931373379     15.981144224700117
10.63801796769381     16.00450511763277
10.677218004014247     15.535733187247713
10.716418040334677     14.629250286145567
10.755618076655114     13.410284855407626
10.794818112975552     12.059354399482546
10.834018149295982     10.773901407030586
10.87321818561642     9.722745365387567
10.91241822193685     9.013156872102508
10.951618258257287     8.683005378729591
10.990818294577725     8.716789210768955
11.030018330898155     9.072680479641086
11.069218367218593     9.704128392539186
11.10841840353903     10.565162928119353
11.14761843985946     11.59970458509122
11.186818476179898     12.725842033593167
11.226018512500328     13.830433286787379
11.265218548820766     14.784650634532282
11.304418585141203     15.479060273136707
11.343618621461633     15.86388900254287
11.382818657782071     15.97412845658447
11.422018694102501     15.924459534478437
11.461218730422939     15.873197035258636
11.500418766743376     15.969376539341976
11.539618803063806     16.304168961612312
11.578818839384244     16.883829911824726
11.618018875704681     17.63034350073203
11.657218912025112     18.405382790241006
11.69641894834555     19.04842972039183
11.73561898466598     19.42033294346151
11.774819020986417     19.44467510213022
11.814019057306854     19.13775831614612
11.853219093627285     18.615590666117505
11.892419129947722     18.06854679008369
11.931619166268153     17.705067330482184
11.97081920258859     17.681622465219036
12.010019238909027     18.04763228244788
12.049219275229458     18.73176710358911
12.088419311549895     19.578491659927614
12.127619347870333     20.41948213032098
12.166819384190763     21.14730134917623
12.2060194205112     21.75820799295852
12.24521945683163     22.346818566091308
12.284419493152068     23.05797786583566
12.323619529472506     24.01874170578258
12.362819565792936     25.27882210421931
12.402019602113374     26.78151405960555
12.441219638433804     28.373957222010766
12.480419674754241     29.851040244461718
12.519619711074679     31.01553835289532
12.558819747395109     31.731693646767027
12.598019783715547     31.953111167832176
12.637219820035984     31.718158102992668
12.676419856356414     31.121421875231675
12.715619892676852     30.279332463514066
12.754819928997282     29.30580177371499
12.79401996531772     28.302012738351696
12.833220001638157     27.352927721673552
12.872420037958587     26.520889102537026
12.911620074279025     25.834731070691653
12.950820110599455     25.28287818928835
12.990020146919893     24.820991398337448
13.02922018324033     24.396000962043704
13.06842021956076     23.9755986946803
13.107620255881198     23.56590029145144
13.146820292201628     23.20550832317139
13.186020328522066     22.938136686954817
13.225220364842503     22.779183015170947
13.264420401162933     22.6961844135974
13.30362043748337     22.616708536699583
13.342820473803808     22.46338208534709
13.382020510124239     22.20093970268662
13.421220546444676     21.871266475505657
13.460420582765106     21.594595321151893
13.499620619085544     21.529402812513116
13.538820655405981     21.80492364011954
13.578020691726412     22.457717830716103
13.61722072804685     23.406127586677425
13.65642076436728     24.47971065412343
13.695620800687717     25.49230928054201
13.734820837008154     26.32306418447553
13.774020873328585     26.963971142380235
13.813220909649022     27.509508137388224
13.85242094596946     28.09417525582633
13.89162098228989     28.810645933357684
13.930821018610327     29.650238404263696
13.970021054930758     30.494588000189168
14.009221091251195     31.160603221915792
14.048421127571633     31.4746863818778
14.087621163892063     31.340076841193657
14.1268212002125     30.76808941212925
14.16602123653293     29.864627334899353
14.205221272853368     28.785401841626513
14.244421309173806     27.68497991547737
14.283621345494236     26.681639535016828
14.322821381814673     25.84683846115714
14.362021418135111     25.214541394347876
14.401221454455541     24.79893731585605
14.440421490775979     24.609890076603293
14.479621527096409     24.659784106866404
14.518821563416846     24.959585610002804
14.558021599737284     25.50541566044739
14.597221636057714     26.260744179004618
14.636421672378152     27.142941883892412
14.675621708698582     28.02376339935475
14.71482174501902     28.749161773631755
14.754021781339457     29.175422114237513
14.793221817659887     29.20986917548297
14.832421853980325     28.840251261852067
14.871621890300762     28.140373646489834
14.910821926621193     27.24977436789966
14.95002196294163     26.337168918538623
14.98922199926206     25.564177146778732
15.028422035582498     25.063117053281474
15.067622071902935     24.93203837314414
15.106822108223366     25.23875266332696
15.146022144543803     26.020994105184002
15.185222180864233     27.27462008911878
15.22442221718467     28.93211579415813
15.263622253505108     30.84293139809705
15.302822289825539     32.77061210597378
15.342022326145976     34.41819681361166
15.381222362466414     35.484066881324125
15.420422398786844     35.73739230734046
15.459622435107281     35.08959977745711
15.498822471427712     33.63269520707095
15.538022507748149     31.623289616608943
15.577222544068587     29.412760476508623
15.616422580389017     27.34929977793884
15.655622616709454     25.691680776945198
15.694822653029885     24.56773079030721
15.734022689350322     23.986181531067118
15.77322272567076     23.88364791573069
15.81242276199119     24.174914276342054
15.851622798311627     24.780748260590876
15.890822834632058     25.626570632093973
15.930022870952495     26.624084064797877
15.969222907272933     27.655669602221362
16.008422943593363     28.575921026017774
16.0476229799138     29.232074599354256
16.086823016234238     29.494077016143855
16.126023052554668     29.281532229920348
16.165223088875106     28.57896951150821
16.204423125195536     27.438201661867097
16.243623161515973     25.97142302511882
16.28282319783641     24.33863936447333
16.32202323415684     22.73005257113067
16.36122327047728     21.342362590851387
16.40042330679771     20.349973436852025
16.439623343118146     19.876280684362712
16.478823379438584     19.972840405689016
16.518023415759014     20.612797984643297
16.55722345207945     21.700135315786035
16.59642348839989     23.09083381495887
16.63562352472032     24.61860747896459
16.674823561040757     26.11772141327178
16.714023597361187     27.438452865958155
16.753223633681625     28.45563069280456
16.792423670002062     29.074927186635257
16.831623706322492     29.24232974214753
16.87082374264293     28.958128712285962
16.91002377896336     28.289676740947456
16.949223815283798     27.371888476407726
16.988423851604235     26.38580091421443
17.027623887924666     25.514668150750587
17.066823924245103     24.889799846034606
17.10602396056554     24.547152648533192
17.14522399688597     24.414561952394955
17.184424033206408     24.338144180047234
17.22362406952684     24.14042175437747
17.262824105847276     23.689879351891996
17.302024142167713     22.95718021266809
17.341224178488144     22.03785347520357
17.38042421480858     21.132342675688562
17.41962425112901     20.488215422934843
17.45882428744945     20.322167324520407
17.498024323769886     20.747058453102383
17.537224360090317     21.72819651737997
17.576424396410754     23.083004585371004
17.61562443273119     24.52297388160038
17.654824469051622     25.723032568058365
17.69402450537206     26.396704204858843
17.73322454169249     26.357049338171734
17.772424578012927     25.55061388130924
17.811624614333365     24.060306424656968
17.850824650653795     22.08048657542564
17.890024686974233     19.872577890682102
17.929224723294663     17.71189143176128
17.9684247596151     15.835890509104985
18.007624795935538     14.40173382941132
18.046824832255968     13.458839163026052
18.086024868576406     12.941925033556718
18.125224904896836     12.689748214336422
18.164424941217273     12.490414211805064
18.20362497753771     12.144076975919194
18.24282501385814     11.522908575052092
18.28202505017858     10.605253752130091
18.321225086499016     9.470864263080468
18.360425122819446     8.262399033994843
18.399625159139884     7.133427097732854
18.438825195460314     6.2056945922479425
18.47802523178075     5.5485654370588335
18.51722526810119     5.17971644138442
18.55642530442162     5.077403938527819
18.595625340742057     5.194096359634013
18.634825377062487     5.46600799150624
18.674025413382925     5.818304403937152
18.713225449703362     6.168762693153475
18.752425486023792     6.433238405125341
18.79162552234423     6.5350890431650885
18.830825558664667     6.418308726542813
18.870025594985098     6.0613207927647315
18.909225631305535     5.486475105529181
18.948425667625965     4.760576102111955
18.987625703946403     3.9844484928912083
19.02682574026684     3.273482234831259
19.06602577658727     2.7344739217633123
19.105225812907708     2.4455109851632564
19.14442584922814     2.4447599223241685
19.183625885548576     2.731242951781466
19.222825921869013     3.276672615135498
19.262025958189444     4.042954747068861
19.30122599450988     4.996537349361073
19.34042603083032     6.110726499548344
19.37962606715075     7.352338914778459
19.418826103471186     8.658661920466177
19.458026139791617     9.91957784807769
19.497226176112054     10.981062635696183
19.53642621243249     11.676807333037221
19.575626248752922     11.878646461117338
19.61482628507336     11.543808408228418
19.65402632139379     10.736466452905649
19.693226357714227     9.613335383339761
19.732426394034665     8.38019405788569
19.771626430355095     7.2379107042945785
19.810826466675532     6.337517168137861
19.85002650299597     5.756258414592074
19.8892265393164     5.496426505516586
19.928426575636838     5.5012009967953945
19.967626611957268     5.678438025076114
20.006826648277706     5.923912381004881
20.046026684598143     6.138771390877858
20.085226720918573     6.2403872302052985
20.12442675723901     6.169297023495451
20.16362679355944     5.895544223013499
20.20282682987988     5.425190468514087
20.242026866200316     4.804092013960181
20.281226902520746     4.114303442552213
20.320426938841184     3.4604203130538354
20.35962697516162     2.947792624385716
20.39882701148205     2.658852929384259
20.43802704780249     2.6350843939149162
20.47722708412292     2.8697694839021315
20.516427120443357     3.312234992133884
20.555627156763794     3.8804372965823273
20.594827193084225     4.477278926666777
20.634027229404662     5.007064587631262
20.673227265725092     5.3903366480754675
20.71242730204553     5.575989410236131
20.751627338365967     5.548568026560915
20.790827374686398     5.327731358121553
20.830027411006835     4.958378160491963
20.869227447327265     4.494235875721554
20.908427483647703     3.981982784344389
20.94762751996814     3.453416218029811
20.98682755628857     2.928640979200073
21.026027592609008     2.426683798448431
21.065227628929446     1.9759759257029172
21.104427665249876     1.618123780764853
21.143627701570313     1.4026979951747065
21.182827737890744     1.3749195166688453
21.22202777421118     1.5600895297675912
21.26122781053162     1.949079520675259
21.30042784685205     2.4897270194453167
21.339627883172486     3.0894506996034288
21.378827919492917     3.632688650393206
21.418027955813354     4.011243483449862
21.45722799213379     4.1579455160529495
21.496428028454222     4.069144742917262
21.53562806477466     3.8040888382915456
21.574828101095097     3.4594497273669162
21.614028137415527     3.1297995450376193
21.653228173735965     2.872182072769066
21.692428210056395     2.6905479867725504
21.731628246376832     2.5452083746847625
21.77082828269727     2.3799156955936978
21.8100283190177     2.1516504472245397
21.849228355338138     1.8491333603294784
21.888428391658568     1.4938665357409984
21.927628427979005     1.1269636739056403
21.966828464299443     0.790896756080556
22.006028500619873     0.5152689270721758
22.04522853694031     0.31128520002079907
22.084428573260748     0.17427158654885283
22.12362860958118     0.0903846680741878
22.162828645901616     0.043419612693363835
22.202028682222046     0.01931784858667581
22.241228718542484     0.007959595796947973
22.28042875486292     0.0030371819249667953
22.31962879118335     0.001073227382763599
22.35882882750379     0.0003511966773382636
22.39802886382422     0.00010642531039993422
22.437228900144657     2.9865812747358963e-05
22.476428936465094     7.761364954551411e-06
22.515628972785525     1.867823968739622e-06
22.554829009105962     4.1626289771408924e-07
22.5940290454264     8.590793941050273e-08
22.63322908174683     1.641847059602397e-08
22.672429118067267     2.9058010349997152e-09
22.711629154387698     4.762476187763396e-10
22.750829190708135     7.22825763488232e-11
22.790029227028572     1.0159590298934575e-11
22.829229263349003     1.3243184049903795e-12
22.86842929966944     1.7866745328656069e-13
22.90762933598987     1.9005499157272587e-13
22.946829372310308     1.4267536935625128e-12
22.986029408630746     1.0914921892413593e-11
23.025229444951176     7.742326134996006e-11
23.064429481271613     5.085833647008993e-10
23.10362951759205     3.093755267396439e-09
23.14282955391248     1.7427809017553353e-08
23.18202959023292     9.091439618316008e-08
23.22122962655335     4.3919314742949386e-07
23.260429662873786     1.964768931295946e-06
23.299629699194224     8.139550812781612e-06
23.338829735514654     3.122643642315998e-05
23.37802977183509     0.00011093726158119286
23.417229808155522     0.0003649769917694662
23.45642984447596     0.0011119533378436271
23.495629880796397     0.0031371888870765146
23.534829917116827     0.008196487908054273
23.574029953437265     0.01983115306203955
23.613229989757695     0.04443254198792683
23.652430026078132     0.09219075734600754
23.69163006239857     0.1771359189739746
23.730830098719     0.3151801922400312
23.770030135039438     0.5193309752034766
23.809230171359875     0.7924330244392213
23.848430207680305     1.119731601633148
23.887630244000743     1.4652048019592367
23.926830280321173     1.7754799018385397
23.96603031664161     1.9923526731465433
24.005230352962048     2.0703782770565446
