-23.347177441042337     3.80522171260163e-05
-23.307978350030545     3.703774975989281e-05
-23.268779259018753     3.411067258140968e-05
-23.229580168006965     3.084390116215282e-05
-23.190381076995173     2.9662404925056296e-05
-23.15118198598338     3.375981119773154e-05
-23.11198289497159     4.695331059644446e-05
-23.072783803959798     7.332302695943028e-05
-23.033584712948006     0.00011644061124487765
-22.994385621936217     0.00017816287247825996
-22.955186530924426     0.00025732928113088836
-22.915987439912634     0.00034903399582829846
-22.876788348900842     0.0004451216112360022
-22.83758925788905     0.0005360226917672827
-22.79839016687726     0.0006132399994039982
-22.75919107586547     0.0006712956346268347
-22.719991984853678     0.0007082374129767788
-22.680792893841886     0.0007247854666029179
-22.641593802830094     0.0007231517833277869
-22.602394711818302     0.000706680409042778
-22.563195620806514     0.0006805741101606199
-22.523996529794722     0.0006527956046225591
-22.48479743878293     0.0006337689995937338
-22.44559834777114     0.0006342237073605084
-22.406399256759347     0.0006619227043607806
-22.367200165747555     0.0007190166349868869
-22.328001074735766     0.0008015356777756394
-22.288801983723975     0.0009011570170683878
-22.249602892712183     0.0010078656391531344
-22.21040380170039     0.0011116733325152602
-22.1712047106886     0.001202638991076666
-22.13200561967681     0.0012702465821833374
-22.09280652866502     0.0013041757307085645
-22.053607437653227     0.0012975794544656998
-22.014408346641435     0.0012516578548917294
-21.975209255629643     0.0011784271776088967
-21.93601016461785     0.0010988589905485935
-21.896811073606063     0.0010361265868407937
-21.85761198259427     0.0010068699453737444
-21.81841289158248     0.0010149806458752883
-21.779213800570687     0.0010513233162481993
-21.740014709558896     0.0010997454901551806
-21.700815618547104     0.0011465384393581832
-21.661616527535315     0.0011889420278327926
-21.622417436523524     0.001238986709976042
-21.58321834551173     0.0013213065452010178
-21.54401925449994     0.001466179067852561
-21.504820163488148     0.0017007027652172053
-21.46562107247636     0.0020411944038105107
-21.426421981464568     0.002488885636476784
-21.387222890452776     0.0030295893312272493
-21.348023799440984     0.0036369156856539725
-21.308824708429192     0.004278165039700971
-21.2696256174174     0.004921986697014851
-21.230426526405612     0.005546662895045413
-21.19122743539382     0.006146994438181256
-21.15202834438203     0.006736637643027122
-21.112829253370236     0.007342827835506798
-21.073630162358445     0.007993182611131218
-21.034431071346653     0.00869933967436565
-20.995231980334864     0.009446485029987302
-20.956032889323073     0.010197243225875199
-20.91683379831128     0.010911244902811217
-20.87763470729949     0.011571177158928003
-20.838435616287697     0.01219914103986919
-20.79923652527591     0.01284956533828697
-20.760037434264117     0.013576977502295218
-20.720838343252325     0.014392277418496422
-20.681639252240533     0.015230620214765102
-20.64244016122874     0.015951283853998105
-20.603241070216953     0.016375485585842908
-20.56404197920516     0.016349244782683955
-20.52484288819337     0.015805104043244925
-20.485643797181577     0.01479608112995182
-20.446444706169785     0.01348787118703125
-20.407245615157994     0.012113966463818666
-20.3680465241462     0.010912882322857408
-20.328847433134413     0.010070270278104568
-20.28964834212262     0.009681858041978901
-20.25044925111083     0.009742270447205301
-20.211250160099038     0.010156646980770304
-20.172051069087246     0.010768942881112287
-20.132851978075458     0.011400514951652306
-20.093652887063666     0.011891735856246947
-20.054453796051874     0.012137450344124851
-20.015254705040082     0.01210662457308606
-19.97605561402829     0.011840156978177691
-19.936856523016502     0.011428307060364124
-19.89765743200471     0.010977306842959387
-19.858458340992918     0.010579281810407697
-19.819259249981126     0.010297941860166986
-19.780060158969334     0.010174692008538037
-19.740861067957542     0.010248827160662936
-19.70166197694575     0.010576362399125945
-19.662462885933962     0.011230070877597035
-19.62326379492217     0.01227123641989496
-19.58406470391038     0.013699462231908635
-19.544865612898587     0.015403460889883943
-19.505666521886795     0.01714335799570192
-19.466467430875007     0.018586459658166375
-19.427268339863215     0.019394511217690705
-19.388069248851423     0.019332306943482744
-19.34887015783963     0.018351726362584787
-19.30967106682784     0.016613366058013713
-19.27047197581605     0.014436915909944975
-19.23127288480426     0.012204368113614177
-19.192073793792467     0.010257778083196206
-19.152874702780675     0.008827652019583741
-19.113675611768883     0.008006792705725742
-19.07447652075709     0.007763077504395336
-19.0352774297453     0.007974298328218759
-18.99607833873351     0.008469478318773139
-18.95687924772172     0.009067338338572662
-18.917680156709928     0.009607451701719236
-18.878481065698136     0.009971599286692636
-18.839281974686344     0.010094067349465346
-18.800082883674555     0.009961847755664993
-18.760883792662764     0.009608049891351791
-18.72168470165097     0.009102359359763241
-18.68248561063918     0.008540787685835723
-18.643286519627388     0.008035237711360938
-18.6040874286156     0.00770366890143637
-18.564888337603808     0.00766375924363627
-18.525689246592016     0.008034552053236523
-18.486490155580224     0.00894893929121397
-18.447291064568432     0.010573544953566159
-18.408091973556644     0.013122222440953736
-18.36889288254485     0.0168389332805088
-18.32969379153306     0.021924272983750014
-18.29049470052127     0.028398846514065327
-18.251295609509476     0.03593918567370821
-18.212096518497685     0.043769806768743126
-18.172897427485893     0.05071026352852645
-18.133698336474104     0.055426272220069885
-18.094499245462313     0.05682777230828991
-18.05530015445052     0.054454099972066766
-18.01610106343873     0.04866261587388613
-17.976901972426937     0.040522316899610104
-17.93770288141515     0.031461427618001137
-17.898503790403357     0.02283475342601723
-17.859304699391565     0.015593402632205265
-17.820105608379773     0.010159370776689252
-17.78090651736798     0.006494159831113645
-17.741707426356193     0.004273973556951831
-17.702508335344397     0.0030731305561553382
-17.66330924433261     0.0024943127382579186
-17.624110153320817     0.0022315997665150887
-17.584911062309025     0.0020826967443494885
-17.545711971297234     0.001934563496283113
-17.50651288028544     0.001740486874621037
-17.467313789273653     0.0014974714622666707
-17.42811469826186     0.0012267538232653597
-17.38891560725007     0.0009580390102061451
-17.349716516238278     0.0007179186021537393
-17.310517425226486     0.0005230275346177745
-17.271318334214698     0.0003780240206193854
-17.232119243202906     0.0002775573111712759
-17.192920152191114     0.00021055506325529918
-17.153721061179322     0.0001648732993982954
-17.11452197016753     0.00013073477969514338
-17.075322879155742     0.000102221743862538
-17.036123788143946     7.698739166807573e-05
-16.996924697132158     5.4940752182509664e-05
-16.957725606120366     3.677768063084068e-05
-16.918526515108574     2.2959947253766902e-05
-16.879327424096783     1.3324705961869227e-05
-16.84012833308499     7.17599944930021e-06
-16.800929242073202     3.58287651902332e-06
-16.76173015106141     1.6576089903837026e-06
-16.72253106004962     7.10414388606287e-07
-16.683331969037827     2.82003705778835e-07
-16.644132878026035     1.036753058196392e-07
-16.604933787014247     3.529828631748459e-08
-16.565734696002455     1.1129584075379448e-08
-16.526535604990663     3.2497155594276223e-09
-16.48733651397887     8.787181813204321e-10
-16.44813742296708     2.2003406796133348e-10
-16.40893833195529     5.102291961355744e-11
-16.3697392409435     1.0956584654588484e-11
-16.330540149931707     2.178809712482791e-12
-16.291341058919915     4.0123374361251605e-13
-16.252141967908123     6.842417148074269e-14
-16.21294287689633     1.0805765622849786e-14
-16.17374378588454     1.5802849688673922e-15
-16.13454469487275     2.1401742226953687e-16
-16.09534560386096     2.6840876481282824e-17
-16.056146512849168     3.1172964008335495e-18
-16.016947421837376     3.352689544029083e-19
-15.977748330825586     3.339199892074758e-20
-15.938549239813794     3.079819966985588e-21
-15.899350148802004     2.630522841654908e-22
-15.860151057790212     2.080619471136939e-23
-15.82095196677842     1.5239723013722638e-24
-15.781752875766628     1.03370191977585e-25
-15.742553784754838     6.493030225650908e-27
-15.703354693743048     3.776957279160291e-28
-15.664155602731256     2.053646762376319e-29
-15.624956511719464     5.4863635347318225e-30
-15.585757420707672     9.664189363041129e-29
-15.54655832969588     1.9323697698864576e-27
-15.50735923868409     3.5797994573403496e-26
-15.4681601476723     6.141315988144713e-25
-15.428961056660508     9.756589306816765e-24
-15.389761965648717     1.4353851161896299e-22
-15.350562874636925     1.955566941049711e-21
-15.311363783625135     2.4672364299217512e-20
-15.272164692613343     2.8825887338181757e-19
-15.232965601601553     3.1188065289163993e-18
-15.19376651058976     3.124841677137824e-17
-15.154567419577969     2.8993552784863915e-16
-15.115368328566179     2.4912005269671933e-15
-15.076169237554387     1.9822104996367893e-14
-15.036970146542595     1.4605777862469632e-13
-14.997771055530805     9.966288253452002e-13
-14.958571964519013     6.297613896155347e-12
-14.919372873507221     3.685126929985347e-11
-14.880173782495431     1.9969293752056822e-10
-14.84097469148364     1.0020901511545111e-09
-14.801775600471847     4.65676922100654e-09
-14.762576509460057     2.003994252766149e-08
-14.723377418448266     7.986234558288783e-08
-14.684178327436475     2.947280597042452e-07
-14.644979236424684     1.0072441239292419e-06
-14.605780145412892     3.1877322335124993e-06
-14.566581054401102     9.34249253726572e-06
-14.52738196338931     2.5355811833494795e-05
-14.488182872377518     6.37273878845785e-05
-14.448983781365728     0.00014832301917205718
-14.409784690353936     0.0003196869098334529
-14.370585599342144     0.0006380798773150961
-14.331386508330354     0.0011793949371061753
-14.292187417318562     0.002018728022273083
-14.25298832630677     0.0031998647667771246
-14.21378923529498     0.004697029420225853
-14.174590144283188     0.0063849875190807705
-14.135391053271398     0.008038267472693034
-14.096191962259606     0.009373211248899322
-14.056992871247814     0.010127485298130458
-14.017793780236024     0.010149967569544109
-13.978594689224233     0.009464096301477248
-13.93939559821244     0.008278575577501092
-13.90019650720065     0.006945229458394351
-13.860997416188859     0.005887366234032413
-13.821798325177067     0.005526999339386223
-13.782599234165277     0.006223859985415089
-13.743400143153485     0.008218209319028688
-13.704201052141693     0.011563361813287553
-13.665001961129903     0.016051857782409307
-13.625802870118111     0.02117004831784655
-13.586603779106321     0.02613296018649578
-13.54740468809453     0.030031807771958952
-13.508205597082737     0.03207153541966145
-13.469006506070947     0.03181588373056539
-13.429807415059155     0.029334670237048045
-13.390608324047363     0.025184296868879987
-13.351409233035573     0.020230179675242595
-13.312210142023782     0.01539171793913703
-13.27301105101199     0.011414275087082433
-13.2338119600002     0.008740753055876738
-13.194612868988408     0.007496021452651077
-13.155413777976616     0.0075497350598823995
-13.116214686964826     0.008608506291339281
-13.077015595953034     0.010302155230648813
-13.037816504941242     0.012251716011722515
-12.998617413929452     0.014123555599135681
-12.95941832291766     0.015681321513672283
-12.92021923190587     0.016852429193613436
-12.881020140894078     0.017839113671040373
-12.841821049882286     0.01933461770259175
-12.802621958870496     0.02295062928285946
-12.763422867858704     0.031990814883991824
-12.724223776846912     0.05263937276317624
-12.685024685835122     0.09536815820587827
-12.64582559482333     0.1758597345618111
-12.606626503811539     0.3141667335919076
-12.567427412799749     0.530652317666424
-12.528228321787957     0.8380971180361447
-12.489029230776165     1.2314647265292078
-12.449830139764375     1.6794687030948428
-12.410631048752583     2.1235046214812727
-12.371431957740793     2.4878435765641034
-12.332232866729     2.699968899354731
-12.293033775717209     2.713921275483342
-12.253834684705419     2.526421395206716
-12.214635593693627     2.1780472573012175
-12.175436502681835     1.738893327794615
-12.136237411670045     1.2856389323464203
-12.097038320658253     0.8802564605360318
-12.057839229646461     0.5581863005582124
-12.018640138634671     0.32798093581677046
-11.97944104762288     0.17911574312600168
-11.940241956611088     0.09255488166050757
-11.901042865599297     0.04982006040104876
-11.861843774587506     0.0389843427930423
-11.822644683575716     0.05827824029819777
-11.783445592563924     0.11883919747146676
-11.744246501552132     0.24752663857809928
-11.705047410540342     0.48917454346483874
-11.66584831952855     0.9059132281726302
-11.626649228516758     1.5702289381194556
-11.587450137504968     2.5493381425095976
-11.548251046493176     3.8819135488202328
-11.509051955481384     5.553564795196952
-11.469852864469594     7.4822087703077775
-11.430653773457802     9.524858371934247
-11.39145468244601     11.510848048938007
-11.35225559143422     13.294375022463583
-11.313056500422428     14.807370266762383
-11.273857409410637     16.08982088079895
-11.234658318398846     17.28281173755553
-11.195459227387055     18.586154927139088
-11.156260136375264     20.197739402452893
-11.117061045363473     22.25654893054348
-11.07786195435168     24.804323313498223
-11.03866286333989     27.76942015859693
-10.999463772328099     30.96995917393775
-10.960264681316307     34.134725495396
-10.921065590304517     36.943674219742284
-10.881866499292725     39.086922103492086
-10.842667408280933     40.33050526107584
-10.803468317269143     40.56736882987352
-10.764269226257351     39.83373123969294
-10.72507013524556     38.2859453480248
-10.68587104423377     36.151002532507995
-10.646671953221977     33.671647299546336
-10.607472862210187     31.061111956911795
-10.568273771198395     28.471697945114645
-10.529074680186604     25.977105212326222
-10.489875589174813     23.572009511454233
-10.450676498163022     21.194829706657263
-10.41147740715123     18.772498787477463
-10.37227831613944     16.272042528011966
-10.333079225127648     13.73489482933384
-10.293880134115856     11.275681303602587
-10.254681043104066     9.045398092946577
-10.215481952092274     7.177385559268098
-10.176282861080482     5.741605055313021
-10.137083770068692     4.725773520326158
-10.0978846790569     4.047238787153205
-10.05868558804511     3.5861999304765364
-10.019486497033318     3.224705426112403
-9.980287406021526     2.8772667324243026
-9.941088315009736     2.5050206950231284
-9.901889223997944     2.112607341159208
-9.862690132986152     1.7326254628169941
-9.823491041974362     1.4052945738718146
-9.78429195096257     1.16064452913774
-9.745092859950779     1.0080595085775261
-9.705893768938989     0.9347140023580977
-9.666694677927197     0.9115599888671567
-9.627495586915405     0.9036656828106638
-9.588296495903615     0.8809942019192909
-9.549097404891823     0.8261213461787793
-9.509898313880031     0.7368256007598024
-9.470699222868241     0.6235401540965454
-9.431500131856449     0.5035355538980443
-9.392301040844659     0.3945546169460967
-9.353101949832867     0.31013399926491325
-9.313902858821075     0.2574905704208086
-9.274703767809285     0.237533705410885
-9.235504676797493     0.2459830689779956
-9.196305585785701     0.2747988695520177
-9.157106494773911     0.31371029424305136
-9.11790740376212     0.35199405329918193
-9.078708312750328     0.3805390982306873
-9.039509221738538     0.3937934693811121
-9.000310130726746     0.39084932852300175
-8.961111039714954     0.3750508238905889
-8.921911948703164     0.3521376373853901
-8.882712857691372     0.32770654319526193
-8.843513766679582     0.3051696204904953
-8.80431467566779     0.2851124254690016
-8.765115584655998     0.26616047603024234
-8.725916493644208     0.24665406942950507
-8.686717402632416     0.22610726612508752
-8.647518311620624     0.2057293183239178
-8.608319220608834     0.18793912663267723
-8.569120129597042     0.1753525374994895
-8.52992103858525     0.16986998044935392
-8.49072194757346     0.17225543289643802
-8.451522856561668     0.18222225536821898
-8.412323765549877     0.19878696463132106
-8.373124674538087     0.22063292713850946
-8.333925583526295     0.24638664343454386
-8.294726492514503     0.27490021940461457
-8.255527401502713     0.30571259763461384
-8.21632831049092     0.33976898214637574
-8.17712921947913     0.3802610463244113
-8.137930128467339     0.4332399265817272
-8.098731037455547     0.507590793551892
-8.059531946443757     0.6141108015740613
-8.020332855431965     0.7637443346847161
-7.981133764420173     0.9653338300585796
-7.941934673408383     1.2233658257468112
-7.902735582396591     1.5360887696316543
-7.863536491384799     1.894209348104148
-7.824337400373009     2.280371303363023
-7.785138309361217     2.6698289561539523
-7.745939218349426     3.032851639995792
-7.7067401273376355     3.339016155026841
-7.667541036325844     3.5626008914944767
-7.6283419453140535     3.6873457857190446
-7.589142854302262     3.7087107947995617
-7.54994376329047     3.6327909220470427
-7.51074467227868     3.4726644032578595
-7.471545581266888     3.2440950168655864
-7.432346490255096     2.9624785304954546
-7.393147399243306     2.6418921966768454
-7.353948308231514     2.2958525125596005
-7.314749217219724     1.93861753842681
-7.275550126207932     1.5858198545088438
-7.23635103519614     1.2537258777067595
-7.197151944184348     0.9571888472962964
-7.1579528531725565     0.7070773642886512
-7.118753762160768     0.5083046449207613
-7.079554671148976     0.3593610933665997
-7.040355580137184     0.25355975945077913
-7.001156489125393     0.18142961710740396
-6.961957398113601     0.1332710613690233
-6.922758307101809     0.1010038242672544
-6.8835592160900205     0.07892735082193854
-6.844360125078229     0.06353971492006304
-6.805161034066437     0.05285992803351363
-6.765961943054645     0.0457099809694814
-6.726762852042853     0.04123894190756667
-6.687563761031065     0.03875537908742866
-6.648364670019273     0.037773809679531846
-6.609165579007481     0.038110839358681564
-6.569966487995689     0.03988344874548694
-6.530767396983897     0.04334352688313654
-6.491568305972105     0.04859251775399206
-6.452369214960317     0.05530815367455995
-6.413170123948525     0.06263497227931852
-6.373971032936733     0.06932478356416781
-6.3347719419249415     0.07409237497354138
-6.29557285091315     0.0760412292402725
-6.256373759901358     0.07497829365417696
-6.2171746688895695     0.07149830494497261
-6.177975577877778     0.0668409359948915
-6.138776486865986     0.06263440769174604
-6.099577395854194     0.060670465489865356
-6.060378304842402     0.06278834191717103
-6.021179213830614     0.07082007504665139
-5.981980122818822     0.08644731616315786
-5.94278103180703     0.11082102819974034
-5.903581940795238     0.14393307490273363
-5.864382849783446     0.1839521188762093
-5.825183758771654     0.22691334070583125
-5.785984667759866     0.2671310271809134
-5.746785576748074     0.29842414436167974
-5.707586485736282     0.315819877787005
-5.6683873947244905     0.3170803907775459
-5.629188303712699     0.30341175155265654
-5.58998921270091     0.2790864274976599
-5.5507901216891185     0.25022586414624026
-5.511591030677327     0.22333949495752026
-5.472391939665535     0.2042169686202967
-5.433192848653743     0.19746492719820774
-5.393993757641951     0.20656921028970324
-5.354794666630163     0.23406017720862557
-5.315595575618371     0.2812971400152776
-5.276396484606579     0.3476152550900698
-5.237197393594787     0.4290488360640927
-5.197998302582995     0.517370243456852
-5.158799211571203     0.6004251475121766
-5.119600120559415     0.6643802983678024
-5.080401029547623     0.6975254587106399
-5.041201938535831     0.6941803519879609
-5.0020028475240395     0.6568166611663815
-4.962803756512248     0.5951842715200723
-4.923604665500459     0.5227431999316743
-4.884405574488667     0.452114766238034
-4.8452064834768755     0.3916638193947248
-4.806007392465084     0.3444960408700432
-4.766808301453292     0.309717561563519
-4.7276092104415     0.28470327713434707
-4.688410119429712     0.2669479531874557
-4.64921102841792     0.25474028479343114
-4.610011937406128     0.24682047971602386
-4.570812846394336     0.24174894765394583
-4.531613755382544     0.2376753972832809
-4.492414664370752     0.23272885099890603
-4.453215573358964     0.22574397623407325
-4.414016482347172     0.2168187751137785
-4.37481739133538     0.20733387940709572
-4.335618300323588     0.19939759833330967
-4.2964192093117965     0.19498645303873063
-4.257220118300008     0.19518173911857156
-4.218021027288216     0.19983858413978955
-4.1788219362764245     0.20782508803533875
-4.139622845264633     0.21771865234934298
-4.100423754252841     0.22863381685235962
-4.061224663241049     0.24077502804323378
-4.022025572229261     0.2554243777348525
-3.9828264812174687     0.2743646013396789
-3.943627390205677     0.2990641072901291
-3.904428299193885     0.3301261259965859
-3.865229208182093     0.36741229114192014
-3.826030117170305     0.410932790167192
-3.786831026158513     0.46222167847981316
-3.747631935146721     0.5256644926877
-3.7084328441349292     0.6091772593023526
-3.6692337531231374     0.7236870245369257
-3.6300346621113455     0.8809743916936371
-3.590835571099557     1.0897067534304021
-3.5516364800877653     1.3501459266845177
-3.5124373890759735     1.649110759075667
-3.4732382980641816     1.9578317547779183
-3.4340392070523897     2.2353712916618673
-3.394840116040598     2.4385193289604747
-3.3556410250288096     2.535864862634192
-3.3164419340170177     2.520818167411692
-3.277242843005226     2.417818168644513
-3.238043751993434     2.278624747400097
-3.198844660981642     2.1701454706196834
-3.159645569969854     2.1590219855048183
-3.120446478958062     2.2990744071771436
-3.08124738794627     2.625437211287592
-3.042048296934478     3.15535557909041
-3.0028492059226863     3.892267167206998
-2.9636501149108945     4.8285341701771
-2.924451023899106     5.9435448209979
-2.8852519328873143     7.197332064336063
-2.8460528418755224     8.52381323165473
-2.8068537508637306     9.830035156658852
-2.7676546598519387     11.006556783658239
-2.728455568840147     11.949172254709348
-2.6892564778283585     12.585810458164087
-2.6500573868165667     12.89831217824501
-2.610858295804775     12.92970743407758
-2.571659204792983     12.773512136619543
-2.532460113781191     12.549246371218764
-2.4932610227694028     12.373555712146322
-2.454061931757611     12.336441935658565
-2.414862840745819     12.487940137493512
-2.375663749734027     12.835321022850765
-2.3364646587222353     13.347694407349643
-2.2972655677104434     13.96473951878238
-2.258066476698655     14.607887213473957
-2.2188673856868633     15.193550007065232
-2.1796682946750714     15.647755927322615
-2.1404692036632795     15.920098980230117
-2.1012701126514877     15.99354806460257
-2.0620710216396994     15.886678751208255
-2.0228719306279075     15.646904093180785
-1.9836728396161156     15.336708671573263
-1.9444737486043238     15.018063260497906
-1.905274657592532     14.741164390052518
-1.86607556658074     14.541487472677616
-1.8268764755689517     14.444845265885379
-1.7876773845571599     14.47611270721005
-1.748478293545368     14.665756082515026
-1.7092792025335761     15.049917479411254
-1.6700801115217843     15.663382115632876
-1.6308810205099924     16.528331949466246
-1.591681929498204     17.643825849599608
-1.5524828384864122     18.980918619395567
-1.5132837474746204     20.48659009131728
-1.4740846564628285     22.09695677976542
-1.4348855654510366     23.757289695523287
-1.3956864744392483     25.443640917394077
-1.3564873834274565     27.178876942561917
-1.3172882924156646     29.035568824896597
-1.2780892014038727     31.12080139107129
-1.2388901103920809     33.54404643862817
-1.199691019380289     36.37700723234329
-1.1604919283685007     39.61967667776067
-1.1212928373567088     43.18583869234233
-1.082093746344917     46.91356360731506
-1.042894655333125     50.596187234919924
-1.0036955643213332     54.02268094765418
-0.9644964733095414     57.016028301583475
-0.925297382297753     59.462153603766794
-0.8860982912859612     61.3258410503631
-0.8468992002741693     62.651752016003655
-0.8077001092623775     63.54942248777782
-0.7685010182505856     64.16346003249379
-0.7293019272387973     64.63448997403617
-0.6901028362270054     65.06052659139903
-0.6509037452152135     65.46959450305225
-0.6117046542034217     65.81150000034131
-0.5725055631916298     65.97078569414509
-0.533306472179838     65.79649664621128
-0.49410738116804964     65.1397970660388
-0.4549082901562578     63.88908600311091
-0.4157091991444659     61.9940958273009
-0.37651010813267405     59.47436834096446
-0.3373110171208822     56.41184147301418
-0.29811192610909387     52.930757696182816
-0.258912835097302     49.17033028037941
-0.21971374408551014     45.25691069248882
-0.18051465307371828     41.2830494459126
-0.14131556206192641     37.30020172766543
-0.10211647105013455     33.32852984100847
-0.06291738003834624     29.380757743377025
-0.023718289026554373     25.48949192668225
0.015480801985237491     21.72357209378687
0.054679892997029356     18.182987017141468
0.09387898400882122     14.973081881575597
0.13307807502061308     12.170856356922224
0.1722771660324014     9.801080282255581
0.21147625704419326     7.834191225446162
0.2506753480559851     6.2053508328784135
0.289874439067777     4.842947876305821
0.32907353007956885     3.6918131721654475
0.36827262109135717     2.7219861928245463
0.40747171210314903     1.923168254269869
0.4466708031149409     1.291935777305497
0.48586989412673276     0.8201625883388114
0.5250689851385246     0.48977670491404984
0.5642680761503165     0.2742000944985748
0.6034671671621048     0.14357199717608782
0.6426662581738967     0.07023452685007725
0.6818653491856885     0.03224627453476324
0.7210644401974804     0.014466691120919492
0.7602635312092723     0.00797031709768077
0.7994626222210641     0.008913584133904476
0.8386617132328524     0.01772495255656524
0.8778608042446443     0.03896534048531035
0.9170598952564362     0.08161296710752101
0.956258986268228     0.15895635049710358
0.9954580772800199     0.28689526865164194
1.0346571682918082     0.47959867030144343
1.0738562593036     0.7425161496414837
1.113055350315392     1.064627553905888
1.1522544413271838     1.4136706572901065
1.1914535323389757     1.738415575553467
1.2306526233507675     1.9797507812736024
1.2698517143625558     2.0879315190332837
1.3090508053743477     2.0392405767715984
1.3482498963861396     1.8444428507078707
1.3874489873979314     1.5449158211857894
1.4266480784097233     1.1983563552925707
1.4658471694215116     0.8608112173588212
1.5050462604333035     0.5726273300913456
1.5442453514450953     0.3527704567561573
1.5834444424568872     0.20130506757348618
1.622643533468679     0.10653142431408077
1.661842624480471     0.052653792497543775
1.7010417154922592     0.0253024369131697
1.740240806504051     0.0142379161556699
1.779439897515843     0.013925489151410494
1.8186389885276348     0.02302208783121161
1.8578380795394267     0.04346327024003958
1.8970371705512186     0.07927688477837626
1.9362362615630069     0.13489716773016175
1.9754353525747987     0.2128299277715604
2.0146344435865906     0.3110196358748022
2.0538335345983825     0.42091506746529866
2.0930326256101743     0.52752731168055
2.1322317166219626     0.612281989768997
2.1714308076337545     0.6581969132183515
2.2106298986455464     0.655513108822167
2.2498289896573382     0.6053258565343457
2.28902808066913     0.5195547652703976
2.328227171680922     0.417380835851283
2.3674262626927103     0.3199425438346038
2.406625353704502     0.24557479754827757
2.445824444716294     0.20700384697172802
2.485023535728086     0.21044409658058055
2.5242226267398777     0.25557486734114643
2.5634217177516696     0.3355172574176951
2.602620808763458     0.43691445550825486
2.64181989977525     0.541141319490691
2.6810189907870416     0.6276676368035041
2.7202180817988335     0.6794947363256103
2.7594171728106254     0.6890621942345976
2.7986162638224137     0.6621760127819535
2.8378153548342056     0.6180392879582634
2.8770144458459974     0.5851248539609964
2.9162135368577893     0.5944106121139451
2.955412627869581     0.6723975828291766
2.994611718881373     0.8360228745110888
3.0338108098931613     1.090483390976464
3.073009900904953     1.4298024919213927
3.112208991916745     1.8392045894768811
3.151408082928537     2.2981606670122465
3.1906071739403288     2.783216047541637
3.229806264952117     3.270156564347183
3.269005355963909     3.73543437016841
3.308204446975701     4.15692057940639
3.3474035379874927     4.5140837226447
3.3866026289992845     4.787839521027305
3.4258017200110764     4.960633042516251
3.4650008110228647     5.017527800931415
3.5041999020346566     4.948816330201732
3.5433989930464485     4.75386423511206
3.5825980840582403     4.44493906789479
3.621797175070032     4.049233981020594
3.660996266081824     3.6075516201289166
3.7001953570936124     3.16916124014896
3.7393944481054042     2.7838364040598114
3.778593539117196     2.4934160097036955
3.817792630128988     2.3256658610826966
3.85699172114078     2.2922466424045584
3.896190812152568     2.390496601820892
3.93538990316436     2.6067431792781757
3.974588994176152     2.918451437531404
4.013788085187944     3.2942156908512397
4.052987176199736     3.6932692440995774
4.0921862672115275     4.067692456510591
4.131385358223316     4.3693650903602705
4.170584449235108     4.560452630984629
4.2097835402468995     4.623158622518654
4.248982631258691     4.564006979432549
4.288181722270483     4.410558852550647
4.327380813282275     4.202373588346802
4.366579904294063     3.9804595526277136
4.405778995305855     3.779017615700993
4.444978086317647     3.6208676967642197
4.484177177329439     3.5157505132013784
4.523376268341231     3.460178694875833
4.562575359353019     3.4383817610064438
4.601774450364811     3.4247935229113136
4.640973541376603     3.388511622982699
4.680172632388395     3.2993675845539268
4.719371723400187     3.1344379127476842
4.7585708144119785     2.8834950078649113
4.797769905423767     2.5520114151039066
4.836968996435559     2.160731278478127
4.8761680874473505     1.7415449309791655
4.915367178459142     1.3304918856834713
4.954566269470934     0.9598501385290887
4.993765360482723     0.6517840440516693
5.032964451494514     0.4154485308944983
5.072163542506306     0.2479917022007923
5.111362633518098     0.13836417388768465
5.15056172452989     0.07204118350310831
5.189760815541682     0.03495702814460104
5.22895990655347     0.015791082128214777
5.268158997565262     0.0066347409440824755
5.307358088577054     0.002590898484305584
5.346557179588846     0.0009397817877544299
5.385756270600638     0.0003164723316757853
5.4249553616124295     9.890038485441467e-05
5.464154452624218     2.8674643496530743e-05
5.50335354363601     7.72092152124535e-06
5.542552634647802     1.9705081139354222e-06
5.581751725659593     6.27587622530428e-07
5.620950816671385     7.349219976779925e-07
5.660149907683174     2.085021380940351e-06
5.6993489986949655     6.182402277887097e-06
5.738548089706757     1.7112597049340307e-05
5.777747180718549     4.3885733359277e-05
5.816946271730341     0.00010422642937944907
5.856145362742133     0.0002292276530359515
5.895344453753921     0.00046686362724028963
5.934543544765713     0.0008805355791664903
5.973742635777505     0.0015379336941940777
6.012941726789297     0.002487494612112341
6.052140817801089     0.003725808416593407
6.091339908812881     0.005167883609665543
6.130538999824669     0.006638023145252989
6.169738090836461     0.007895845368854125
6.208937181848253     0.008697458008550726
6.2481362728600445     0.008871966240033533
6.287335363871836     0.008380718517640337
6.326534454883625     0.007331223538037162
6.3657335458954165     0.005938893035148661
6.404932636907208     0.004455212040365069
6.444131727919      0.0030950316014438546
6.483330818930792     0.001991111728922914
6.522529909942584     0.0011862057023142552
6.561729000954372     0.0006544224932383264
6.600928091966164     0.000334341481937356
6.640127182977956     0.00015818166707505936
6.679326273989748     6.930362504356566e-05
6.71852536500154     2.8118407240810367e-05
6.757724456013332     1.0565118381606861e-05
6.79692354702512     3.6778393611128664e-06
6.836122638036912     1.19293592407084e-06
6.875321729048704     3.874641470644269e-07
6.9145208200604955     2.2336689824098544e-07
6.953719911072287     4.54706906359164e-07
6.992919002084076     1.366580571351847e-06
7.0321180930958676     3.992957547943041e-06
7.071317184107659     1.0851754669024045e-05
7.110516275119451     2.7345794386214073e-05
7.149715366131243     6.39063046350015e-05
7.188914457143035     0.00013858647750900906
7.228113548154823     0.0002791278814140407
7.267312639166615     0.0005227880192948098
7.306511730178407     0.0009120659136322135
7.345710821190199     0.0014856012575103436
7.384909912201991     0.0022660055746293226
7.424109003213779     0.0032489623542301693
7.463308094225571     0.00439842613107843
7.502507185237363     0.00564983567575105
7.541706276249155     0.0069184583792461915
7.5809053672609465     0.008107450708389346
7.620104458272738     0.009113238905385233
7.659303549284527     0.00983265877564097
7.698502640296319     0.010180135816724018
7.7377017313081105     0.01011797708176769
7.776900822319902     0.009690248151674507
7.816099913331694     0.009040679371614044
7.855299004343486     0.008397792451335963
7.894498095355274     0.008026562826697137
7.933697186367066     0.00816444848120655
7.972896277378858     0.00896656218146675
8.01209536839065     0.010475150894777916
8.051294459402442     0.012611102826672372
8.09049355041423     0.015175448440916173
8.129692641426022     0.017855638841601934
8.168891732437814     0.020248057569166308
8.208090823449606     0.021916523736324637
8.247289914461398     0.022492453570816025
8.28648900547319     0.021790844710881566
8.325688096484978     0.019890731109394724
8.36488718749677     0.017132855474112214
8.404086278508561     0.014023987371303543
8.443285369520353     0.011084582156313801
8.482484460532145     0.008704156832039973
8.521683551543937     0.0070611726288931885
8.560882642555725     0.006129277056932646
8.600081733567517     0.005751587236754522
8.63928082457931     0.005739260716721605
8.678479915591101     0.005948173011512562
8.71767900660289     0.00630517790548236
8.756878097614685     0.00678371364519064
8.796077188626473     0.007355104715527045
8.835276279638268     0.007954705101213747
8.874475370650057     0.008493973505328073
8.913674461661845     0.008923463791094061
8.95287355267364     0.009320287538394863
8.992072643685429     0.00995280132115039
9.031271734697224     0.01127520078525188
9.070470825709013     0.013825593226774907
9.1096699167208     0.01803645745597296
9.148869007732596     0.024007490231198383
9.188068098744385     0.03132603723236915
9.22726718975618     0.03903136084018831
9.266466280767968     0.04578569553533109
9.305665371779757     0.050233470848737215
9.344864462791552     0.05143071283932997
9.38406355380334     0.049167902483999215
9.423262644815136     0.044039829072234325
9.462461735826924     0.037230724941811746
9.50166082683872     0.03011819384057615
9.540859917850508     0.023874121454645864
9.580059008862296     0.019215474240854735
9.619258099874092     0.01636010966667814
9.65845719088588     0.015140025981251208
9.697656281897675     0.015173278915029509
9.736855372909464     0.016008504518658994
9.776054463921252     0.017205779545345874
9.815253554933047     0.018366147429924224
9.854452645944836     0.019144647686327468
9.893651736956631     0.01927480725478086
9.93285082796842     0.01860908739758152
9.972049918980208     0.01715811985759709
10.011249009992003     0.015105600729091504
10.050448101003791     0.012787771991049428
10.089647192015587     0.010646221648477838
10.128846283027375     0.009174346328685457
10.16804537403917     0.008871637819267962
10.207244465050959     0.010201273841506117
10.246443556062747     0.013533048545982319
10.285642647074543     0.019062007115599074
10.32484173808633     0.026722757699162897
10.364040829098126     0.036147837672445914
10.403239920109915     0.04671522705850752
10.442439011121703     0.05768369734109316
10.481638102133498     0.0683516132243975
10.520837193145287     0.07814738226270991
10.560036284157082     0.08660343033445568
10.59923537516887     0.09325899454283548
10.638434466180659     0.09760710711079178
10.677633557192454     0.09918049296859674
10.716832648204242     0.09776183749232589
10.756031739216038     0.09358675571297859
10.795230830227826     0.08738044967069704
10.834429921239622     0.08016345878850982
10.87362901225141     0.07291371064263487
10.912828103263198     0.06626996002336188
10.952027194274994     0.06043532014862581
10.991226285286782     0.05531217235594841
11.030425376298577     0.05076428305572718
11.069624467310366     0.046845881661361034
11.108823558322154     0.04388121990899025
11.14802264933395     0.042374396242820404
11.187221740345738     0.04281201068762456
11.226420831357533     0.04545457584400689
11.265619922369321     0.05020043825904314
11.30481901338111     0.05656914479850131
11.344018104392905     0.0638058171910642
11.383217195404693     0.07106456829497416
11.422416286416489     0.07760076702980769
11.461615377428277     0.08290349032257839
11.500814468440065     0.08673221711502407
11.540013559451861     0.08906687124635279
11.57921265046365     0.09001111934555957
11.618411741475445     0.08969272275402738
11.657610832487233     0.08819111152079902
11.696809923499028     0.0855089482382456
11.736009014510817     0.08159774889549083
11.775208105522605     0.0764386667181661
11.8144071965344     0.0701586067374721
11.853606287546189     0.06313457627819118
11.892805378557984     0.05602606724340212
11.932004469569772     0.0496942660841662
11.97120356058156     0.04501573329420988
12.010402651593356     0.04265245425009257
12.049601742605144     0.042868759704661044
12.08880083361694     0.04547142460198236
12.127999924628728     0.0498995180808327
12.167199015640517     0.055430670077184434
12.206398106652312     0.06142723160234628
12.2455971976641     0.06753373089185588
12.284796288675896     0.07375537818914751
12.323995379687684     0.08038704286858936
12.36319447069948     0.08781210814168017
12.402393561711268     0.09623855380453365
12.441592652723056     0.10547028307936139
12.480791743734851     0.11481054945763476
12.51999083474664     0.12315632789021774
12.559189925758435     0.12927806423123442
12.598389016770223     0.132211309101733
12.637588107782012     0.13164119237093855
12.676787198793807     0.12815647099474137
12.715986289805596     0.12329018052113126
12.755185380817391     0.11933022146509319
12.79438447182918     0.11894079203591475
12.833583562840968     0.12465701843669265
12.872782653852763     0.13830774932064124
12.911981744864551     0.16042719481795156
12.951180835876347     0.18976977517746646
12.990379926888135     0.223121018934485
13.02957901789993     0.2556158535066595
13.068778108911719     0.28165334710805834
13.107977199923507     0.2962436314063875
13.147176290935302     0.2963647426593615
13.18637538194709     0.28181492554746385
13.225574472958886     0.2552106561616413
13.264773563970675     0.22113694497051387
13.303972654982463     0.18481572573272678
13.343171745994258     0.15082848677395388
13.382370837006047     0.122334529185309
13.421569928017842     0.10094196180283019
13.46076901902963     0.0870811565504666
13.499968110041419     0.08055160260622418
13.539167201053214     0.08092260474784557
13.578366292065002     0.08762369099217597
13.617565383076798     0.09976254210950536
13.656764474088586     0.11585911066833744
13.695963565100381     0.13372685203849594
13.73516265611217     0.15065878670872057
13.774361747123958     0.16392501749546406
13.813560838135754     0.17142734833875356
13.852759929147542     0.17226106037067102
13.891959020159337     0.16695300294005166
13.931158111171126     0.15727291763111725
13.970357202182914     0.14568791177358956
14.00955629319471     0.13466224824859588
14.048755384206498     0.12603863561823272
14.087954475218293     0.12067424072002092
14.127153566230081     0.11839349320700578
14.16635265724187     0.11821779374986742
14.205551748253665     0.11877142391813408
14.244750839265453     0.11874235961319621
14.283949930277249     0.117278922040808
14.323149021289037     0.11421704521088896
14.362348112300833     0.11006475216446798
14.40154720331262     0.10573517290529708
14.44074629432441     0.10211576756401686
14.479945385336205     0.09965180675066199
14.519144476347993     0.09814409097329753
14.558343567359788     0.09687326966293652
14.597542658371577     0.0949938692194747
14.636741749383365     0.09198709947399643
14.67594084039516     0.08792619592577147
14.715139931406949     0.08342138133171374
14.754339022418744     0.07930042091195026
14.793538113430532     0.0762205562134465
14.83273720444232     0.07441438114887028
14.871936295454116     0.07366052623776109
14.911135386465904     0.0734322138427135
14.9503344774777     0.07310652648745997
14.989533568489488     0.07214203696619026
15.028732659501276     0.07020498812762732
15.067931750513072     0.0672714125200754
15.10713084152486     0.06371703569252452
15.146329932536656     0.060352107317181505
15.185529023548444     0.05832345229150174
15.22472811456024     0.05883505152966558
15.263927205572028     0.06272673446853881
15.303126296583816     0.070049577113033
15.342325387595611     0.07982602620162758
15.3815244786074     0.09014427679826532
15.420723569619195     0.09861336653745922
15.459922660630983     0.10304586268513995
15.499121751642772     0.10211610117789231
15.538320842654567     0.09573342987698527
15.577519933666355     0.08498899858035902
15.61671902467815     0.0717245652134533
15.65591811568994     0.05793007292614426
15.695117206701727     0.045220322412530684
15.734316297713523     0.03455986388465246
15.773515388725311     0.026262496471951106
15.812714479737107     0.020174009905605913
15.851913570748895     0.01590642174550743
15.89111266176069     0.013024368635492714
15.930311752772479     0.011147304896247498
15.969510843784267     0.009981742565914373
16.008709934796062     0.009316742165093924
16.04790902580785     0.009008939304336714
16.087108116819646     0.008967309997487634
16.126307207831434     0.00913641426998012
16.165506298843223     0.009474964667766123
16.204705389855018     0.009931810415792486
16.243904480866806     0.010428004054365695
16.283103571878602     0.010855804388122035
16.32230266289039     0.011100191068790321
16.36150175390218     0.011077164557119656
16.400700844913974     0.01077184980419831
16.439899935925762     0.01025588554957746
16.479099026937558     0.009671776221491972
16.518298117949346     0.00918837835826073
16.55749720896114     0.008946938476256425
16.59669629997293     0.009021646440783822
16.635895390984718     0.009409776133645378
16.675094481996513     0.010050023773624992
16.7142935730083     0.010853964902008125
16.753492664020097     0.011732505468424689
16.792691755031885     0.012607359519866666
16.831890846043674     0.013410355684977747
16.87108993705547     0.014081646895142024
16.910289028067258     0.014576087108978236
16.949488119079053     0.014876879691053151
16.98868721009084     0.015005198934191222
17.02788630110263     0.015012751263026305
17.067085392114425     0.014954069743533145
17.106284483126213     0.014850568976864535
17.14548357413801     0.014667665039257084
17.184682665149797     0.014321572318245093
17.223881756161592     0.013715721336919385
17.26308084717338     0.012789117588568846
17.30227993818517     0.011552215969223865
17.341479029196964     0.010093890018125733
17.380678120208753     0.00855947457733316
17.419877211220548     0.007113645258286933
17.459076302232337     0.005905614803949503
17.498275393244125     0.005048117370124047
17.53747448425592     0.004611982054587942
17.57667357526771     0.004631133725645634
17.615872666279504     0.005111182624548747
17.655071757291292     0.0060368116457526644
17.69427084830308     0.007375740496839058
17.733469939314876     0.00907820731304097
17.772669030326664     0.011071271294896008
17.81186812133846     0.013248913608010265
17.851067212350248     0.015462933662813184
17.890266303362043     0.017523865976961116
17.929465394373832     0.01922089342212369
17.96866448538562     0.02036170444334958
18.007863576397416     0.020820053691347918
18.047062667409204     0.020569333266272735
18.086261758421     0.019683786127905722
18.125460849432788     0.01830572985467858
18.164659940444576     0.01659678785882211
18.20385903145637     0.01469929236991452
18.24305812246816     0.012724508992465593
18.282257213479955     0.01076468823629107
18.321456304491743     0.008911180952494296
18.36065539550353     0.007260878280972431
18.399854486515327     0.005905523857001505
18.439053577527115     0.0049117635465863695
18.47825266853891     0.004304471373512095
18.5174517595507     0.00406098506765641
18.556650850562495     0.004115899667881603
18.595849941574283     0.0043718845224364035
18.63504903258607     0.004713148834423029
18.674248123597867     0.0050210610262047765
18.713447214609655     0.005191914328296728
18.75264630562145     0.00515438186823803
18.79184539663324     0.0048816989375745
18.831044487645027     0.004393972670025739
18.870243578656822     0.0037494357807095467
18.90944266966861     0.0030276469951654636
18.948641760680406     0.0023101611395326045
18.987840851692194     0.0016641957907461305
19.027039942703983     0.0011329564555484623
19.066239033715778     0.0007336698453799449
19.105438124727566     0.000461950080418506
19.144637215739362     0.0002995684920287932
19.18383630675115     0.00022242932084052576
19.22303539776294     0.00020650822623150046
19.262234488774734     0.00023105944824047684
19.301433579786522     0.0002796691834426483
19.340632670798318     0.00034016552507730956
19.379831761810106     0.00040407063641277743
19.4190308528219     0.00046577507625539195
19.45822994383369     0.0005214983360874218
19.497429034845478     0.0005684776390002844
19.536628125857273     0.0006052668983133983
19.57582721686906     0.000633930588574783
19.615026307880857     0.0006640139433485703
19.654225398892645     0.0007167473967518799
19.693424489904434     0.0008266820142873799
19.73262358091623     0.001037627309183047
19.771822671928017     0.0013910156405420521
19.811021762939813     0.001907906032430335
19.8502208539516     0.0025701245777149918
19.88941994496339     0.0033095019144692805
19.928619035975185     0.004013900422791127
19.967818126986973     0.00455290544344901
20.00701721799877     0.00481632590194748
20.046216309010557     0.004750404496553021
20.085415400022352     0.004375845744047208
20.12461449103414     0.003780195861502959
20.16381358204593     0.003090109976471647
20.203012673057724     0.002438471989389975
20.242211764069513     0.0019414705106509395
20.281410855081308     0.0016922714875339919
20.320609946093096     0.001766875917211056
20.359809037104885     0.002230778244569565
20.39900812811668     0.0031353767893214234
20.43820721912847     0.004499657748078629
20.477406310140264     0.006281864769074988
20.516605401152052     0.008353671241664914
20.55580449216384     0.010492558820283474
20.595003583175636     0.01240466775514975
20.634202674187424     0.01378019106334903
20.67340176519922     0.014369175877306075
20.712600856211008     0.014053257485306307
20.751799947222803     0.012885477925415154
20.79099903823459     0.011080007129909013
20.83019812924638     0.008953418317349828
20.869397220258175     0.006839523556097289
20.908596311269964     0.005009746416201586
20.94779540228176     0.0036256673526175666
20.986994493293547     0.0027338483483499293
21.026193584305336     0.002294954237946165
21.06539267531713     0.0022279260792136416
21.10459176632892     0.0024484780654781655
21.143790857340715     0.0028876877849860504
21.182989948352503     0.003487361923948663
21.22218903936429     0.004180420682286038
21.261388130376087     0.004872497739254805
21.300587221387875     0.005440979985713826
21.33978631239967     0.00575821964684429
21.37898540341146     0.00573073877167351
21.418184494423254     0.005334812059107093
21.457383585435043     0.004628818005072777
21.49658267644683     0.003734841444811767
21.535781767458626     0.002798423108694965
21.574980858470415     0.001945574602316787
21.61417994948221     0.0012547069085061752
21.653379040494     0.0007507484089402151
21.692578131505787     0.00041722546884569075
21.731777222517582     0.0002159631027528239
21.77097631352937     0.00010479182201818308
21.810175404541166     4.834705265752178e-05
21.849374495552954     2.1819248817928252e-05
21.888573586564743     1.0097591556258605e-05
21.927772677576538     5.053029184866912e-06
21.966971768588326     2.792974745118209e-06
22.00617085960012     1.6527671494396214e-06
22.04536995061191     9.915558347011945e-07
22.084569041623705     5.773846580035495e-07
22.123768132635494     3.1828722374363533e-07
22.162967223647282     1.6409176175335967e-07
22.202166314659078     7.867995124797657e-08
22.241365405670866     3.500194844656928e-08
22.28056449668266     1.4431452398916798e-08
22.31976358769445     5.512101609503308e-09
22.358962678706238     1.9499638435998812e-09
22.398161769718033     6.388515775065001e-10
22.43736086072982     1.9382986997163813e-10
22.476559951741617     5.4460464666801066e-11
22.515759042753405     1.4170284699066182e-11
22.554958133765194     3.414372604215214e-12
22.59415722477699     7.618643907723315e-13
22.633356315788777     1.5742675727073743e-13
22.672555406800573     3.012405216460292e-14
22.71175449781236     5.3380437701022825e-15
22.75095358882415     8.759609890164692e-16
22.790152679835945     1.3311397317967125e-16
22.829351770847733     1.8740790474839248e-17
22.86855086185953     2.5294162779148777e-18
22.907749952871317     1.145865806955369e-18
22.946949043883112     7.636197308037336e-18
22.9861481348949     6.289175762613084e-17
23.02534722590669     4.816969540811457e-16
23.064546316918484     3.4167314596003236e-15
23.103745407930273     2.2443051896621952e-14
23.142944498942068     1.365170259120025e-13
23.182143589953856     7.68998613851934e-13
23.221342680965645     4.011419943850578e-12
23.26054177197744     1.937780296437951e-11
23.29974086298923     8.668516411341634e-11
23.338939954001024     3.5910284816245866e-10
23.378139045012812     1.377611493433247e-09
23.4173381360246     4.894051093845953e-09
23.456537227036396     1.6100674661962742e-08
23.495736318048184     4.905163453411669e-08
23.53493540905998     1.3838745640899377e-07
23.574134500071768     3.6155452723679845e-07
23.613333591083563     8.747515380972006e-07
23.65253268209535     1.959879902383423e-06
23.69173177310714     4.066380723650072e-06
23.730930864118935     7.813047242165549e-06
23.770129955130724     1.3901661087060468e-05
23.80932904614252     2.290586920565858e-05
23.848528137154307     3.4951087265053566e-05
23.887727228166096     4.9386521507491614e-05
23.92692631917789     6.462343215092998e-05
23.96612541018968     7.830787430935502e-05
24.005324501201475     8.787284435716744e-05
24.04452359221326     9.131408409720434e-05
