-23.387613558443515     0.7940605218448291
-23.34841352212308     0.7648076050464879
-23.309213485802648     0.6833432945113098
-23.27001344948221     0.5683369446170501
-23.230813413161776     0.44445342621254647
-23.191613376841342     0.3361406730579107
-23.15241334052091     0.2632319475861201
-23.11321330420047     0.2393710268567763
-23.074013267880037     0.2724953633027175
-23.034813231559603     0.3657448822417562
-22.99561319523917     0.5175675938306761
-22.956413158918732     0.7209532772948695
-22.917213122598298     0.9627351096644916
-22.878013086277864     1.224103081631425
-22.83881304995743     1.4828516123533797
-22.799613013636996     1.7169580189286788
-22.76041297731656     1.9084809498606041
-22.721212940996125     2.0467616323458695
-22.68201290467569     2.130329520686398
-22.642812868355257     2.167352322188744
-22.60361283203482     2.1746243367781104
-22.564412795714386     2.174944944996686
-22.525212759393952     2.1925962906878915
-22.486012723073518     2.2469522103788315
-22.446812686753084     2.3453308701870057
-22.407612650432647     2.477673111264539
-22.368412614112213     2.6163145504537564
-22.32921257779178     2.7227779223077118
-22.290012541471345     2.760160175506091
-22.250812505150908     2.7062403032434252
-22.211612468830474     2.5615400356313143
-22.17241243251004     2.3492990476864826
-22.133212396189606     2.1088690701994532
-22.09401235986917     1.8869836528047408
-22.054812323548735     1.7306442267434976
-22.0156122872283     1.682056811224778
-21.976412250907867     1.773380104646895
-21.937212214587433     2.0194925029045203
-21.898012178266995     2.4101920120506026
-21.85881214194656     2.906382142249392
-21.819612105626128     3.444916002185114
-21.780412069305694     3.9531169013543934
-21.741212032985256     4.368646857130046
-21.702011996664822     4.656870414132244
-21.66281196034439     4.818667874389692
-21.623611924023955     4.886453444016994
-21.584411887703517     4.911890339594738
-21.545211851383083     4.95181160561287
-21.50601181506265     5.0575400376383195
-21.466811778742215     5.268703460235295
-21.42761174242178     5.609182173695573
-21.388411706101344     6.082620197957457
-21.34921166978091     6.667835311564983
-21.310011633460476     7.317760747727592
-21.270811597140042     7.966077202805648
-21.231611560819605     8.54229908625811
-21.19241152449917     8.990703032354887
-21.153211488178737     9.28498362050937
-21.114011451858303     9.431887889186171
-21.074811415537866     9.46299426071503
-21.035611379217432     9.420470894323891
-20.996411342896998     9.345427336389575
-20.957211306576564     9.274401998602666
-20.91801127025613     9.242912780496706
-20.878811233935693     9.289630855614877
-20.83961119761526     9.454249005448641
-20.800411161294825     9.766520259775909
-20.76121112497439     10.230138281563823
-20.722011088653957     10.809399245477138
-20.68281105233352     11.426778713832476
-20.643611016013086     11.975704845541777
-20.604410979692652     12.346606417267068
-20.565210943372215     12.458389019958634
-20.52601090705178     12.284539130247598
-20.486810870731347     11.864594599248354
-20.447610834410913     11.297051032833265
-20.40841079809048     10.716235397785015
-20.36921076177004     10.260383120491161
-20.330010725449608     10.039771747290814
-20.290810689129174     10.112773197927817
-20.25161065280874     10.47519382319364
-20.212410616488306     11.06494965119405
-20.17321058016787     11.780334425416111
-20.134010543847435     12.50659394566582
-20.094810507527     13.14329301965548
-20.055610471206567     13.624800276116279
-20.01641043488613     13.928200598053635
-19.977210398565695     14.066807140812811
-19.93801036224526     14.072637633740886
-19.898810325924828     13.97618051177228
-19.85961028960439     13.793625295675035
-19.820410253283956     13.52800655602181
-19.781210216963522     13.182315562870867
-19.74201018064309     12.7746826095887
-19.702810144322655     12.344199252323689
-19.663610108002217     11.94246854500331
-19.624410071681783     11.61585455067965
-19.58521003536135     11.38928082173139
-19.546009999040916     11.260380584100863
-19.506809962720478     11.205308820885687
-19.467609926400044     11.190766060095914
-19.42840989007961     11.185205447231407
-19.389209853759176     11.165407052986348
-19.35000981743874     11.11879637709362
-19.310809781118305     11.043679946972876
-19.27160974479787     10.94856418065816
-19.232409708477437     10.849938882763269
-19.193209672157003     10.7674263429848
-19.154009635836566     10.71641866963488
-19.114809599516132     10.700111984235878
-19.075609563195698     10.703860577866347
-19.036409526875264     10.694492567553892
-18.99720949055483     10.62590163892158
-18.958009454234393     10.450329256614697
-18.91880941791396     10.132734512599555
-18.879609381593525     9.664112752435484
-18.840409345273088     9.069279924041956
-18.801209308952654     8.405845077125862
-18.76200927263222     7.753488244129928
-18.722809236311786     7.195444569143703
-18.683609199991352     6.796611949967257
-18.644409163670915     6.5845094419776995
-18.60520912735048     6.539713015480851
-18.566009091030047     6.600369479737273
-18.526809054709613     6.680650572631354
-18.48760901838918     6.697176605327538
-18.44840898206874     6.593672165045699
-18.409208945748308     6.35491736468253
-18.370008909427874     6.006119322322078
-18.330808873107436     5.600097997027379
-18.291608836787002     5.198702432520988
-18.25240880046657     4.855230093662257
-18.213208764146135     4.602374647815139
-18.1740087278257     4.447385394749982
-18.134808691505263     4.3739428781947
-18.09560865518483     4.34888795185183
-18.056408618864396     4.331212505110108
-18.01720858254396     4.280769462477122
-17.978008546223528     4.165140335632264
-17.93880850990309     3.9645013926640806
-17.899608473582656     3.675045772342529
-17.860408437262222     3.3108666213573557
-17.821208400941785     2.9028612138305045
-17.78200836462135     2.4928506416594107
-17.742808328300917     2.1228416358996247
-17.703608291980483     1.8224578750976101
-17.66440825566005     1.5997811946200262
-17.625208219339612     1.4401597262146992
-17.586008183019178     1.3139107057779054
-17.546808146698744     1.189366948320696
-17.50760811037831     1.045155858878978
-17.468408074057876     0.8764539851773703
-17.42920803773744     0.6935012431581598
-17.390008001417005     0.5145886235866636
-17.35080796509657     0.35782674264851483
-17.311607928776134     0.23548574276109202
-17.2724078924557     0.15244294392678046
-17.233207856135266     0.10790225499280978
-17.194007819814832     0.09828279946342555
-17.154807783494398     0.11929114521420373
-17.11560774717396     0.16622404669557406
-17.076407710853527     0.23280143959658722
-17.037207674533093     0.3097361894912695
-16.99800763821266     0.3844615680843271
-16.958807601892225     0.44285821308409407
-16.919607565571788     0.472682223676483
-16.880407529251354     0.46728295474264664
-16.84120749293092     0.42780296828437453
-16.802007456610482     0.36269855446143634
-16.762807420290052     0.2847618281912814
-16.723607383969615     0.20703817285426904
-16.68440734764918     0.13939636270139846
-16.645207311328747     0.0869129960065693
-16.60600727500831     0.05018226224880788
-16.566807238687876     0.026831686944981822
-16.52760720236744     0.01328550129874501
-16.488407166047008     0.006091722886025345
-16.449207129726574     0.0025866314655251005
-16.410007093406136     0.001017094248004081
-16.370807057085702     0.0003703565797339905
-16.33160702076527     0.000124885252340513
-16.292406984444835     3.899729387539074e-05
-16.2532069481244     1.1276907323444768e-05
-16.214006911803963     3.019797184738137e-06
-16.17480687548353     7.488550537540698e-07
-16.135606839163096     1.719689258942476e-07
-16.096406802842658     3.657079630332886e-08
-16.057206766522224     7.2019662133284776e-09
-16.01800673020179     1.3134089364122074e-09
-15.978806693881356     2.2180997796976263e-10
-15.93960665756092     3.468921044251366e-11
-15.900406621240485     5.023888312226952e-12
-15.861206584920051     6.73779450378712e-13
-15.822006548599617     8.368117529913525e-14
-15.782806512279183     9.62431891871485e-15
-15.743606475958748     1.0250486185532096e-15
-15.704406439638312     1.0109999828152144e-16
-15.665206403317878     9.234003956404522e-18
-15.626006366997444     7.810182714787515e-19
-15.586806330677009     6.117385840459015e-20
-15.547606294356573     4.440572551198259e-21
-15.508406258036139     3.5743421198001403e-22
-15.469206221715705     9.619556866978783e-22
-15.43000618539527     1.3877017172871503e-20
-15.390806149074836     1.889965398293134e-19
-15.3516061127544     2.383839236444965e-18
-15.312406076433966     2.784405152021276e-17
-15.27320604011353     3.011758319465839e-16
-15.234006003793096     3.0167549445292286e-15
-15.19480596747266     2.798286467956202e-14
-15.155605931152227     2.40367936911012e-13
-15.116405894831793     1.9120230523661896e-12
-15.077205858511357     1.4084516299726316e-11
-15.038005822190923     9.607778317759167e-11
-14.998805785870488     6.069266891516928e-10
-14.959605749550054     3.550436273731323e-09
-14.920405713229618     1.9233549201453e-08
-14.881205676909184     9.648712546138255e-08
-14.842005640588749     4.482409480342614e-07
-14.802805604268315     1.9283502230453103e-06
-14.763605567947879     7.682322264529825e-06
-14.724405531627445     2.834205619938426e-05
-14.685205495307011     9.682832360176636e-05
-14.646005458986576     0.0003063414020292667
-14.606805422666142     0.0008975139411441644
-14.567605386345706     0.0024350559041152174
-14.528405350025272     0.006117991879432298
-14.489205313704836     0.014234462990161498
-14.450005277384403     0.03066941715556895
-14.410805241063967     0.06119306916793875
-14.371605204743533     0.11306581671070988
-14.332405168423097     0.19346083519946297
-14.293205132102663     0.3065407398404283
-14.25400509578223     0.4497994294404568
-14.214805059461794     0.6112110721094316
-14.17560502314136     0.7691698599265878
-14.136404986820924     0.8965210624442507
-14.09720495050049     0.9681515004047825
-14.058004914180055     0.9695281692213203
-14.01880487785962     0.902639420863229
-13.979604841539185     0.7868440378781741
-13.940404805218751     0.6546440150702633
-13.901204768898316     0.5447060143330461
-13.862004732577882     0.4949976830489694
-13.822804696257446     0.5374569639277392
-13.783604659937012     0.6935190007795753
-13.744404623616578     0.9689804299970379
-13.705204587296143     1.348043769569868
-13.666004550975709     1.7891070888046563
-13.626804514655273     2.2266967549031795
-13.587604478334839     2.582780970613512
-13.548404442014403     2.7863425281560046
-13.50920440569397     2.794847804808815
-13.470004369373534     2.6086751676519317
-13.4308043330531     2.271876508259621
-13.391604296732664     1.8588368515199662
-13.35240426041223     1.4527514907205292
-13.313204224091796     1.124608888323455
-13.27400418777136     0.9194489584410919
-13.234804151450927     0.8520808481379932
-13.195604115130491     0.9104048565157936
-13.156404078810057     1.062924286887143
-13.117204042489622     1.267656962093763
-13.078004006169188     1.4809092931789067
-13.038803969848752     1.6650596934164743
-12.999603933528318     1.7945087337832692
-12.960403897207883     1.8588401363857405
-12.921203860887449     1.86244109160001
-12.882003824567015     1.8204460136446459
-12.842803788246579     1.7518460188652965
-12.803603751926145     1.6717921083682643
-12.76440371560571     1.585989437573711
-12.725203679285276     1.489776729213083
-12.68600364296484     1.3725518336416784
-12.646803606644406     1.2253953352090081
-12.60760357032397     1.0478379217618854
-12.568403534003536     0.8501740680504843
-12.5292034976831     0.6503639878002936
-12.490003461362667     0.4676027012277645
-12.450803425042231     0.31609947730484067
-12.411603388721797     0.20183608309441142
-12.372403352401363     0.12297527286229029
-12.333203316080928     0.07271027629890961
-12.294003279760494     0.04265799127298693
-12.254803243440058     0.025363839173905015
-12.215603207119624     0.015428331905051074
-12.176403170799189     0.009520526837881134
-12.137203134478755     0.0058358793179885205
-12.098003098158319     0.00347297528585249
-12.058803061837885     0.001972922960238829
-12.01960302551745     0.0010659872319029092
-11.980402989197016     0.0005698531437927295
-11.941202952876582     0.00036761209558409995
-11.902002916556146     0.00041742269292263336
-11.862802880235712     0.0007739990256973186
-11.823602843915276     0.001618014307287264
-11.784402807594843     0.0032917395886815043
-11.745202771274407     0.006334049638595599
-11.706002734953973     0.01150422374603021
-11.666802698633537     0.01978997199752059
-11.627602662313103     0.032414155525378546
-11.588402625992668     0.05087987728889966
-11.549202589672234     0.07710590147660246
-11.5100025533518     0.11367953926835893
-11.470802517031364     0.1641801803348547
-11.43160248071093     0.2334214388088849
-11.392402444390495     0.3273728904680624
-11.35320240807006     0.45251098279388824
-11.314002371749625     0.6144435402525836
-11.274802335429191     0.8158446448932096
-11.235602299108756     1.054002310702821
-11.196402262788322     1.318601523682805
-11.157202226467886     1.5906835827911332
-11.118002190147452     1.8438572871639067
-11.078802153827016     2.048492055788332
-11.039602117506583     2.1786222881770168
-11.000402081186149     2.219909481582801
-10.961202044865713     2.176003206241396
-10.92200200854528     2.070777251085228
-10.882801972224843     1.9452829315182645
-10.84360193590441     1.8500909302206106
-10.804401899583974     1.834977223704759
-10.76520186326354     1.9382571383197182
-10.726001826943104     2.1779130718981516
-10.68680179062267     2.5465535608180723
-10.647601754302235     3.012082393356324
-10.6084017179818     3.5250602745922968
-10.569201681661367     4.03175823919181
-10.530001645340931     4.4895243570904775
-10.490801609020497     4.879651080000075
-10.451601572700062     5.213299748034469
-10.412401536379628     5.527985209172319
-10.373201500059192     5.874826663056892
-10.334001463738758     6.299612444571299
-10.294801427418323     6.8233011951859455
-10.255601391097889     7.429053897360598
-10.216401354777453     8.061922422035588
-10.17720131845702     8.643184010952968
-10.138001282136585     9.095177542679966
-10.09880124581615     9.36733199411779
-10.059601209495716     9.452887359131239
-10.02040117317528     9.389594586637902
-9.981201136854846     9.244686218967024
-9.94200110053441     9.091110951637013
-9.902801064213977     8.98512312640369
-9.86360102789354     8.953524161621884
-9.824400991573107     8.993513119728325
-9.785200955252671     9.08228929066726
-9.746000918932237     9.190162142635163
-9.706800882611802     9.291101427162898
-9.667600846291368     9.36755225917578
-9.628400809970934     9.410096606702474
-9.589200773650498     9.415392782059996
-9.550000737330064     9.38651362725574
-9.510800701009629     9.337784396626544
-9.471600664689195     9.302173699183845
-9.43240062836876     9.335482849359863
-9.393200592048325     9.510928010633656
-9.35400055572789     9.901590061850879
-9.314800519407456     10.554868151703161
-9.27560048308702     11.468537760680627
-9.236400446766586     12.578993995271508
-9.197200410446152     13.7684116191937
-9.158000374125717     14.891036427293201
-9.118800337805283     15.81209127302813
-9.079600301484847     16.447350784392793
-9.040400265164413     16.788774396067588
-9.001200228843977     16.904032561958587
-8.962000192523544     16.906964036094074
-8.922800156203108     16.909631278563765
-8.883600119882674     16.97749922516146
-8.844400083562238     17.109475994503896
-8.805200047241804     17.252131004260495
-8.76600001092137     17.339055602126855
-8.726799974600935     17.33327012226683
-8.687599938280501     17.250535523489592
-8.648399901960065     17.153489946991435
-8.609199865639631     17.12263772549008
-8.569999829319196     17.221159042811408
-8.530799792998762     17.471374114661327
-8.491599756678326     17.852559068640044
-8.452399720357892     18.3180050019444
-8.413199684037457     18.82017826722952
-8.373999647717023     19.330939206614204
-8.334799611396587     19.84902873235832
-8.295599575076153     20.395138485619313
-8.25639953875572     21.000236834837715
-8.217199502435284     21.692756991398603
-8.17799946611485     22.486879600625933
-8.138799429794414     23.371943982894365
-8.09959939347398     24.304391234522257
-8.060399357153544     25.206692536155483
-8.02119932083311     25.978321134302654
-7.981999284512675     26.519638654546004
-7.942799248192241     26.762235206730402
-7.903599211871805     26.693297152253916
-7.864399175551371     26.36131184132485
-7.8251991392309375     25.857373694286924
-7.785999102910502     25.27810704906375
-7.746799066590068     24.686963645601544
-7.707599030269632     24.093629007023274
-7.668398993949198     23.46283545596962
-7.629198957628763     22.747192143467217
-7.589998921308329     21.923565158323576
-7.550798884987893     21.009904862913462
-7.511598848667459     20.05262779256451
-7.4723988123470235     19.095425913077165
-7.43319877602659     18.15357629219644
-7.393998739706156     17.21307088445908
-7.354798703385722     16.25447748199195
-7.315598667065284     15.28237737436704
-7.2763986307448505     14.337180919174513
-7.237198594424417     13.479601734366272
-7.197998558103983     12.757986632445803
-7.158798521783545     12.18011262520127
-7.119598485463111     11.706949700504827
-7.0803984491426775     11.271088504957373
-7.041198412822244     10.808124123792476
-7.001998376501806     10.283769107915521
-6.962798340181372     9.70405553828863
-6.923598303860938     9.106041643733255
-6.884398267540504     8.53589402973792
-6.8451982312200705     8.026000351685541
-6.805998194899633     7.581784543504272
-6.766798158579199     7.183432395223142
-6.727598122258765     6.800492962264281
-6.688398085938331     6.411446137711774
-6.649198049617894     6.0182886469225965
-6.60999801329746     5.648759279398923
-6.570797976977026     5.344729841931729
-6.531597940656592     5.141844801043881
-6.492397904336158     5.049796080699013
-6.453197868015721     5.042712161068624
-6.413997831695287     5.064803975509588
-6.374797795374853     5.0494437793704705
-6.335597759054419     4.943560088037067
-6.296397722733982     4.726913749821046
-6.257197686413548     4.418818738587903
-6.217997650093114     4.071475644869877
-6.17879761377268     3.755389059697274
-6.139597577452243     3.5446979728887618
-6.100397541131809     3.5076253912197752
-6.061197504811375     3.701781821188348
-6.021997468490941     4.169560374230421
-5.982797432170507     4.928501838183621
-5.94359739585007     5.955966514605814
-5.904397359529636     7.174372774407436
-5.865197323209202     8.448158489878457
-5.825997286888768     9.60214933522392
-5.7867972505683305     10.462003522129216
-5.747597214247897     10.904754590793836
-5.708397177927463     10.89882970273427
-5.669197141607029     10.514824402521159
-5.629997105286591     9.901049929024213
-5.5907970689661575     9.234395351733992
-5.551597032645724     8.667603236899321
-5.51239699632529     8.293035672657481
-5.473196960004856     8.132497105043132
-5.433996923684418     8.150054782767203
-5.394796887363984     8.276936461372557
-5.3555968510435505     8.436750857871681
-5.316396814723117     8.56332853266221
-5.277196778402679     8.608905534836909
-5.237996742082245     8.54474938155229
-5.198796705761811     8.35859901554055
-5.1595966694413775     8.052997363985321
-5.120396633120944     7.645892241635177
-5.081196596800506     7.171294261956383
-5.041996560480072     6.6759964613360605
-5.002796524159638     6.210258559769967
-4.9635964878392045     5.814938603156421
-4.924396451518767     5.511220161345337
-4.885196415198333     5.298545076407415
-4.845996378877899     5.161588302188208
-4.806796342557465     5.081516677726413
-4.767596306237028     5.04445557458278
-4.728396269916594     5.042607859844595
-4.68919623359616     5.068832654396621
-4.649996197275726     5.109866562408589
-4.610796160955292     5.143929273005796
-4.571596124634855     5.145171992723639
-4.532396088314421     5.0927771839353815
-4.493196051993987     4.97958371668747
-4.453996015673553     4.815534698418017
-4.414795979353116     4.6243728341725685
-4.375595943032682     4.435624995480989
-4.336395906712248     4.2758713632003085
-4.297195870391814     4.162817762673179
-4.257995834071377     4.10359756923311
-4.218795797750943     4.0965551207178486
-4.179595761430509     4.134622996536015
-4.140395725110075     4.208452284385642
-4.101195688789641     4.308169345980909
-4.061995652469204     4.423486138838743
-4.02279561614877     4.542675079929421
-3.983595579828336     4.651541019081978
-3.944395543507902     4.733712419243473
-3.9051955071874644     4.773006254183739
-3.8659954708670305     4.757375607328085
-3.8267954345465967     4.682723509627472
-3.7875953982261628     4.554561424982532
-3.748395361905729     4.386464025550833
-3.7091953255852914     4.195970098698983
-3.6699952892648575     3.9999143046953365
-3.6307952529444236     3.8113191861620694
-3.5915952166239897     3.638912869579566
-3.5523951803035523     3.4887791156323105
-3.5131951439831184     3.366516357789502
-3.4739951076626845     3.2781794794775805
-3.4347950713422506     3.2292057843747894
-3.395595035021813     3.221920630087702
-3.3563949987013793     3.2532274053823316
-3.3171949623809454     3.3140506791545903
-3.2779949260605115     3.39101563575445
-3.2387948897400776     3.4694456241098512
-3.19959485341964     3.5360282438819524
-3.160394817099206     3.579928750292379
-3.1211947807787723     3.592337262142525
-3.0819947444583384     3.5655083443345084
-3.042794708137901     3.4925699909417376
-3.003594671817467     3.368705674490366
-2.964394635497033     3.193288549390311
-2.9251945991765993     2.9718240009657824
-2.885994562856162     2.716505519820732
-2.846794526535728     2.4447865276912193
-2.807594490215294     2.1762952910251006
-2.76839445389486     1.9292070720857157
-2.7291944175744263     1.717418113279017
-2.689994381253989     1.5493851723769383
-2.650794344933555     1.4285598602033593
-2.611594308613121     1.354539185786244
-2.572394272292687     1.3239120846230392
-2.5331942359722497     1.3303922396092471
-2.493994199651816     1.3647071313719685
-2.454794163331382     1.4151491555722133
-2.415594127010948     1.469307523225937
-2.376394090690514     1.5165678971994307
-2.3371940543700767     1.5502206162506595
-2.2979940180496428     1.5680625644342685
-2.258793981729209     1.5712183189078366
-2.219593945408775     1.5619584390424965
-2.1803939090883375     1.5418351731127158
-2.1411938727679036     1.5111510739177245
-2.1019938364474697     1.4698722497001682
-2.062793800127036     1.4192078887251474
-2.0235937638065984     1.3627416216956139
-1.9843937274861645     1.3063544500618864
-1.9451936911657306     1.2569273198250348
-1.9059936548452967     1.2204690413237187
-1.8667936185248628     1.2005254774301868
-1.8275935822044254     1.1974478277416776
-1.7883935458839915     1.2085796299449965
-1.7491935095635576     1.2290112592197946
-1.7099934732431237     1.2524686728469838
-1.6707934369226862     1.2721188588540813
-1.6315934006022523     1.2813534635351032
-1.5923933642818184     1.2747067740838378
-1.5531933279613845     1.2489034709052904
-1.513993291640947     1.2037615257349625
-1.4747932553205132     1.1425272525027625
-1.4355932190000793     1.0713263734257648
-1.3963931826796454     0.9977331268631787
-1.3571931463592115     0.9288270247107321
-1.317993110038774     0.8693553512598731
-1.2787930737183402     0.8206414274890306
-1.2395930373979063     0.7806442792235738
-1.2003930010774724     0.7451452532946596
-1.161192964757035     0.7095750678366566
-1.121992928436601     0.6707246688296628
-1.0827928921161671     0.6276659466702391
-1.0435928557957332     0.581615918938139
-1.0043928194752993     0.5349857793439821
-0.9651927831548619     0.49018390165410053
-0.925992746834428     0.44873797979799007
-0.8867927105139941     0.4110258331162192
-0.8475926741935602     0.3765568539611932
-0.8083926378731228     0.3445177902627052
-0.7691926015526889     0.3142638835379529
-0.729992565232255     0.2855555157768069
-0.6907925289118211     0.2585119460318306
-0.6515924925913836     0.233389296704572
-0.6123924562709497     0.21034379971970846
-0.5731924199505158     0.18931013712323394
-0.533992383630082     0.17003811873378885
-0.49479234730964805     0.15223833419379265
-0.4555923109892106     0.13573664587371953
-0.4163922746687767     0.12054939224344646
-0.3771922383483428     0.1068485173466539
-0.3379922020279089     0.09484744941426572
-0.29879216570747147     0.08466989314543413
-0.2595921293870376     0.0762573332135529
-0.22039209306660368     0.06934310737919575
-0.18119205674616978     0.06349237909374719
-0.14199202042573233     0.05818932155889961
-0.10279198410529844     0.052945315353389234
-0.06359194778486454     0.04740085007668539
-0.02439191146443065     0.04139663398896617
0.014808124856003246     0.03499622530924555
0.054008161176440694     0.02845397072921705
0.09320819749687459     0.022137091154825206
0.13240823381730848     0.01642517060178078
0.17160827013774238     0.01161766212959918
0.21080830645817983     0.007875570693103554
0.2500083427786137     0.005208446277536615
0.2892083790990476     0.003499937668846592
0.3284084154194815     0.00255375761645617
0.3676084517399154     0.0021414806262788043
0.40680848806035286     0.0020411994444763538
0.44600852438078675     0.002064607008595038
0.48520856070122065     0.0020741302702756096
0.5244085970216545     0.0019910372048504376
0.563608633342092     0.0017936073114140421
0.6028086696625259     0.0015050310570264435
0.6420087059829598     0.001174040645107295
0.6812087423033937     0.0008547743855628332
0.7204087786238311     0.0005931924990871341
0.759608814944265     0.00042480460504745087
0.7988088512646989     0.00038407867915293733
0.8380088875851328     0.0005215989229736837
0.8772089239055667     0.0009215213268786404
0.9164089602260042     0.001708955562282857
0.955608996546438     0.003035444997172286
0.994809032866872     0.005033885822904068
1.0340090691873058     0.0077456841835160705
1.0732091055077433     0.011042031419972717
1.1124091418281772     0.014578832455176978
1.151609178148611     0.017826001227897674
1.190809214469045     0.02018622471752423
1.2300092507894824     0.021172685625482437
1.2692092871099163     0.02057516768304278
1.3084093234303502     0.01853834082901059
1.347609359750784     0.015514117125537356
1.386809396071218     0.012110925594963445
1.4260094323916555     0.008909166085088184
1.4652094687120893     0.0063176410296211
1.5044095050325232     0.004513267436266795
1.5436095413529571     0.00346186912796298
1.5828095776733946     0.002988271722354766
1.6220096139938285     0.002859029585397694
1.6612096503142624     0.002852692377672846
1.7004096866346963     0.0028066618472778688
1.7396097229551302     0.0026385566610456017
1.7788097592755676     0.002344138847772108
1.8180097955960015     0.0019768651149582456
1.8572098319164354     0.0016172582430508456
1.8964098682368693     0.0013418484139039863
1.9356099045573067     0.0011997948666461593
1.9748099408777406     0.001201268222444835
2.0140099771981745     0.0013177121939062849
2.0532100135186084     0.0014918535188202318
2.092410049839046     0.0016543857372901527
2.1316100861594798     0.0017433184039712618
2.1708101224799137     0.0017208327590327002
2.2100101588003476     0.001582430761827251
2.2492101951207815     0.0013555225872041922
2.288410231441219     0.0010888646333110693
2.327610267761653     0.0008380239315778422
2.3668103040820867     0.0006528406567367789
2.4060103404025206     0.0005702400116657796
2.445210376722958     0.0006116980579630121
2.484410413043392     0.0007821180794222972
2.523610449363826     0.001067561756408134
2.5628104856842597     0.0014325591392583684
2.602010522004697     0.0018209912914343277
2.641210558325131     0.0021649533628960243
2.680410594645565     0.002402494612926286
2.719610630965999     0.002499454538558829
2.7588106672864328     0.0024664864952701456
2.79801070360687     0.0023629383867689365
2.837210739927304     0.002284736938836983
2.876410776247738     0.0023407178114567334
2.915610812568172     0.0026267324659034496
2.9548108488886093     0.003206799916450285
2.9940108852090432     0.004106070314478739
3.033210921529477     0.005314277772702301
3.072410957849911     0.006794028796823043
3.111610994170345     0.0084878061920508
3.1508110304907824     0.01032080181256726
3.1900110668112163     0.0122012173087135
3.22921110313165     0.014022250342293938
3.268411139452084     0.015668863206870585
3.3076111757725215     0.01702883767479064
3.3468112120929554     0.01800477739844607
3.3860112484133893     0.018523941831911594
3.425211284733823     0.01854537286754916
3.4644113210542606     0.018065804424345976
3.5036113573746945     0.017125161480298697
3.5428113936951284     0.015809663310690534
3.5820114300155623     0.014248304183264318
3.621211466335996     0.012599133718755649
3.6604115026564337     0.011025640697057991
3.6996115389768676     0.009668940578050827
3.7388115752973015     0.008625429088257891
3.7780116116177354     0.007939081199380726
3.817211647938173     0.007611347371107727
3.8564116842586067     0.00762192697003317
3.8956117205790406     0.007946444122541248
3.9348117568994745     0.008558216063474997
3.974011793219912     0.009412016277048242
4.013211829540346     0.010421947468629086
4.05241186586078     0.011453264082807488
4.091611902181214     0.012342364725436386
4.1308119385016475     0.012942235292065344
4.170011974822085     0.013172991495684773
4.209212011142519     0.013051171405676451
4.248412047462953     0.012682006871513926
4.287612083783387     0.012219292379816223
4.326812120103824     0.01181378950014675
4.366012156424258     0.01157291783665134
4.405212192744692     0.011542712458205906
4.444412229065126     0.01170836149344799
4.48361226538556     0.01200302037276465
4.522812301705997     0.012318516987872405
4.562012338026431     0.01251949450034955
4.601212374346865     0.012465906877515656
4.640412410667299     0.012044365580847307
4.679612446987736     0.011200564130112172
4.71881248330817     0.009959888947925054
4.758012519628604     0.008425802686152447
4.797212555949038     0.006754634294045929
4.836412592269475     0.005115731427809507
4.875612628589909     0.0036517191933570364
4.914812664910343     0.002452134704525271
4.954012701230777     0.0015465591509052272
4.993212737551211     0.0009149196355032047
5.032412773871648     0.0005070882397741237
5.071612810192082     0.00026303243498652777
5.110812846512516     0.00012756731977130883
5.15001288283295     5.779409771352121e-05
5.189212919153388     2.4438653645551407e-05
5.2284129554738215     9.637948341566837e-06
5.267612991794255     3.542954314592978e-06
5.306813028114689     1.2169631448577004e-06
5.346013064435127     4.112096056127178e-07
5.385213100755561     2.420914970168032e-07
5.4244131370759945     6.360354660517013e-07
5.463613173396428     2.6594686618381597e-06
5.502813209716862     1.077114678885621e-05
5.5420132460373     4.050712037002028e-05
5.581213282357734     0.00014109174923248888
5.6204133186781675     0.00045510134161539745
5.659613354998601     0.001359399403869751
5.698813391319039     0.0037602634468118395
5.738013427639473     0.009632115822870392
5.777213463959907     0.022848481585573708
5.8164135002803405     0.05019092692449708
5.855613536600774     0.10209989915914007
5.894813572921212     0.19233469563176459
5.934013609241646     0.33552291051854477
5.97321364556208     0.5420245417159769
6.012413681882514     0.8108638627013336
6.051613718202951     1.1233346764603864
6.090813754523385     1.4411281765678663
6.130013790843819     1.7120966522151493
6.169213827164253     1.8835891112382959
6.20841386348469     1.9190058065775604
6.247613899805124     1.810500424683148
6.286813936125558     1.5818059242399214
6.326013972445992     1.2797937620230335
6.365214008766426     0.958868396287676
6.404414045086863     0.6652888503306397
6.443614081407297     0.4274582564175091
6.482814117727731     0.25433691510367956
6.522014154048165     0.1401384511872757
6.561214190368602     0.07150517154980739
6.600414226689036     0.0337870154679759
6.63961426300947     0.014784090581858988
6.678814299329904     0.005990651438807323
6.7180143356503415     0.002248112865012285
6.757214371970775     0.0007820355769751641
6.796414408291209     0.0002552623039957289
6.835614444611643     9.042517269780356e-05
6.874814480932077     7.783444670664094e-05
6.9140145172525145     0.00020023997347974859
6.953214553572948     0.0006169762350441106
6.992414589893382     0.001801083431055041
7.031614626213816     0.00487737837309392
7.070814662534254     0.012232911302249993
7.1100146988546875     0.02841270457059326
7.149214735175121     0.061112786163406825
7.188414771495555     0.12172785050532665
7.227614807815989     0.22453751336975356
7.266814844136427     0.38355966469516334
7.3060148804568605     0.6067751528323502
7.345214916777294     0.8889592374934031
7.384414953097728     1.2061664206716245
7.423614989418166     1.515728923524951
7.4628150257386     1.764210100312673
7.502015062059034     1.9020884656442727
7.5412150983794675     1.8998404581223363
7.580415134699905     1.7582871728749367
7.619615171020339     1.5082358743265565
7.658815207340773     1.1996165417960394
7.698015243661207     0.8853512574044652
7.7372152799816405     0.6070637171316012
7.776415316302078     0.38768704258805103
7.815615352622512     0.23187897005079397
7.854815388942946     0.13163948805311654
7.89401542526338     0.07331298656621711
7.933215461583817     0.043090992122562594
7.972415497904251     0.02993220648719357
8.011615534224685     0.026258709832538862
8.050815570545119     0.027380888752132168
8.090015606865553     0.030524859806963633
8.12921564318599     0.0339902485168795
8.168415679506424     0.03664232351210426
8.207615715826858     0.037732074583733996
8.246815752147292     0.03692396950530936
8.28601578846773     0.034368499792588283
8.325215824788163     0.030680150110997766
8.364415861108597     0.026761507445956817
8.403615897429031     0.02351504890562204
8.442815933749468     0.02155550008547731
8.482015970069902     0.02104395528363961
8.521216006390336     0.02171228267244498
8.56041604271077     0.023065099026638385
8.599616079031204     0.02468193652868752
8.638816115351641     0.026537395336871362
8.678016151672072     0.029342324999298876
8.71721618799251     0.03508559521848964
8.756416224312947     0.04817239336434277
8.795616260633377     0.0776841986631082
8.834816296953814     0.14111995755247694
8.874016333274252     0.26927712680310606
8.913216369594682     0.5105778978743022
8.95241640591512     0.931431252284111
8.99161644223555     1.608124584165137
9.030816478555987     2.606831978804252
9.070016514876425     3.9529031419551774
9.109216551196855     5.598119154827776
9.148416587517293     7.401540979369867
9.187616623837723     9.14031575729587
9.22681666015816     10.557276291357775
9.266016696478598     11.434321570345343
9.305216732799028     11.663622928548445
9.344416769119466     11.28438254003424
9.383616805439903     10.46674458078635
9.422816841760334     9.450177481657057
9.462016878080771     8.46592222014619
9.501216914401201     7.678225074254627
9.540416950721639     7.164782548335191
9.579616987042076     6.933488737821051
9.618817023362507     6.955079908858296
9.658017059682944     7.188694868941456
9.697217096003374     7.588285556279678
9.736417132323812     8.09331138250774
9.77561716864425     8.61760027286104
9.81481720496468     9.05060264948291
9.854017241285117     9.276604277516292
9.893217277605554     9.20558380792807
9.932417313925985     8.80154008918654
9.971617350246422     8.095024756433046
10.010817386566853     7.175532939018371
10.05001742288729     6.170206251939035
10.089217459207728     5.220620832036796
10.128417495528158     4.466123136740344
10.167617531848595     4.033695899934605
10.206817568169026     4.0279009886799875
10.246017604489463     4.515288317159249
10.2852176408099     5.505043242006074
10.32441767713033     6.935494286912621
10.363617713450768     8.677523178857177
10.402817749771199     10.558427368731095
10.442017786091636     12.397754361565855
10.481217822412074     14.038819577289198
10.520417858732504     15.362724313838331
10.559617895052941     16.28438317428557
10.598817931373379     16.743003669304507
10.63801796769381     16.702319207794915
10.677218004014247     16.166027565528633
10.716418040334677     15.198928103346427
10.755618076655114     13.935952469825988
10.794818112975552     12.566189155132253
10.834018149295982     11.293638578697331
10.87321818561642     10.290527796654027
10.91241822193685     9.663326202330971
10.951618258257287     9.44406843587366
10.990818294577725     9.605766162391667
11.030018330898155     10.089238589190456
11.069218367218593     10.82571753708031
11.10841840353903     11.74555428577356
11.14761843985946     12.77381886594987
11.186818476179898     13.82230794637542
11.226018512500328     14.78979782942108
11.265218548820766     15.577247723603158
11.304418585141203     16.114963130733457
11.343618621461633     16.38988058128819
11.382818657782071     16.458327630888128
11.422018694102501     16.434890914833016
11.461218730422939     16.458849447786648
11.500418766743376     16.65011795263797
11.539618803063806     17.0710696127563
11.578818839384244     17.70703272241315
11.618018875704681     18.469718781057978
11.657218912025112     19.21995863052443
11.69641894834555     19.802728149001258
11.73561898466598     20.08777639546735
11.774819020986417     20.009263725321695
11.814019057306854     19.59509539088821
11.853219093627285     18.973437188366596
11.892419129947722     18.34613854731383
11.931619166268153     17.930210115775466
11.97081920258859     17.88550395220269
12.010019238909027     18.25899881510919
12.049219275229458     18.973527336904915
12.088419311549895     19.86973137583376
12.127619347870333     20.783837000591284
12.166819384190763     21.625324466573133
12.2060194205112     22.418317553511176
12.24521945683163     23.288205074385385
12.284419493152068     24.400422517270155
12.323619529472506     25.87856823622513
12.362819565792936     27.735970738174892
12.402019602113374     29.84777935811402
12.441219638433804     31.97421762366906
12.480419674754241     33.82628214330627
12.519619711074679     35.149447187297625
12.558819747395109     35.79473458261399
12.598019783715547     35.75309929382658
12.637219820035984     35.146105814194144
12.676419856356414     34.18460730276348
12.715619892676852     33.116875835903265
12.754819928997282     32.183287071590236
12.79401996531772     31.581436541582033
12.833220001638157     31.435531819534905
12.872420037958587     31.766157763483186
12.911620074279025     32.468903018142996
12.950820110599455     33.32050033202181
12.990020146919893     34.02676312005597
13.02922018324033     34.30652386988762
13.06842021956076     33.982215349199635
13.107620255881198     33.0375243054445
13.146820292201628     31.61450273376313
13.186020328522066     29.950952975938353
13.225220364842503     28.287743461662757
13.264420401162933     26.789161504933578
13.30362043748337     25.511023614724003
13.342820473803808     24.42627498603015
13.382020510124239     23.489124035667196
13.421220546444676     22.700301119912467
13.460420582765106     22.136665604213064
13.499620619085544     21.928030469046387
13.538820655405981     22.19317125620781
13.578020691726412     22.970348026467665
13.61722072804685     24.182078605413437
13.65642076436728     25.655931502331665
13.695620800687717     27.192124284104416
13.734820837008154     28.64224940850649
13.774020873328585     29.957047372731004
13.813220909649022     31.178827130359743
13.85242094596946     32.38562746996156
13.89162098228989     33.620963039099045
13.930821018610327     34.84938934746732
13.970021054930758     35.961002822241504
14.009221091251195     36.81847311090401
14.048421127571633     37.31650863701408
14.087621163892063     37.419620616054715
14.1268212002125     37.16069376972931
14.16602123653293     36.60834277450385
14.205221272853368     35.828719636832766
14.244421309173806     34.86682944614075
14.283621345494236     33.75567002257983
14.322821381814673     32.54138677768984
14.362021418135111     31.303081235571753
14.401221454455541     30.152075548083964
14.440421490775979     29.210647940317852
14.479621527096409     28.582341297320983
14.518821563416846     28.327311911614125
14.558021599737284     28.448955392992477
14.597221636057714     28.89045947201383
14.636421672378152     29.538264103709
14.675621708698582     30.23304592131771
14.71482174501902     30.792074006567514
14.754021781339457     31.04454533732519
14.793221817659887     30.87384537156308
14.832421853980325     30.252804164481596
14.871621890300762     29.25647537694625
14.910821926621193     28.044699825633558
14.95002196294163     26.82035871922606
14.98922199926206     25.78071952926075
15.028422035582498     25.0812123847538
15.067622071902935     24.82196366089071
15.106822108223366     25.053342395084606
15.146022144543803     25.78666644452854
15.185222180864233     26.995956805496153
15.22442221718467     28.60552158376495
15.263622253505108     30.470415887631997
15.302822289825539     32.36574204926223
15.342022326145976     34.00172441580544
15.381222362466414     35.07295251611244
15.420422398786844     35.33413089083766
15.459622435107281     34.67752576293079
15.498822471427712     33.17884576474616
15.538022507748149     31.086476433061357
15.577222544068587     28.75293993408442
15.616422580389017     26.535226434240894
15.655622616709454     24.705671109854528
15.694822653029885     23.40763831238453
15.734022689350322     22.665022629830723
15.77322272567076     22.42733179123117
15.81242276199119     22.61878723351682
15.851622798311627     23.16599389405265
15.890822834632058     23.99730933757304
15.930022870952495     25.025082295432032
15.969222907272933     26.129503171714596
16.008422943593363     27.158209660592732
16.0476229799138     27.944521667803645
16.086823016234238     28.337049927579354
16.126023052554668     28.229575945465147
16.165223088875106     27.58267137481755
16.204423125195536     26.433706319684983
16.243623161515973     24.895398475496552
16.28282319783641     23.143458770721658
16.32202323415684     21.39327669945759
16.36122327047728     19.866945143086106
16.40042330679771     18.75580491458852
16.439623343118146     18.187452533786104
16.478823379438584     18.206447613925917
16.518023415759014     18.77379312638164
16.55722345207945     19.783718427576158
16.59642348839989     21.090651027909427
16.63562352472032     22.53686879090902
16.674823561040757     23.972895940675343
16.714023597361187     25.267580542594853
16.753223633681625     26.31098830404934
16.792423670002062     27.017554647618226
16.831623706322492     27.33618094506021
16.87082374264293     27.267446197964894
16.91002377896336     26.879220569414773
16.949223815283798     26.30686310558917
16.988423851604235     25.72774835386995
17.027623887924666     25.311776628453813
17.066823924245103     25.1636107278032
17.10602396056554     25.280223179570292
17.14522399688597     25.543774603211876
17.184424033206408     25.756378377701328
17.22362406952684     25.706794024223992
17.262824105847276     25.246996466707987
17.302024142167713     24.352875962742182
17.341224178488144     23.148029048688628
17.38042421480858     21.880734397659474
17.41962425112901     20.85911992162263
17.45882428744945     20.36423486373156
17.498024323769886     20.569602803841068
17.537224360090317     21.493944379209694
17.576424396410754     23.000843145984472
17.61562443273119     24.840998957340755
17.654824469051622     26.718163839069835
17.69402450537206     28.355153196263288
17.73322454169249     29.5417427633316
17.772424578012927     30.157045446218536
17.811624614333365     30.169194441376543
17.850824650653795     29.621002361341734
17.890024686974233     28.610676421826142
17.929224723294663     27.272652723079606
17.9684247596151     25.75789315699154
18.007624795935538     24.209794759818138
18.046824832255968     22.734838408059918
18.086024868576406     21.375495226989607
18.125224904896836     20.0999902853654
18.164424941217273     18.820976274051272
18.20362497753771     17.441075357252103
18.24282501385814     15.905966074161787
18.28202505017858     14.2383858057522
18.321225086499016     12.536000858934935
18.360425122819446     10.936652124333174
18.399625159139884     9.571638525374778
18.438825195460314     8.530234389055835
18.47802523178075     7.847010580321706
18.51722526810119     7.508173226057806
18.55642530442162     7.464978875553005
18.595625340742057     7.644511936599052
18.634825377062487     7.955726461003589
18.674025413382925     8.294530713311625
18.713225449703362     8.552440166487035
18.752425486023792     8.630288092307014
18.79162552234423     8.454808836835745
18.830825558664667     7.993675366947165
18.870025594985098     7.264248570618746
18.909225631305535     6.332623943079633
18.948425667625965     5.302117265010344
18.987625703946403     4.2934122700017365
19.02682574026684     3.421204477432088
19.06602577658727     2.7734544730056125
19.105225812907708     2.3989579570048867
19.14442584922814     2.306888846962894
19.183625885548576     2.4784182636908065
19.222825921869013     2.8858831510240686
19.262025958189444     3.5106511281647164
19.30122599450988     4.349352474212849
19.34042603083032     5.402021353064052
19.37962606715075     6.644958504858994
19.418826103471186     8.001793983646234
19.458026139791617     9.331547827108063
19.497226176112054     10.44729395133913
19.53642621243249     11.164233231547595
19.575626248752922     11.35934296393836
19.61482628507336     11.01646680762461
19.65402632139379     10.236331663663147
19.693226357714227     9.207333881050554
19.732426394034665     8.150250073054842
19.771626430355095     7.2589398473693505
19.810826466675532     6.656760495337209
19.85002650299597     6.378869521881275
19.8892265393164     6.380215229287981
19.928426575636838     6.5617709831353865
19.967626611957268     6.804147417796709
20.006826648277706     6.9976898304554735
20.046026684598143     7.06147104030083
20.085226720918573     6.949589664531801
20.12442675723901     6.649298471960538
20.16362679355944     6.178077716863734
20.20282682987988     5.584063732306076
20.242026866200316     4.948276139980189
20.281226902520746     4.382367654308326
20.320426938841184     4.015638779871697
20.35962697516162     3.969818712809838
20.39882701148205     4.326629487462947
20.43802704780249     5.097918071620961
20.47722708412292     6.20914960654055
20.516427120443357     7.504110119249599
20.555627156763794     8.772719794527504
20.594827193084225     9.796531819536124
20.634027229404662     10.40000125974186
20.673227265725092     10.492407597739657
20.71242730204553     10.087144738061662
20.751627338365967     9.291940572426222
20.790827374686398     8.273303280972074
20.830027411006835     7.207488448638527
20.869227447327265     6.234831900956643
20.908427483647703     5.432305548310932
20.94762751996814     4.811373172060777
20.98682755628857     4.338118667207936
21.026027592609008     3.964667512364366
21.065227628929446     3.658230097967647
21.104427665249876     3.4169728801201007
21.143627701570313     3.2682784479789526
21.182827737890744     3.2518779016236588
21.22202777421118     3.3955139220061863
21.26122781053162     3.6930154727548246
21.30042784685205     4.093689912510246
21.339627883172486     4.508190260676595
21.378827919492917     4.8304106072848345
21.418027955813354     4.9688915596345415
21.45722799213379     4.876612466427496
21.496428028454222     4.5671361628022655
21.53562806477466     4.109338933896087
21.574828101095097     3.6016176402222313
21.614028137415527     3.135848491981715
21.653228173735965     2.7664632503411157
21.692428210056395     2.497581598956151
21.731628246376832     2.292183408246205
21.77082828269727     2.0967074092484546
21.8100283190177     1.8680044512014051
21.849228355338138     1.5903655910195156
21.888428391658568     1.2771262081918453
21.927628427979005     0.9596417665424374
21.966828464299443     0.671597388035988
22.006028500619873     0.4366213255428602
22.04522853694031     0.26331491486500963
22.084428573260748     0.1471909901596508
22.12362860958118     0.0762320839287849
22.162828645901616     0.0365716944013932
22.202028682222046     0.016249830836670472
22.241228718542484     0.0066868205927047
22.28042875486292     0.002548247582200454
22.31962879118335     0.0008993030128299995
22.35882882750379     0.000293905873397959
22.39802886382422     8.894995382171507e-05
22.437228900144657     2.4929700065173083e-05
22.476428936465094     6.470256461136023e-06
22.515628972785525     1.5551011591276532e-06
22.554829009105962     3.461212650685773e-07
22.5940290454264     7.133953710055373e-08
22.63322908174683     1.3616471887921222e-08
22.672429118067267     2.4067510349302103e-09
22.711629154387698     3.939399173594282e-10
22.750829190708135     5.971193610227154e-11
22.790029227028572     8.381715315678526e-12
22.829229263349003     1.091204455492137e-12
22.86842929966944     1.4776363852724326e-13
22.90762933598987     1.6307874946717758e-13
22.946829372310308     1.229580226735624e-12
22.986029408630746     9.407543875152454e-12
23.025229444951176     6.67341219392891e-11
23.064429481271613     4.3838770701271167e-10
23.10362951759205     2.666865357150143e-09
23.14282955391248     1.5023670078620953e-08
23.18202959023292     7.837602082032465e-08
23.22122962655335     3.7863661376276927e-07
23.260429662873786     1.6939252005806529e-06
23.299629699194224     7.017752946549251e-06
23.338829735514654     2.6923662998364427e-05
23.37802977183509     9.565384698800953e-05
23.417229808155522     0.0003147045056748314
23.45642984447596     0.0009588169548283386
23.495629880796397     0.0027052080673653687
23.534829917116827     0.007068021586612748
23.574029953437265     0.017101227523153087
23.613229989757695     0.03831677312279622
23.652430026078132     0.07950286775783481
23.69163006239857     0.15275973133747645
23.730830098719     0.271811108621506
23.770030135039438     0.4478759500666126
23.809230171359875     0.6834087067675443
23.848430207680305     0.9656850256705702
23.887630244000743     1.263638098176914
23.926830280321173     1.531236066645168
23.96603031664161     1.7182795171775223
24.005230352962048     1.7855733724086156
