-21.42297880726744     8.199051574821998e-06
-21.269746816274573     3.50285073674295e-05
-21.116514825281705     7.075553868308071e-05
-20.963282834288837     5.6985198635753744e-05
-20.810050843295965     3.869379604096234e-05
-20.656818852303097     4.651886841163281e-05
-20.50358686131023     3.6493429852694866e-05
-20.35035487031736     1.1838253094532995e-05
-20.197122879324493     1.3296281295182468e-06
-20.043890888331624     4.7873808812515786e-08
-19.890658897338756     5.385475043752258e-10
-19.737426906345885     1.878452919679709e-12
-19.584194915353017     2.02714004972135e-15
-19.43096292436015     6.76407535649521e-19
-19.27773093336728     6.977496638560375e-23
-19.124498942374412     2.2250325403299475e-27
-18.971266951381544     2.1933742439622519e-32
-18.818034960388676     6.683856241364191e-38
-18.664802969395808     6.296206822082854e-44
-18.511570978402936     1.8334465971298564e-50
-18.358338987410068     1.6504216094701563e-57
-18.2051069964172     4.5926027874546395e-65
-18.051875005424332     3.950574107954839e-73
-17.898643014431464     1.0505068399012057e-81
-17.745411023438596     8.635249676167752e-91
-17.592179032445728     2.19426086212304e-100
-17.438947041452856     1.7236101502811242e-110
-17.285715050459988     9.791230927342577e-107
-17.13248305946712     8.770411835320398e-97
-16.97925106847425     2.4285107147074747e-87
-16.826019077481384     2.0787267463666225e-78
-16.672787086488515     5.500372825675042e-70
-16.519555095495647     4.4990849804971916e-62
-16.366323104502776     1.1376105559404071e-54
-16.213091113509908     8.892019146949678e-48
-16.05985912251704     2.1485455116393033e-41
-15.906627131524171     1.604819609736657e-35
-15.753395140531303     3.705490553519303e-30
-15.600163149538435     2.6448683276599684e-25
-15.446931158545565     5.8358561291400035e-21
-15.293699167552697     3.9806875941407575e-17
-15.140467176559827     8.394614565066641e-14
-14.98723518556696     5.4746637805565287e-11
-14.834003194574091     1.1053018788875957e-08
-14.680771203581223     6.93625683226012e-07
-14.527539212588355     1.3760794726978603e-05
-14.374307221595485     9.295496563659829e-05
-14.221075230602617     0.00028058126849865117
-14.067843239609747     0.0005820372996190964
-13.914611248616879     0.0008147308893890824
-13.76137925762401     0.0006678942084004768
-13.608147266631143     0.0003157812183784123
-13.454915275638275     7.015842531000415e-05
-13.301683284645405     5.790714783540746e-06
-13.148451293652537     5.041674168751504e-06
-12.995219302659669     0.00018487089705168403
-12.841987311666799     0.0021618424371735697
-12.68875532067393     0.007824134522650013
-12.535523329681062     0.009299080250795051
-12.382291338688193     0.013298621880025834
-12.229059347695324     0.057975154155283655
-12.075827356702456     0.10011173763249252
-11.922595365709588     0.06020436209976395
-11.769363374716718     0.09310755839538012
-11.61613138372385     0.38671348307560865
-11.462899392730982     0.8201978120095226
-11.309667401738112     1.1764791604012736
-11.156435410745244     1.3608011243016875
-11.003203419752376     1.7231133039106648
-10.849971428759508     2.048494353753513
-10.696739437766638     1.944016490917793
-10.54350744677377     1.6518199126853452
-10.390275455780902     1.1169322044172174
-10.237043464788032     0.4944521784296212
-10.083811473795164     0.14780339267831294
-9.930579482802296     0.0701100047748558
-9.777347491809428     0.03735191292750033
-9.624115500816558     0.007796041808862424
-9.47088350982369     0.0005190905777279145
-9.317651518830822     1.0739819516412507e-05
-9.164419527837953     6.914900495300983e-08
-9.011187536845084     8.576138986063187e-08
-8.857955545852215     5.832051196732004e-06
-8.704723554859347     0.00013111783399088098
-8.551491563866477     0.0011603150660612787
-8.39825957287361     0.005658958693771657
-8.245027581880741     0.022581273385409144
-8.091795590887873     0.19419364220419935
-7.938563599895003     1.5263753258043402
-7.785331608902135     5.1588256490105735
-7.632099617909267     8.565542308255452
-7.478867626916397     9.171924992094471
-7.325635635923529     7.688506113644046
-7.172403644930661     4.259429595445653
-7.019171653937793     1.071777785918029
-6.865939662944923     0.10002270387791748
-6.712707671952055     0.003394325139541877
-6.559475680959187     0.0019868193272471572
-6.406243689966317     0.006920461012922701
-6.253011698973449     0.011556454162814136
-6.099779707980581     0.009373324244914044
-5.946547716987713     0.0036368392049216437
-5.793315725994843     0.0007301537239110475
-5.640083735001975     7.43187377660227e-05
-5.4868517440091065     3.1021987739379406e-06
-5.333619753016237     4.4955515242191724e-08
-5.1803877620233685     2.1116318759799754e-10
-5.0271557710305     3.1370316994091514e-13
-4.873923780037632     1.5905271829991552e-13
-4.720691789044764     2.2694080922540895e-10
-4.567459798051896     1.0018897867462495e-07
-4.414227807059024     1.3673026102923106e-05
-4.260995816066156     0.0005768284596240943
-4.107763825073288     0.007522566922953319
-3.95453183408042     0.030326547977469136
-3.801299843087552     0.03779762749784186
-3.648067852094684     0.014948715168980348
-3.4948358611018158     0.013019608863427942
-3.341603870108944     0.10189659312415572
-3.188371879116076     0.3053883433299313
-3.035139888123208     0.5265505464337967
-2.88190789713034     1.367813699193152
-2.7286759061374717     2.9985854099490643
-2.5754439151446036     4.282433016178454
-2.4222119241517355     4.626850156702528
-2.268979933158864     4.311097294697992
-2.1157479421659957     3.6953060185886923
-1.9625159511731276     3.667250065793123
-1.8092839601802595     3.9051735129358467
-1.6560519691873914     3.7649752823584985
-1.5028199781945233     2.8915535122044798
-1.3495879872016552     1.9276443231843101
-1.1963559962087835     1.2924474372450045
-1.0431240052159154     0.7973670422615674
-0.8898920142230473     0.567728526827577
-0.7366600232301792     0.4618260659672235
-0.5834280322373111     0.45955674027390636
-0.430196041244443     0.6304448562219043
-0.2769640502515749     1.0387409859313925
-0.12373205925870323     1.6636654610376949
0.029499931734164875     1.9359527813451833
0.18273192272703298     1.3000688040958106
0.3359639137199011     0.39756386135520877
0.4891959047127692     0.045726261036537416
0.6424278957056373     0.0018122013310757706
0.7956598866985054     2.415684998345921e-05
0.9488918776913771     1.0871328552201484e-07
1.1021238686842452     1.6730933454148895e-10
1.2553558596771133     8.8751526743499e-14
1.4085878506699814     1.612125227469279e-17
1.5618198416628495     9.829206049300418e-22
1.7150518326557176     1.1004359033818552e-21
1.8682838236485857     2.78533508287584e-17
2.0215158146414574     2.1793980115870638e-13
2.1747478056343255     5.271564890716176e-10
2.3279797966271936     3.941966837277412e-07
2.4812117876200617     9.115737584013123e-05
2.6344437786129298     0.006529372928715044
2.787675769605798     0.14606947894113695
2.940907760598666     1.0647704000718385
3.094139751591534     3.049140637603423
3.2473717425844058     5.475979982762683
3.400603733577274     8.514507104919877
3.553835724570142     11.310780017077233
3.70706771556301     12.844548522931168
3.860299706555878     12.279152255055813
4.013531697548746     9.73863779570361
4.166763688541614     8.705557377010969
4.319995679534486     10.098599211688072
4.473227670527354     10.39479611506487
4.626459661520222     8.787648348719497
4.77969165251309     4.91769981115939
4.9329236435059585     1.1563193527413689
5.086155634498827     0.09291483285202254
5.239387625491695     0.002412358469831324
5.392619616484566     1.9910786127843287e-05
5.545851607477434     5.188788644690552e-08
5.6990835984703025     4.2511892917860465e-11
5.852315589463171     1.0913762068895668e-14
6.005547580456039     1.2497450345808808e-18
6.158779571448907     1.929487447052692e-15
6.312011562441775     3.0756918896481663e-12
6.465243553434647     1.5160708407178064e-09
6.618475544427515     2.3128900247487275e-07
6.771707535420383     1.0957175928873678e-05
6.924939526413251     0.00016322410049214253
7.078171517406119     0.0007994108296490737
7.231403508398987     0.001470842333052184
7.384635499391855     0.0013445959132922132
7.537867490384727     0.0010631815481618571
7.691099481377595     0.0011380065524186453
7.844331472370463     0.0007728901436850251
7.997563463363331     0.0002153256585013383
8.1507954543562     2.3025522861442623e-05
8.304027445349067     9.429539104570606e-07
8.457259436341936     1.446513137585926e-08
8.610491427334807     1.0558030154103638e-09
8.763723418327675     1.716889325588403e-07
8.916955409320543     9.348551466091597e-06
9.070187400313412     0.00015814745471776025
9.22341939130628     0.000835306963292695
9.376651382299148     0.0013915115365580163
9.529883373292016     0.000760451811347471
9.683115364284888     0.0002237376804112884
9.836347355277756     0.00015084391387822825
9.989579346270624     6.792702749744806e-05
10.142811337263492     1.5141196163633019e-05
10.29604332825636     4.019487696554381e-05
10.449275319249228     9.246064106625011e-05
10.602507310242096     6.647422233244553e-05
10.755739301234968     1.4774600556471645e-05
10.908971292227832     1.0151161721880253e-06
11.062203283220704     2.1560215103318146e-08
11.215435274213569     1.415558699782354e-10
11.36866726520644     3.788892665343538e-13
11.521899256199312     7.372591658442162e-11
11.675131247192176     1.83753267478232e-08
11.828363238185048     1.4252711473733857e-06
11.981595229177913     3.513638237556128e-05
12.134827220170784     0.0002982422425202285
12.288059211163649     0.0010925886866102038
12.44129120215652     0.0023224092793522654
12.594523193149392     0.003111151103503641
12.747755184142257     0.00283366716002878
12.900987175135128     0.0025628485731376753
13.054219166127993     0.0026517920033658766
13.207451157120865     0.0019611811348913817
13.36068314811373     0.0015291340168408435
13.5139151391066     0.0019444391662923185
13.667147130099472     0.0015992036615121762
13.820379121092337     0.0007390706818932586
13.973611112085209     0.00022626615716910337
14.126843103078073     0.00036202254521146184
14.280075094070945     0.000512407742526504
14.43330708506381     0.00023560138736197471
14.586539076056681     3.40171706509785e-05
14.739771067049553     1.5358124031202833e-06
14.893003058042417     2.1616558193099754e-08
15.046235049035289     9.463088717919802e-11
15.199467040028154     1.2862368706276282e-13
15.352699031021025     5.4212212933588293e-17
15.50593102201389     7.078849871469873e-21
15.659163013006761     2.8621467527533927e-25
15.812395003999633     2.1643613816651764e-24
15.965626994992498     3.777178057139911e-20
16.11885898598537     2.0452238784983662e-16
16.272090976978234     3.4451324511139e-13
16.425322967971105     1.8149356117784522e-10
16.57855495896397     3.0228962331204567e-08
16.73178694995684     1.6280532713217242e-06
16.885018940949713     2.9699529297006016e-05
17.038250931942578     0.00020162000187613752
17.19148292293545     0.0006039098974674747
17.344714913928314     0.0009615655686966517
17.497946904921186     0.0008546459108367204
17.65117889591405     0.00042424041353283855
17.804410886906922     0.00011238734646615793
17.957642877899794     1.3021143684340408e-05
18.110874868892658     5.562380531001244e-07
18.26410685988553     8.102314759623436e-09
18.417338850878394     3.8854652434561284e-11
18.570570841871266     6.00935493380265e-14
18.72380283286413     2.9558207071060207e-17
18.877034823857002     9.535874374093092e-18
19.030266814849874     2.11803866087422e-14
19.18349880584274     1.4586289472840825e-11
19.33673079683561     3.1321655396055746e-09
19.489962787828475     2.1426779809298755e-07
19.643194778821346     5.006325565768803e-06
19.79642676981421     4.716832397576312e-05
19.949658760807083     0.00021271214539284045
20.102890751799954     0.0004547139611282926
20.25612274279282     0.0005343702818838926
20.40935473378569     0.0004880954232551627
