-21.43350961307784     1.0114100952093257
-21.280277522409573     1.874805195603888
-21.1270454317413     2.9777819336099935
-20.973813341073033     2.1934846988264347
-20.820581250404764     1.2802237962080574
-20.667349159736492     1.3596966701369129
-20.514117069068224     0.9921498859236617
-20.36088497839995     0.31079061497223825
-20.207652887731683     0.034527569743910726
-20.054420797063415     0.0012409259523556066
-19.901188706395143     1.3973112992596145e-05
-19.747956615726874     4.882426195795944e-08
-19.594724525058606     5.279362433882363e-11
-19.441492434390334     1.7652036033181697e-14
-19.288260343722065     1.8246580156368853e-18
-19.135028253053797     5.830624923412272e-23
-18.981796162385525     5.759546477026835e-28
-18.828564071717256     1.7587291240194652e-33
-18.675331981048984     1.6601469399366012e-39
-18.522099890380716     4.844297943045836e-46
-18.368867799712447     4.369702402462876e-53
-18.215635709044175     1.2184551828058448e-60
-18.062403618375907     1.0502772054949996e-68
-17.909171527707635     2.7985624362157372e-77
-17.755939437039366     2.3051688430930968e-86
-17.602707346371098     5.869581825095529e-96
-17.44947525570283     4.620067073425281e-106
-17.296243165034557     5.937791204927101e-103
-17.14301107436629     5.338690474727077e-93
-16.989778983698017     1.4838200743689095e-83
-16.836546893029748     1.2748656596537484e-74
-16.68331480236148     3.3859791972552017e-66
-16.530082711693208     2.7799746433709404e-58
-16.37685062102494     7.055602149187638e-51
-16.223618530356667     5.535592022862461e-44
-16.0703864396884     1.3425514416407757e-37
-15.91715434902013     1.0065493145661067e-31
-15.76392225835186     2.332800771262831e-26
-15.61069016768359     1.6713309539827128e-21
-15.457458077015321     3.701699310449826e-17
-15.30422598634705     2.5347219873781037e-13
-15.15099389567878     5.367431009242746e-10
-14.99776180501051     3.5179151344815e-07
-14.84452971434224     7.156897803703224e-05
-14.691297623673972     0.004563039909275964
-14.538065533005701     0.09419293717031184
-14.384833442337431     0.6973790872891293
-14.231601351669163     2.325021820895802
-14.078369261000892     4.253288636118198
-13.925137170332622     4.2275207075426655
-13.771905079664354     2.5864049070009454
-13.618672988996082     1.1412567434472802
-13.465440898327813     0.26012355713705154
-13.312208807659543     0.021750283523334808
-13.158976716991273     0.0005981522578987981
-13.005744626323004     0.00031812298922639476
-12.852512535654734     0.0036826657457615045
-12.699280444986464     0.013389805297841856
-12.546048354318193     0.015067568304012523
-12.392816263649925     0.005547389428569667
-12.239584172981655     0.002238606909495994
-12.086352082313384     0.0027603050667599537
-11.933119991645114     0.002176438395465218
-11.779887900976846     0.01651109031959397
-11.626655810308575     0.1587989513292694
-11.473423719640305     0.7713224926167157
-11.320191628972037     1.693265072617237
-11.166959538303766     2.3832172790066704
-11.013727447635496     3.7222391612281402
-10.860495356967226     4.428023299109304
-10.707263266298957     4.089984368150282
-10.554031175630687     3.5572842662940243
-10.400799084962417     3.145944551769788
-10.247566994294147     2.787177382309071
-10.094334903625878     1.7482395731761204
-9.941102812957608     0.9188096314343626
-9.787870722289338     0.3980492457232935
-9.634638631621067     0.07662206786922292
-9.481406540952799     0.0049174059701431955
-9.328174450284529     9.896974231836516e-05
-9.174942359616258     7.578023850601645e-07
-9.02171026894799     3.043598054027484e-05
-8.86847817827972     0.002050461676298252
-8.71524608761145     0.04362918663754707
-8.562013996943179     0.3143481647139265
-8.40878190627491     0.9639274140327175
-8.25554981560664     1.7573601235127616
-8.10231772493837     1.9611338925549437
-7.9490856342701     1.4499861718897078
-7.795853543601831     1.0661086980462966
-7.642621452933561     0.6449791036808411
-7.489389362265291     0.19416643723027202
-7.3361572715970205     0.031587960014896575
-7.182925180928752     0.007489797863286456
-7.029693090260482     0.00173455929950065
-6.8764609995922115     0.009025382286496826
-6.723228908923943     0.21312396692061705
-6.569996818255673     1.908825519207375
-6.4167647275874025     7.161981362637197
-6.263532636919132     12.376808626287412
-6.110300546250864     10.48285814475729
-5.9570684555825935     4.906289878945495
-5.803836364914323     1.3213227666289238
-5.650604274246053     0.16241690208331627
-5.4973721835777845     0.007274969446747255
-5.344140092909512     0.00010780797227834
-5.190908002241244     5.106401802275319e-07
-5.0376759115729755     7.622036308546679e-10
-4.884443820904703     3.6048959659700015e-13
-4.731211730236435     6.637131013609895e-12
-4.5779796395681664     2.990356499886644e-09
-4.424747548899894     4.164909897014804e-07
-4.271515458231626     1.7931843260243833e-05
-4.1182833675633574     0.00023866071514688084
-3.9650512768950854     0.000981914395252113
-3.811819186226817     0.001248833331122215
-3.658587095558545     0.0004914059729128607
-3.5053550048902764     7.23514022916698e-05
-3.352122914222008     0.00012167886350493564
-3.198890823553736     0.00038762947841195676
-3.0456587328854674     0.000867741940935544
-2.892426642217199     0.0026135080760429355
-2.739194551548927     0.005057341328724477
-2.5859624608806584     0.006254084941322266
-2.4327303702123864     0.0070934892548912805
-2.279498279544118     0.007586793364106272
-2.1262661888758494     0.006250008951101977
-1.9730340982075774     0.006091364929222867
-1.8198020075393089     0.010943877301725654
-1.6665699168710404     0.01771294831434172
-1.5133378262027684     0.018125791562711782
-1.3601057355344999     0.0193936747812326
-1.2068736448662314     0.02520535086069536
-1.0536415541979594     0.030953778953542378
-0.9004094635296909     0.03230291581269744
-0.7471773728614188     0.029312311603941675
-0.5939452821931503     0.033496241773225584
-0.44071319152488186     0.041992642720068314
-0.28748110085660983     0.03820569322704979
-0.13424901018834134     0.023582933855935063
0.01898308047992714     0.010061142540656109
0.17221517114819918     0.0031703270514431173
0.32544726181646766     0.000771577501159078
0.4786793524847397     0.00010935102032235716
0.6319114431530082     6.479936694431257e-06
0.7851435338212767     1.374954741994636e-07
0.9383756244895487     9.803293197118964e-10
1.0916077151578172     2.2736260720302467e-12
1.2448398058260857     1.6822336011421235e-15
1.3980718964943577     3.922926343396505e-19
1.5513039871626262     2.8616821056430966e-23
1.7045360778308947     1.8976676496437482e-25
1.8577681684991667     4.684647562339976e-21
2.011000259167435     3.587244039726107e-17
2.1642323498357072     8.491504116333416e-14
2.3174644405039757     6.213923797168631e-11
2.470696531172244     1.4061417910697204e-08
2.6239286218405162     9.859152638312306e-07
2.7771607125087847     2.1716491564405917e-05
2.930392803177053     0.00016434961302054182
3.0836248938453252     0.0006332458580941825
3.2368569845135937     0.001971077169723478
3.390089075181862     0.003932311768245865
3.5433211658501342     0.004597769786672373
3.6965532565184027     0.003678909782500055
3.8497853471866748     0.0025979292415528425
4.003017437854943     0.002065649490186515
4.156249528523212     0.002186887713584113
4.309481619191484     0.0025588308920278134
4.462713709859752     0.003285703038913938
4.615945800528021     0.00441419869220405
4.769177891196293     0.0033268156226055265
4.922409981864561     0.0009102610950511033
5.075642072532833     8.052373197886099e-05
5.228874163201102     2.244948188200797e-06
5.38210625386937     1.9592899592723438e-08
5.535338344537642     5.339180199634152e-11
5.688570435205911     4.5357683511542435e-14
5.841802525874179     1.1998572827010556e-17
5.995034616542451     1.831233493627082e-17
6.14826670721072     9.450431273496065e-14
6.301498797878988     1.507919847973445e-10
6.45473088854726     7.441350968432415e-08
6.607962979215529     1.1371471601988416e-05
6.761195069883801     0.0005405334125328868
6.914427160552069     0.008119467067956345
7.067659251220338     0.040601309385659715
7.22089134188861     0.07811049388941911
7.374123432556878     0.08145981840828498
7.527355523225147     0.09656352213010985
7.680587613893419     0.12241589140292672
7.833819704561687     0.07769009418439476
7.987051795229956     0.02184727348536681
8.140283885898228     0.002799337412782287
8.293515976566496     0.00014777012384851118
8.446748067234768     2.779387180328291e-06
8.599980157903037     1.3891675689394125e-06
8.753212248571305     0.00024832300561368795
8.906444339239577     0.014226571269533054
9.059676429907846     0.26300893938277364
9.212908520576114     1.6137437217631119
9.366140611244386     3.401130177025943
9.519372701912655     2.713131765507668
9.672604792580927     1.8091028633699944
9.825836883249195     1.8739457024533297
9.979068973917464     0.8714586367252314
10.132301064585736     0.22928972274015744
10.285533155254004     0.7733306329704109
10.438765245922273     1.7853973463754198
10.591997336590541     1.2836950166760828
10.745229427258817     0.28532841808613174
10.898461517927085     0.01960491662236369
11.051693608595354     0.00041641048012003285
11.204925699263622     2.734103813483759e-06
11.35815778993189     5.845694013052164e-09
11.51138988060016     2.387579846552758e-07
11.664621971268435     5.9501942555055386e-05
11.817854061936703     0.004594609384888011
11.971086152604972     0.11076983672460461
12.12431824327324     0.8621816394556924
12.277550333941509     2.504952002128324
12.430782424609784     4.333282154851221
12.584014515278053     6.92571570531565
12.737246605946321     8.390347987788292
12.89047869661459     8.752371201746309
13.043710787282858     8.560653821903998
13.196942877951127     5.649718068424566
13.350174968619402     3.0695618819323705
13.503407059287671     4.344494356918424
13.65663914995594     5.995476377742416
13.809871240624208     3.8444254905230393
13.963103331292476     1.5118281659252355
14.116335421960752     2.653889934334533
14.26956751262902     3.373278854825873
14.422799603297289     1.4060573421022904
14.576031693965557     0.18719323346048616
14.729263784633826     0.007928597828653086
14.882495875302101     0.000106355377535314
15.03572796597037     4.496867378022498e-07
15.188960056638638     5.966584968216445e-10
15.342192147306907     2.4749737528617875e-13
15.495424237975175     3.199891642661938e-17
15.648656328643444     1.2870028308412456e-21
15.80188841931172     2.746186769323749e-20
15.955120509979988     4.880732212314655e-16
16.108352600648256     2.7088640701398447e-12
16.261584691316525     4.719701621820788e-09
16.414816781984793     2.603975258984215e-06
16.56804887265307     0.0004615502573011784
16.721280963321338     0.026896294934057857
16.874513053989606     0.5331464623885647
17.027745144657874     3.7699344897088194
17.180977235326143     10.345580038297417
17.33420932599441     13.740512936900839
17.487441416662687     12.9721820115576
17.640673507330956     8.740457550962603
17.793905597999224     2.8717343641762874
17.947137688667492     0.36354136045929786
18.10036977933576     0.016146799905360602
18.253601870004037     0.00024099078169875502
18.406833960672305     1.1770774887940737e-06
18.560066051340574     1.8466231879654007e-09
18.713298142008842     9.183072724572518e-13
18.86653023267711     2.943979065106888e-13
19.01976232334538     6.557417900184788e-10
19.172994414013655     4.529177336752989e-07
19.326226504681923     9.745367952211069e-05
19.47945859535019     0.00663408524951679
19.63269068601846     0.14950254233054996
19.78592277668673     1.2473987701942633
19.939154867355004     4.562754652787004
20.092386958023273     7.926705723703614
20.24561904869154     6.679321962004049
20.398851139359813     3.3942176241625264
