-21.247764702323842     4.210477754216465e-05
-21.095423510391345     0.0001522186242829899
-20.943082318458853     0.00028987304499485307
-20.790741126526356     0.0003005895435189049
-20.638399934593863     0.0002477119757121378
-20.486058742661367     0.00021455926104569113
-20.333717550728874     8.855325049613182e-05
-20.181376358796378     1.2130885319552763e-05
-20.029035166863885     5.241216701534756e-07
-19.87669397493139     7.1012031566802565e-09
-19.724352782998896     3.015176661519849e-11
-19.5720115910664     4.0118335096417597e-14
-19.419670399133906     1.6727025856308644e-17
-19.26732920720141     2.185444722199462e-21
-19.114988015268914     8.947591471797584e-26
-18.96264682333642     1.1479360239507136e-30
-18.810305631403924     4.615029051824631e-36
-18.65796443947143     5.814018506104352e-42
-18.505623247538935     2.2952161780686455e-48
-18.353282055606442     2.8393308365487854e-55
-18.200940863673946     1.1006611005570285e-62
-18.048599671741453     1.3370155338595463e-70
-17.896258479808957     5.089375614745143e-79
-17.743917287876464     6.070686039012008e-88
-17.591576095943967     2.269113700440687e-97
-17.43923490401147     2.6577857007427864e-107
-17.286893712078978     1.303973959595013e-108
-17.134552520146485     1.2147436723122822e-98
-16.98221132821399     3.546060329724563e-89
-16.829870136281492     3.243796946177958e-80
-16.677528944349     9.298394627383723e-72
-16.525187752416503     8.352387237372649e-64
-16.37284656048401     2.3510672130313856e-56
-16.220505368551514     2.0738571130583693e-49
-16.06816417661902     5.7328249415043545e-43
-15.915822984686525     4.96673924943675e-37
-15.76348179275403     1.3488627294306378e-31
-15.611140600821535     1.148776658552823e-26
-15.45879940888904     3.0708920769691856e-22
-15.306458216956546     2.581692712576508e-18
-15.154117025024052     6.854731476784293e-15
-15.001775833091557     5.799668807839478e-12
-14.84943464115906     1.5924225351782235e-09
-14.697093449226568     1.4700296950857468e-07
-14.544752257294071     4.88154972202869e-06
-14.392411065361578     6.693861452938253e-05
-14.240069873429082     0.00047889465280792946
-14.08772868149659     0.001953682529017915
-13.935387489564093     0.003705473675277378
-13.783046297631598     0.0030385736964820267
-13.630705105699104     0.001656332782078006
-13.478363913766609     0.0007597966611339778
-13.326022721834114     0.00016242359059220573
-13.17368152990162     0.0002583622656257026
-13.021340337969125     0.003774173315283793
-12.86899914603663     0.020357106462033637
-12.716657954104136     0.05823522780572925
-12.564316762171641     0.1360547440750025
-12.411975570239145     0.2511951646721228
-12.25963437830665     0.39014433471685467
-12.107293186374156     0.4433707240907867
-11.954951994441661     0.3924441580522342
-11.802610802509166     0.7238251389744296
-11.650269610576672     1.895006846079958
-11.497928418644177     3.0774897785501674
-11.345587226711682     3.088852872483879
-11.193246034779188     3.022076472437467
-11.040904842846693     3.269197857276355
-10.888563650914199     3.109419361769919
-10.736222458981704     2.226232482563292
-10.58388126704921     1.3953283102655192
-10.431540075116713     1.0690515258478823
-10.279198883184218     0.7904312984653863
-10.126857691251724     0.5332566220435211
-9.974516499319229     0.3390649334230315
-9.822175307386734     0.1274738426209926
-9.66983411545424     0.0202410457173662
-9.517492923521745     0.0011493276498884693
-9.36515173158925     2.1618062272141272e-05
-9.212810539656756     1.3049629363037278e-07
-9.060469347724261     5.204957028607871e-10
-8.908128155791767     1.0073522928305752e-07
-8.755786963859272     1.294754077830976e-05
-8.603445771926777     0.0007078753150368976
-8.451104579994281     0.022697721774120383
-8.298763388061786     0.4096346312587249
-8.146422196129292     3.2452262213221705
-7.994081004196797     10.819102500573585
-7.8417398122643025     16.5695342505779
-7.689398620331808     14.211010969612708
-7.537057428399313     10.85636442232423
-7.384716236466819     9.9692659129781
-7.232375044534324     6.998644250422451
-7.080033852601829     2.292854027374342
-6.927692660669335     0.2817718806727068
-6.77535146873684     0.012763461128483717
-6.623010276804344     0.006802185985803581
-6.470669084871849     0.020996824044218872
-6.3183278929393545     0.03830197425975079
-6.16598670100686     0.0437553147533547
-6.013645509074365     0.02540687136000886
-5.861304317141871     0.008088081309716454
-5.708963125209376     0.0021013083069134023
-5.556621933276881     0.0003294008698393975
-5.404280741344387     1.9361896261573123e-05
-5.251939549411892     3.714056321512762e-07
-5.0995983574793975     2.2677834993436856e-09
-4.947257165546901     7.1579464222620075e-09
-4.794915973614408     2.0273850470435052e-06
-4.642574781681912     0.00018067758186497002
-4.490233589749419     0.005135520341781299
-4.337892397816923     0.049757834802741964
-4.18555120588443     0.20641483030053667
-4.033210013951933     0.49179517452030946
-3.8808688220194405     0.6400355848649899
-3.728527630086944     0.7317923250444802
-3.5761864381544477     1.2272515680757698
-3.423845246221955     1.1377667202572135
-3.2715040542894585     0.4237545397192962
-3.1191628623569656     0.31477526048012655
-2.966821670424469     1.6707472152289498
-2.8144804784919764     4.629522473885407
-2.66213928655948     7.572785474651341
-2.509798094626987     8.922666416426384
-2.3574569026944907     9.207785050310253
-2.205115710761998     8.831877872624506
-2.0527745188295015     7.702955178989539
-1.9004333268970086     7.116794336322453
-1.7480921349645122     6.1996953387631395
-1.5957509430320158     4.423078378939626
-1.443409751099523     2.9182190223830924
-1.2910685591670266     2.615825454475342
-1.1387273672345337     2.3598128709250927
-0.9863861753020373     2.1801941853538818
-0.8340449833695445     2.2119491701132192
-0.6817037914370481     1.9798266113566179
-0.5293625995045552     1.6474973190715518
-0.3770214075720588     1.3643943701412957
-0.22468021563956597     1.2689152713726959
-0.07233902370706957     1.852216961806163
0.08000216822542328     2.306865222476639
0.23234336015791968     1.817547753667553
0.3846845520904161     1.3300333095431596
0.5370257440229089     0.751693467913879
0.6893669359554053     0.18854702011804703
0.8417081278878982     0.016894074406878866
0.9940493198203946     0.001636171761608122
1.1463905117528874     0.0024083297588425403
1.2987317036853838     0.001577457245360818
1.4510728956178767     0.00032438627802730167
1.603414087550373     2.0903387263386438e-05
1.755755279482866     4.29597653700032e-07
1.9080964714153623     4.542912467941981e-06
2.060437663347855     0.000869586224820897
2.2127788552803516     0.05280804069017982
2.365120047212848     1.0203581114959985
2.517461239145341     6.312623795447944
2.669802431077837     12.84466150235264
2.82214362301033     10.437210242341386
2.9744848149428265     8.122447395066143
3.1268260068753193     10.950234987607246
3.2791671988078157     14.27830425996368
3.4315083907403086     16.12192456659297
3.583849582672805     19.232798801761056
3.736190774605298     19.79217069364422
3.888531966537794     19.06935437656148
4.040873158470287     22.51815142233 
4.1932143504027835     25.661435682024354
4.34555554233528     20.02741507813764
4.497896734267773     9.582689398908492
4.650237926200269     2.9070721011672394
4.802579118132762     0.47349099451594745
4.954920310065258     0.03129756309253791
5.107261501997751     0.0007167703042954296
5.259602693930248     5.349235186782815e-06
5.4119438858627404     1.2713954943541374e-08
5.564285077795237     9.53616361968525e-12
5.71662626972773     2.248456515947136e-15
5.868967461660226     2.304899850127957e-19
6.021308653592719     3.792061340713087e-16
6.173649845525215     7.027186578224651e-13
6.325991037457712     4.080697871007141e-10
6.478332229390205     7.425876505194747e-08
6.630673421322701     4.235890329339387e-06
6.783014613255194     7.594223973454234e-05
6.93535580518769     0.0004392900618265096
7.087696997120183     0.0010470762070516504
7.2400381890526795     0.002660609724022077
7.392379380985172     0.006832994397262749
7.544720572917669     0.008462782642366449
7.697061764850162     0.005002142514807283
7.849402956782658     0.001930576933903688
8.001744148715154     0.0005096733350036469
8.154085340647647     6.141454753728089e-05
8.306426532580144     2.595932386478237e-06
8.458767724512636     3.5435304145421015e-08
8.611108916445133     1.5279192531943026e-10
8.763450108377626     2.0689085547477756e-13
8.915791300310122     8.783712957222096e-17
9.068132492242615     1.1687667240532856e-20
9.220473684175111     4.873500831293052e-25
9.372814876107604     6.36802022765532e-30
9.5251560680401     2.607440540967432e-35
9.677497259972593     3.345569179367699e-41
9.82983845190509     1.345150809977276e-47
9.982179643837586     1.69479523547523e-54
10.13452083577008     3.7791877329207903e-59
10.286862027702576     6.718851948301822e-52
10.439203219635068     3.753177605049419e-45
10.591544411567565     6.577516096419515e-39
10.743885603500058     3.6178419687357884e-33
10.896226795432554     6.248745978364251e-28
11.048567987365047     3.391685090301509e-23
11.20090917929754     5.791292071712801e-19
11.35325037123004     3.1154673397178897e-15
11.505591563162533     5.291543848282528e-12
11.657932755095025     2.8461463604014924e-09
11.810273947027518     4.868291813793844e-07
11.962615138960018     2.6641200187239362e-05
12.114956330892511     0.0004711830652169167
12.267297522825004     0.0027728109231052595
12.419638714757504     0.0062638037143935
12.571979906689997     0.009103355129185402
12.72432109862249     0.011375368455663695
12.876662290554982     0.007960446652910593
13.029003482487482     0.0037430089711777766
13.181344674419975     0.0032024677770493746
13.333685866352468     0.0030032151620366194
13.48602705828496     0.0017882743276227495
13.63836825021746     0.002748531172373064
13.790709442149954     0.0060609605054051125
13.943050634082446     0.006099289377955119
14.095391826014946     0.0033414859092477153
14.24773301794744     0.0014807112363115558
14.400074209879932     0.00037083561479945345
14.552415401812425     3.5784959922192076e-05
14.704756593744925     1.1687385866722345e-06
14.857097785677418     1.2340583172804942e-08
15.00943897760991     4.1351158555250816e-11
15.161780169542403     4.363914261133602e-14
15.314121361474903     1.4460298428630403e-17
15.466462553407396     1.5026760979811426e-21
15.61880374533989     5.018368662606395e-26
15.771144937272382     3.828917414582376e-23
15.923486129204882     3.719311571055777e-19
16.075827321137375     1.1338901561513732e-15
16.228168513069868     1.0879845932874816e-12
16.380509705002368     3.311850704579365e-10
16.53285089693486     3.2714324490181906e-08
16.685192088867353     1.117904054905563e-06
16.837533280799846     1.5624851135537058e-05
16.989874472732346     0.00012229551880751967
17.14221566466484     0.0006660217187519946
17.29455685659733     0.002220899428941231
17.446898048529825     0.0037195620014322424
17.599239240462325     0.002812149425072771
17.751580432394817     0.0009334467060166341
17.90392162432731     0.0001444830305154459
18.05626281625981     1.1158479959036775e-05
18.208604008192303     3.9016294726566155e-07
18.360945200124796     5.172560687590364e-09
18.51328639205729     2.331201725910326e-11
18.66562758398979     3.4484148658365066e-14
18.81796877592228     4.3071845817353937e-13
18.970309967854774     1.5668650666698994e-10
19.122651159787267     1.7892057996470914e-08
19.274992351719767     6.47900367276437e-07
19.42733354365226     7.988410866636199e-06
19.579674735584753     4.871063647646426e-05
19.732015927517253     0.00027085228195847916
19.884357119449746     0.0010816371891424468
20.03669831138224     0.002263461549027748
20.18903950331473     0.002292336724080356
20.341380695247235     0.0010903963083421144
