-21.247764702323842     2.108973397043548e-05
-21.095423510391345     7.615320168443538e-05
-20.943082318458853     0.0001449674902554696
-20.790741126526356     0.0001502932796105788
-20.638399934593863     0.00012386246369765615
-20.486058742661367     0.00010730065909406228
-20.333717550728874     4.428401182575106e-05
-20.181376358796378     6.066042160560452e-06
-20.029035166863885     2.6206898374242065e-07
-19.87669397493139     3.5504925698844134e-09
-19.724352782998896     1.507459008081375e-11
-19.5720115910664     2.0056478756017096e-14
-19.419670399133906     8.362045350710395e-18
-19.26732920720141     1.092492811074883e-21
-19.114988015268914     4.472731704115073e-26
-18.96264682333642     5.7381948734085225e-31
-18.810305631403924     2.306884882064338e-36
-18.65796443947143     2.906194906395859e-42
-18.505623247538935     1.1472861110311232e-48
-18.353282055606442     1.4192761976763533e-55
-18.200940863673946     5.5018695270566e-63
-18.048599671741453     6.683467483961571e-71
-17.896258479808957     2.5441433397458993e-79
-17.743917287876464     3.0347959622210994e-88
-17.591576095943967     1.1343983949152095e-97
-17.43923490401147     1.3287702424818482e-107
-17.286893712078978     6.868161389363796e-109
-17.134552520146485     6.395177031589198e-99
-16.98221132821399     1.8660062427671427e-89
-16.829870136281492     1.7061702463032185e-80
-16.677528944349     4.888561316073781e-72
-16.525187752416503     4.389253854380482e-64
-16.37284656048401     1.2349647497219623e-56
-16.220505368551514     1.0888797498185922e-49
-16.06816417661902     3.008726980230108e-43
-15.915822984686525     2.605543728329777e-37
-15.76348179275403     7.073008639782616e-32
-15.611140600821535     6.021027568576079e-27
-15.45879940888904     1.6086859767018235e-22
-15.306458216956546     1.3515174509488843e-18
-15.154117025024052     3.584959028267866e-15
-15.001775833091557     3.028271009074262e-12
-14.84943464115906     8.290978973028625e-10
-14.697093449226568     7.61552421105322e-08
-14.544752257294071     2.508828016249314e-06
-14.392411065361578     3.404161952299398e-05
-14.240069873429082     0.00024127008971647134
-14.08772868149659     0.0009802052295553004
-13.935387489564093     0.0018570426127634872
-13.783046297631598     0.0015223486702001074
-13.630705105699104     0.0008302885310157414
-13.478363913766609     0.00038103303358038063
-13.326022721834114     8.14389226759983e-05
-13.17368152990162     0.00012940171488404664
-13.021340337969125     0.0018896226302565248
-12.86899914603663     0.010182789058987493
-12.716657954104136     0.02908697078543847
-12.564316762171641     0.0680266747426498
-12.411975570239145     0.12644499082576222
-12.25963437830665     0.1986737990980446
-12.107293186374156     0.222880185794551
-11.954951994441661     0.19164038516197027
-11.802610802509166     0.367372406298566
-11.650269610576672     0.9768626595778757
-11.497928418644177     1.5595156118934062
-11.345587226711682     1.5329911691160423
-11.193246034779188     1.5120253921016746
-11.040904842846693     1.6848744134555471
-10.888563650914199     1.6211095301296277
-10.736222458981704     1.0870243859942932
-10.58388126704921     0.6629521572358478
-10.431540075116713     0.4877943085739467
-10.279198883184218     0.33515915811120855
-10.126857691251724     0.2465942739333965
-9.974516499319229     0.16631242236108265
-9.822175307386734     0.06227240188606441
-9.66983411545424     0.009698323447727341
-9.517492923521745     0.0005387314612447334
-9.36515173158925     9.909639160543952e-06
-9.212810539656756     5.848793324885495e-08
-9.060469347724261     2.5329147810133257e-10
-8.908128155791767     5.324460984142053e-08
-8.755786963859272     6.778186867652084e-06
-8.603445771926777     0.00036406602854794766
-8.451104579994281     0.01146994883221913
-8.298763388061786     0.20603846125577177
-8.146422196129292     1.6342232818715758
-7.994081004196797     5.452071290115893
-7.8417398122643025     8.404244683488043
-7.689398620331808     7.389720642825675
-7.537057428399313     5.4828395547599555
-7.384716236466819     4.811191208186101
-7.232375044534324     3.3420441404969843
-7.080033852601829     1.0146272554801454
-6.927692660669335     0.10958666609009003
-6.77535146873684     0.0043845584198474825
-6.623010276804344     0.003242657038999256
-6.470669084871849     0.010281094749128106
-6.3183278929393545     0.018987976221934634
-6.16598670100686     0.021801971543890103
-6.013645509074365     0.012666852833521319
-5.861304317141871     0.004007313882788554
-5.708963125209376     0.0010283022956516855
-5.556621933276881     0.00016011132825504673
-5.404280741344387     9.382066260848497e-06
-5.251939549411892     1.7958320923137792e-07
-5.0995983574793975     1.0945997803782817e-09
-4.947257165546901     3.5681738757870554e-09
-4.794915973614408     1.011311514670062e-06
-4.642574781681912     9.01818746716939e-05
-4.490233589749419     0.002564449999922162
-4.337892397816923     0.02484465772931146
-4.18555120588443     0.10298540656180903
-4.033210013951933     0.2455245116345751
-3.8808688220194405     0.320948731008167
-3.728527630086944     0.372350453681491
-3.5761864381544477     0.6250236647840188
-3.423845246221955     0.5628054868735068
-3.2715040542894585     0.19993410340617065
-3.1191628623569656     0.1600803971003298
-2.966821670424469     0.8645264867334469
-2.8144804784919764     2.384692949769213
-2.66213928655948     3.8929016926281967
-2.509798094626987     4.580922881583379
-2.3574569026944907     4.647018982938884
-2.205115710761998     4.321223251981828
-2.0527745188295015     3.769363413320277
-1.9004333268970086     3.5179271392416958
-1.7480921349645122     3.056119825588484
-1.5957509430320158     2.154177914324922
-1.443409751099523     1.4178532931918322
-1.2910685591670266     1.2754911020077468
-1.1387273672345337     1.1679734908416683
-0.9863861753020373     1.0811763199353224
-0.8340449833695445     1.0790408466427184
-0.6817037914370481     0.9681379378605278
-0.5293625995045552     0.8178502834597405
-0.3770214075720588     0.6926346121552
-0.22468021563956597     0.6949485080314908
-0.07233902370706957     1.0350812419977669
0.08000216822542328     1.161378600403095
0.23234336015791968     0.8192741644505172
0.3846845520904161     0.5893062769260069
0.5370257440229089     0.3375471870213449
0.6893669359554053     0.08627001186267168
0.8417081278878982     0.007891926276825995
0.9940493198203946     0.0008095342401487076
1.1463905117528874     0.0012125943673540153
1.2987317036853838     0.0007936673013338099
1.4510728956178767     0.00016307332862837968
1.603414087550373     1.049975493729796e-05
1.755755279482866     2.1590785693142473e-07
1.9080964714153623     2.454926635242875e-06
2.060437663347855     0.0004683510720582527
2.2127788552803516     0.028272029281167236
2.365120047212848     0.5404396130138801
2.517461239145341     3.282678787428893
2.669802431077837     6.486714139058552
2.82214362301033     5.100194933793891
2.9744848149428265     4.052272844099768
3.1268260068753193     5.572200045396508
3.2791671988078157     7.216924948628351
3.4315083907403086     8.020690145908288
3.583849582672805     9.533030025428282
3.736190774605298     9.907848627607548
3.888531966537794     9.666240484120769
4.040873158470287     11.576623828032295
4.1932143504027835     12.942135344397359
4.34555554233528     10.112784956285672
4.497896734267773     4.657575227379791
4.650237926200269     1.055362420118967
4.802579118132762     0.09730291163928903
4.954920310065258     0.0031921505939239937
5.107261501997751     3.4774741629737924e-05
5.259602693930248     1.2191755784853535e-07
5.4119438858627404     1.3564564770993362e-10
5.564285077795237     4.758582799503634e-14
5.71662626972773     5.247354639691526e-18
5.868967461660226     3.137702727036161e-20
6.021308653592719     1.8449352605618276e-16
6.173649845525215     3.419162946935793e-13
6.325991037457712     1.9856758365541715e-10
6.478332229390205     3.6137694276187895e-08
6.630673421322701     2.0615829295440807e-06
6.783014613255194     3.696585741770693e-05
6.93535580518769     0.00021393922861377403
7.087696997120183     0.0005119441265790507
7.2400381890526795     0.0013153975739241754
7.392379380985172     0.0033989994595074813
7.544720572917669     0.004221480898538183
7.697061764850162     0.0024985593437443993
7.849402956782658     0.0009643175483431121
8.001744148715154     0.00025446243517322504
8.154085340647647     3.065934892130755e-05
8.306426532580144     1.2961321331082211e-06
8.458767724512636     1.769671918516937e-08
8.611108916445133     7.632561921240467e-11
8.763450108377626     1.0337850258767486e-13
8.915791300310122     4.3902554064106754e-17
9.068132492242615     5.84339636306765e-21
9.220473684175111     2.437291076446658e-25
9.372814876107604     3.1856831539749356e-30
9.5251560680401     1.3048100074593162e-35
9.677497259972593     1.674713510424811e-41
9.82983845190509     6.735689372647897e-48
9.982179643837586     8.489298185153778e-55
10.13452083577008     2.0487844593219e-59
10.286862027702576     3.621274928700347e-52
10.439203219635068     2.010698154353759e-45
10.591544411567565     3.5023557741024207e-39
10.743885603500058     1.9145474813008965e-33
10.896226795432554     3.2862017922951624e-28
11.048567987365047     1.7724278839121075e-23
11.20090917929754     3.0071148716613237e-19
11.35325037123004     1.6072998527630178e-15
11.505591563162533     2.7123731599558068e-12
11.657932755095025     1.449581647199016e-09
11.810273947027518     2.4640997408136207e-07
11.962615138960018     1.3405769680264655e-05
12.114956330892511     0.0002358637923485219
12.267297522825004     0.001382231397210328
12.419638714757504     0.003116197846636347
12.571979906689997     0.004538163888094715
12.72432109862249     0.005683481706974506
12.876662290554982     0.003979930680783252
13.029003482487482     0.001872195126837024
13.181344674419975     0.0015965702298022912
13.333685866352468     0.0014858178549248206
13.48602705828496     0.0008832821428006739
13.63836825021746     0.0013714502829784805
13.790709442149954     0.0030290727111796333
13.943050634082446     0.003049121270373552
14.095391826014946     0.0016704707625501312
14.24773301794744     0.0007401254739482359
14.400074209879932     0.0001853391932489775
14.552415401812425     1.7882538883248106e-05
14.704756593744925     5.839637763286214e-07
14.857097785677418     6.1652193242009635e-09
15.00943897760991     2.065621078241798e-11
15.161780169542403     2.1796880953068685e-14
15.314121361474903     7.221954133571304e-18
15.466462553407396     7.504223455712951e-22
15.61880374533989     2.505703711308789e-26
15.771144937272382     1.905666137776561e-23
15.923486129204882     1.8518370591662365e-19
16.075827321137375     5.647831182848029e-16
16.228168513069868     5.421276546658605e-13
16.380509705002368     1.6508406400856078e-10
16.53285089693486     1.6311321092685716e-08
16.685192088867353     5.574206520185693e-07
16.837533280799846     7.78989499494157e-06
16.989874472732346     6.0989403065588516e-05
17.14221566466484     0.000332489387359261
17.29455685659733     0.0011096325883878284
17.446898048529825     0.0018592717615364604
17.599239240462325     0.001406041754090413
17.751580432394817     0.0004666660320003516
17.90392162432731     7.218681971463724e-05
18.05626281625981     5.571457413750807e-06
18.208604008192303     1.9481289548047576e-07
18.360945200124796     2.5839758720521735e-09
18.51328639205729     1.165287082595484e-11
18.66562758398979     1.724690592795611e-14
18.81796877592228     2.14054206307497e-13
18.970309967854774     7.791335069970991e-11
19.122651159787267     8.902152550646922e-09
19.274992351719767     3.225597212122631e-07
19.42733354365226     3.980084022057936e-06
19.579674735584753     2.429885937894746e-05
19.732015927517253     0.00013526240222198394
19.884357119449746     0.0005404231634123813
20.03669831138224     0.0011312714587981944
20.18903950331473     0.001146020404522354
20.341380695247235     0.0005451355814607426
