-21.247764702323842     0.003680172511190428
-21.095423510391345     0.007338482337167971
-20.943082318458853     0.011204779111926595
-20.790741126526356     0.009804499773784236
-20.638399934593863     0.005443540149895251
-20.486058742661367     0.003171189697310538
-20.333717550728874     0.0011978984346103438
-20.181376358796378     0.00016229103674830103
-20.029035166863885     7.002488846559805e-06
-19.87669397493139     9.485531457465304e-08
-19.724352782998896     4.0272741013997396e-10
-19.5720115910664     5.358207263391119e-13
-19.419670399133906     2.233969501849909e-16
-19.26732920720141     2.9186585977471985e-20
-19.114988015268914     1.1949164947068084e-24
-18.96264682333642     1.5329923981986583e-29
-18.810305631403924     6.162978193652131e-35
-18.65796443947143     7.764070055591305e-41
-18.505623247538935     3.065042100322941e-47
-18.353282055606442     3.791679561041931e-54
-18.200940863673946     1.4698566964917793e-61
-18.048599671741453     1.7855275172876537e-69
-17.896258479808957     6.796828071568327e-78
-17.743917287876464     8.107635314905936e-87
-17.591576095943967     3.030611811232236e-96
-17.43923490401147     3.5498875962376497e-106
-17.286893712078978     7.594819253722672e-107
-17.134552520146485     7.071791376154e-97
-16.98221132821399     2.063430189592618e-87
-16.829870136281492     1.8866817710577615e-78
-16.677528944349     5.4057564860864185e-70
-16.525187752416503     4.853602178240995e-62
-16.37284656048401     1.3656008578205058e-54
-16.220505368551514     1.204036807276462e-47
-16.06816417661902     3.326763856930772e-41
-15.915822984686525     2.8806606563650604e-35
-15.76348179275403     7.818039812097449e-30
-15.611140600821535     6.65187838612186e-25
-15.45879940888904     1.7752600796602426e-20
-15.306458216956546     1.487838858531708e-16
-15.154117025024052     3.9257654329230427e-13
-15.001775833091557     3.278861441503312e-10
-14.84943464115906     8.767261111971244e-08
-14.697093449226568     7.674722045247028e-06
-14.544752257294071     0.0002291136179837788
-14.392411065361578     0.002502237302084039
-14.240069873429082     0.011386127009905819
-14.08772868149659     0.026949017026724406
-13.935387489564093     0.037356722921030844
-13.783046297631598     0.027343294027812496
-13.630705105699104     0.013054181211756714
-13.478363913766609     0.0053243146628175544
-13.326022721834114     0.0016266209268055605
-13.17368152990162     0.026719284712657457
-13.021340337969125     0.3991171659755021
-12.86899914603663     1.9290872312341272
-12.716657954104136     3.4930053997144332
-12.564316762171641     4.004817756109133
-12.411975570239145     4.970963817103632
-12.25963437830665     6.826267652738006
-12.107293186374156     6.554026174344994
-11.954951994441661     3.8883670363838045
-11.802610802509166     4.217428296463379
-11.650269610576672     8.671520193692771
-11.497928418644177     14.86451044104467
-11.345587226711682     20.228752833677653
-11.193246034779188     26.77874307612316
-11.040904842846693     31.146718489006116
-10.888563650914199     28.042929834198517
-10.736222458981704     18.870664541660897
-10.58388126704921     13.896433342788283
-10.431540075116713     9.882495620032632
-10.279198883184218     5.29453188984227
-10.126857691251724     4.217093623994299
-9.974516499319229     3.44589641475638
-9.822175307386734     1.3917133825999826
-9.66983411545424     0.21835936425963703
-9.517492923521745     0.011907373611172794
-9.36515173158925     0.00021346192852958834
-9.212810539656756     1.226414294742465e-06
-9.060469347724261     2.5213605179189553e-09
-8.908128155791767     1.0396338649112627e-07
-8.755786963859272     1.2166440777263904e-05
-8.603445771926777     0.0004984513865767027
-8.451104579994281     0.009030181867962846
-8.298763388061786     0.10263103280526917
-8.146422196129292     0.7004368456121506
-7.994081004196797     2.2809067114002577
-7.8417398122643025     3.4666916576993936
-7.689398620331808     2.96834549011133
-7.537057428399313     2.1119721297405296
-7.384716236466819     1.7217766323231736
-7.232375044534324     1.1364847274134628
-7.080033852601829     0.3359146646022342
-6.927692660669335     0.03602486796006336
-6.77535146873684     0.007264492904696145
-6.623010276804344     0.0427239921668558
-6.470669084871849     0.12888997503989688
-6.3183278929393545     0.21478828258187635
-6.16598670100686     0.22389900763524842
-6.013645509074365     0.13075735403508326
-5.861304317141871     0.0555222676238739
-5.708963125209376     0.01977473939369931
-5.556621933276881     0.003334517363432609
-5.404280741344387     0.00019571795276394815
-5.251939549411892     3.7223048950244805e-06
-5.0995983574793975     2.2673399282232452e-08
-4.947257165546901     1.5240679387283446e-07
-4.794915973614408     4.3181076516915714e-05
-4.642574781681912     0.0038377698132661584
-4.490233589749419     0.10729742752619462
-4.337892397816923     0.958653776023044
-4.18555120588443     2.9466061156964485
-4.033210013951933     4.023669788651392
-3.8808688220194405     3.8990574027191056
-3.728527630086944     5.078008222984285
-3.5761864381544477     7.010396991022309
-3.423845246221955     4.7722606777911345
-3.2715040542894585     1.382585700194226
-3.1191628623569656     0.7026996108893317
-2.966821670424469     3.6242650035948225
-2.8144804784919764     9.985975032517993
-2.66213928655948     15.452260137792655
-2.509798094626987     17.50721016856712
-2.3574569026944907     18.73681849004336
-2.205115710761998     19.806603206895584
-2.0527745188295015     19.85448698857881
-1.9004333268970086     21.69656530118956
-1.7480921349645122     23.09054610012842
-1.5957509430320158     21.255272407031534
-1.443409751099523     21.278357211604657
-1.2910685591670266     27.10003715928947
-1.1387273672345337     35.68778688148934
-0.9863861753020373     43.345793938807894
-0.8340449833695445     49.62406653942914
-0.6817037914370481     56.98387151578314
-0.5293625995045552     61.9215231612491
-0.3770214075720588     53.95923137271095
-0.22468021563956597     35.2355886729002
-0.07233902370706957     23.21167426040283
0.08000216822542328     15.56623335625307
0.23234336015791968     9.297895043030419
0.3846845520904161     7.867440006031475
0.5370257440229089     5.300382249315696
0.6893669359554053     1.456268400330016
0.8417081278878982     0.33283739605887097
0.9940493198203946     1.3369460085866682
1.1463905117528874     2.789264738939058
1.2987317036853838     1.8288741078265978
1.4510728956178767     0.3757783510843201
1.603414087550373     0.02419512729669306
1.755755279482866     0.0004881727229683107
1.9080964714153623     3.937333179363172e-06
2.060437663347855     0.00016153887057377051
2.2127788552803516     0.009688306082636813
2.365120047212848     0.1838209411350944
2.517461239145341     1.107464435442727
2.669802431077837     2.176339453709415
2.82214362301033     1.7524468971538822
2.9744848149428265     1.5258312883177116
3.1268260068753193     2.2213542515370204
3.2791671988078157     2.973472716827562
3.4315083907403086     3.4370869639893677
3.583849582672805     4.2520487431153215
3.736190774605298     4.5048994893724466
3.888531966537794     4.462756458311671
4.040873158470287     5.399876850258648
4.1932143504027835     6.05532215578239
4.34555554233528     4.750943547183694
4.497896734267773     2.1821129981631193
4.650237926200269     0.4893684380587724
4.802579118132762     0.04464006930891254
4.954920310065258     0.0014536748513562184
5.107261501997751     1.576726637668669e-05
5.259602693930248     5.5146813044360645e-08
5.4119438858627404     6.127830407302697e-11
5.564285077795237     2.148263454963919e-14
5.71662626972773     2.3681047451019624e-18
5.868967461660226     2.897130609540517e-19
6.021308653592719     1.7129138365963085e-15
6.173649845525215     3.174491840532782e-12
6.325991037457712     1.8435844587260225e-09
6.478332229390205     3.355193116681832e-07
6.630673421322701     1.9141617457986787e-05
6.783014613255194     0.0003433578378307253
6.93535580518769     0.001992071249091349
7.087696997120183     0.0047673401539370785
7.2400381890526795     0.0112888676843445
7.392379380985172     0.026190273000044253
7.544720572917669     0.032358445432590074
7.697061764850162     0.02257898415046747
7.849402956782658     0.011342324502544288
8.001744148715154     0.003471511397163813
8.154085340647647     0.00043738342709690836
8.306426532580144     1.870605554917294e-05
8.458767724512636     2.5617784564952294e-07
8.611108916445133     1.1057814101020687e-09
8.763450108377626     1.4980392582494956e-12
8.915791300310122     6.36221113303709e-16
9.068132492242615     8.468187645949181e-20
9.220473684175111     3.532111226667805e-24
9.372814876107604     4.6166829453160705e-29
9.5251560680401     1.8909275291842106e-34
9.677497259972593     2.426991000436293e-40
9.82983845190509     9.761345899973983e-47
9.982179643837586     1.2302671924813033e-53
10.13452083577008     7.262195304866376e-58
10.286862027702576     1.2840553522898483e-50
10.439203219635068     7.124312400777055e-44
10.591544411567565     1.239850583513658e-37
10.743885603500058     6.770612609932826e-32
10.896226795432554     1.160805696746653e-26
11.048567987365047     6.253432265123425e-22
11.20090917929754     1.059813522214269e-17
11.35325037123004     5.660700993586912e-14
11.505591563162533     9.554050530453563e-11
11.657932755095025     5.1150925656998424e-08
11.810273947027518     8.73518072878789e-06
11.962615138960018     0.0004796458164844206
12.114956330892511     0.00858123196587018
12.267297522825004     0.051834909226965625
12.419638714757504     0.12434499279244086
12.571979906689997     0.19900592446190155
12.72432109862249     0.26023433730097656
12.876662290554982     0.19492966589322955
13.029003482487482     0.12003083467093742
13.181344674419975     0.09989613930558079
13.333685866352468     0.07518340131008613
13.48602705828496     0.05875054505886931
13.63836825021746     0.08964375872142875
13.790709442149954     0.1604266374113008
13.943050634082446     0.18542210365570433
14.095391826014946     0.14637184032401018
14.24773301794744     0.07984037521271509
14.400074209879932     0.02049579125414489
14.552415401812425     0.001965012924338457
14.704756593744925     6.385810920839486e-05
14.857097785677418     6.726951667399113e-07
15.00943897760991     2.251777427414933e-09
15.161780169542403     2.375261794809121e-12
15.314121361474903     7.868818444966709e-16
15.466462553407396     8.175908083254317e-20
15.61880374533989     2.7180101575766577e-24
15.771144937272382     1.706773050755972e-21
15.923486129204882     1.657962661603232e-17
16.075827321137375     5.051428113215476e-14
16.228168513069868     4.835020216398373e-11
16.380509705002368     1.4605043748571736e-08
16.53285089693486     1.410221419970517e-06
16.685192088867353     4.511803147725056e-05
16.837533280799846     0.0005270970697505969
16.989874472732346     0.002804896289888739
17.14221566466484     0.009090065509023061
17.29455685659733     0.019567509132209945
17.446898048529825     0.026261824051558344
17.599239240462325     0.02092094472876104
17.751580432394817     0.009175814611049441
17.90392162432731     0.0020596301609213355
18.05626281625981     0.00020801790445288052
18.208604008192303     8.098350588641312e-06
18.360945200124796     1.0987586889390497e-07
18.51328639205729     4.941983421548317e-10
18.66562758398979     7.596190836701769e-13
18.81796877592228     4.727886152518378e-11
18.970309967854774     1.7205522642814818e-08
19.122651159787267     1.9626561288126006e-06
19.274992351719767     7.029768929346011e-05
19.42733354365226     0.0008002667553995159
19.579674735584753     0.003145261285166076
19.732015927517253     0.006421467237124685
19.884357119449746     0.012424171976744313
20.03669831138224     0.01885915299210584
20.18903950331473     0.01817126970910102
20.341380695247235     0.010153369804792381
