-21.892592881365374     2.6541911490522474
-21.833296960971236     3.131759303705813
-21.774001040577097     3.7282091589844937
-21.714705120182956     4.563481659087199
-21.655409199788817     5.583783580662352
-21.59611327939468     6.606579965366451
-21.53681735900054     7.505770202660263
-21.4775214386064     8.341561725323862
-21.41822551821226     9.327559241485602
-21.358929597818122     10.678517434743803
-21.299633677423984     12.411173558921726
-21.24033775702984     14.189743547598257
-21.181041836635703     15.386803931857111
-21.121745916241565     15.439769082721819
-21.062449995847427     14.263950695385642
-21.003154075453285     12.349585958018624
-20.943858155059146     10.478920828522435
-20.884562234665008     9.354084041156401
-20.82526631427087     9.390314700381882
-20.765970393876728     10.672606797797945
-20.70667447348259     12.974590143942583
-20.64737855308845     15.803806264245607
-20.588082632694313     18.494392644004158
-20.52878671230017     20.389083404671698
-20.469490791906033     21.114736819375747
-20.410194871511894     20.79594495727868
-20.350898951117756     19.95038990173689
-20.291603030723614     19.054660612652587
-20.232307110329476     18.1734510394885
-20.173011189935337     17.044472799135953
-20.1137152695412     15.520258891699841
-20.05441934914706     13.886787347694876
-19.99512342875292     12.755085979974377
-19.93582750835878     12.679942567083103
-19.876531587964642     13.854961258582529
-19.8172356675705     16.043010250740508
-19.757939747176362     18.669372164782988
-19.698643826782224     21.016103421385097
-19.639347906388085     22.554181128272724
-19.580051985993947     23.318071394190003
-19.520756065599805     23.964999247885505
-19.461460145205667     25.258957405509086
-19.40216422481153     27.305658108674862
-19.34286830441739     29.29176239550337
-19.28357238402325     30.072577987185234
-19.22427646362911     29.052568392195358
-19.16498054323497     26.51489185890419
-19.105684622840833     23.24385467936502
-19.04638870244669     20.003865105529968
-18.987092782052553     17.313726177857813
-18.927796861658415     15.41122414712528
-18.868500941264276     14.220969783850526
-18.809205020870134     13.438729471146061
-18.749909100475996     12.828833994495952
-18.690613180081858     12.47537888899828
-18.63131725968772     12.666079837076776
-18.572021339293578     13.485852587389902
-18.51272541889944     14.528358037895135
-18.4534294985053     15.02862218721591
-18.394133578111163     14.352286460309957
-18.334837657717024     12.469932748094829
-18.275541737322882     10.01385381311599
-18.216245816928744     7.835377443829701
-18.156949896534606     6.422962676635433
-18.097653976140464     5.6617900619998185
-18.038358055746325     5.077627389830194
-17.979062135352187     4.279066977563085
-17.91976621495805     3.2121680998638853
-17.86047029456391     2.091788014980409
-17.80117437416977     1.167646390767461
-17.74187845377563     0.5555040173484417
-17.682582533381492     0.22450788313544287
-17.62328661298735     0.07690770633675371
-17.56399069259321     0.02229114836568153
-17.504694772199073     0.005458498933959061
-17.445398851804935     0.0011278226841965717
-17.386102931410797     0.0001964111854054243
-17.326807011016655     2.8804105484186477e-05
-17.267511090622516     3.554482055654605e-06
-17.208215170228378     3.6885930328607627e-07
-17.148919249834236     3.2172583837969664e-08
-17.0896233294401     2.3576105639453174e-09
-17.03032740904596     1.4510222988260684e-10
-16.97103148865182     7.498520834502593e-12
-16.911735568257683     3.2529963616156944e-13
-16.85243964786354     1.1844694756410178e-14
-16.793143727469403     3.6194081500024827e-16
-16.733847807075264     9.280639235888053e-18
-16.674551886681126     1.996677120982519e-19
-16.615255966286988     3.6041107360611836e-21
-16.555960045892846     5.457900352421805e-23
-16.496664125498707     6.933810960893483e-25
-16.43736820510457     7.389633375368189e-27
-16.378072284710427     6.606431181812908e-29
-16.31877636431629     4.954446027497719e-31
-16.25948044392215     3.116738640622421e-33
-16.200184523528012     1.6446640480833248e-35
-16.140888603133874     7.27982864513258e-38
-16.081592682739732     2.702892695327051e-40
-16.022296762345594     8.417777098153958e-43
-15.963000841951455     2.1989981562448414e-45
-15.903704921557315     4.818473211149041e-48
-15.844409001163175     8.856249543210692e-51
-15.785113080769037     1.366841434247473e-53
-15.725817160374898     7.697549393074701e-54
-15.666521239980758     3.324168897411939e-51
-15.607225319586618     1.2068738213873587e-48
-15.54792939919248     3.675289474093253e-46
-15.488633478798342     9.38797945598808e-44
-15.429337558404201     2.0114239006109004e-41
-15.370041638010061     3.6148141866149285e-39
-15.310745717615923     5.4490305872673175e-37
-15.251449797221785     6.889749143048071e-35
-15.192153876827646     7.306989262344874e-33
-15.132857956433506     6.500165657365459e-31
-15.073562036039366     4.8502181948974405e-29
-15.014266115645228     3.035631313925035e-27
-14.95497019525109     1.593630627574146e-25
-14.89567427485695     7.017415751716292e-24
-14.83637835446281     2.591896426973483e-22
-14.77708243406867     8.02987851219902e-21
-14.717786513674533     2.086657653826042e-19
-14.658490593280392     4.548249995896778e-18
-14.599194672886252     8.315499723755992e-17
-14.539898752492114     1.275214648072082e-15
-14.480602832097976     1.6403223259634753e-14
-14.421306911703835     1.7698084261303424e-13
-14.362010991309695     1.6016780908216502e-12
-14.302715070915557     1.2158473287890539e-11
-14.243419150521419     7.741925366496314e-11
-14.184123230127279     4.135506503974085e-10
-14.124827309733138     1.8539030108427256e-09
-14.065531389339     6.985137307132771e-09
-14.006235468944862     2.2247672460966576e-08
-13.946939548550722     6.118960615048726e-08
-13.887643628156583     1.560551621376683e-07
-13.828347707762443     4.3686083370667854e-07
-13.769051787368305     1.5669669046221118e-06
-13.709755866974165     6.540319095382781e-06
-13.650459946580026     2.6315287662366846e-05
-13.591164026185886     9.294551177108226e-05
-13.531868105791748     0.00028069617194432974
-13.472572185397608     0.0007249806145615149
-13.41327626500347     0.0016247854399009682
-13.35398034460933     0.0032513446025824247
-13.294684424215191     0.006051014228586452
-13.235388503821051     0.010866470780497756
-13.176092583426913     0.018959162356606146
-13.116796663032773     0.03123279185921734
-13.057500742638634     0.04663805577758508
-12.998204822244494     0.061175840386836364
-12.938908901850356     0.0693910953549156
-12.879612981456216     0.06812250334582799
-12.820317061062077     0.059327901008253074
-12.761021140667937     0.04895493401321695
-12.701725220273799     0.04258162485120681
-12.642429299879659     0.04170239766673013
-12.58313337948552     0.04364900400769788
-12.52383745909138     0.04459051905060622
-12.464541538697242     0.04262989095829083
-12.405245618303102     0.0387010482800283
-12.345949697908964     0.035539653167409285
-12.286653777514825     0.03645870383039074
-12.227357857120685     0.04456418030059563
-12.168061936726547     0.06148650488534913
-12.108766016332407     0.08551896533358229
-12.049470095938268     0.11126202616766132
-11.990174175544128     0.1324186158582032
-11.93087825514999     0.14553950110488903
-11.87158233475585     0.15059733679219856
-11.812286414361711     0.14821771371523895
-11.752990493967571     0.13812243930308407
-11.693694573573433     0.12134850127806722
-11.634398653179293     0.10275106356278375
-11.575102732785155     0.0895175881414724
-11.515806812391014     0.0870099947140284
-11.456510891996876     0.09681621999521514
-11.397214971602736     0.11870731888539773
-11.337919051208598     0.15301262607526478
-11.278623130814458     0.19957959879245285
-11.21932721042032     0.2546202789258184
-11.160031290026179     0.3108907309932844
-11.10073536963204     0.36323328615401845
-11.0414394492379     0.4133848819687037
-10.982143528843762     0.466500024057743
-10.922847608449622     0.521610500454527
-10.863551688055484     0.5672590930584603
-10.804255767661344     0.5881778651860433
-10.744959847267205     0.5752682689865983
-10.685663926873065     0.5283869216227101
-10.626368006478927     0.45280471119991317
-10.567072086084787     0.3575801158372802
-10.507776165690649     0.2571707071130819
-10.44848024529651     0.16975350517925872
-10.38918432490237     0.10990983740863842
-10.329888404508232     0.08166884050586784
-10.270592484114092     0.07799071148843444
-10.211296563719953     0.08688605118565085
-10.152000643325813     0.10105060675051518
-10.092704722931675     0.12862032252695355
-10.033408802537535     0.20438176634207506
-9.974112882143396     0.4002815649675726
-9.914816961749256     0.8274730402912738
-9.855521041355118     1.6137170841584496
-9.796225120960978     2.8493400541272234
-9.73692920056684     4.529683617648281
-9.6776332801727     6.542702536947832
-9.618337359778561     8.711008026500206
-9.559041439384421     10.835647836531793
-9.499745518990283     12.701377023842706
-9.440449598596143     14.088793609967277
-9.381153678202004     14.859572053349915
-9.321857757807864     15.07105818970944
-9.262561837413726     14.986578998586007
-9.203265917019586     14.937855715732809
-9.143969996625447     15.16306297713845
-9.084674076231307     15.752686017109413
-9.025378155837169     16.676563583126566
-8.966082235443029     17.777379888032343
-8.90678631504889     18.732044949540693
-8.84749039465475     19.129044359522556
-8.788194474260612     18.733046215595905
-8.728898553866472     17.748850560701936
-8.669602633472334     16.79903177879931
-8.610306713078195     16.57665053313465
-8.551010792684055     17.442610204815228
-8.491714872289917     19.23975678461149
-8.432418951895777     21.368120278058914
-8.373123031501638     23.04197781919028
-8.313827111107498     23.65704753406446
-8.25453119071336     23.11387703598743
-8.19523527031922     21.850030578708253
-8.135939349925081     20.52330461298329
-8.076643429530941     19.624092467130854
-8.017347509136803     19.316838559757745
-7.958051588742663     19.512465042497105
-7.8987556683485245     19.989033905768657
-7.839459747954384     20.463235486089395
-7.780163827560246     20.650069109711776
-7.720867907166106     20.36137943492033
-7.661571986771968     19.602981131437048
-7.6022760663778275     18.567267891623572
-7.542980145983689     17.504744989993977
-7.483684225589549     16.594175004316046
-7.424388305195411     15.902595118236643
-7.365092384801271     15.388138510566304
-7.305796464407132     14.896882536651708
-7.246500544012992     14.217456652141733
-7.187204623618854     13.23255830474173
-7.127908703224714     12.048039751595018
-7.068612782830575     10.95546545227195
-7.009316862436435     10.250567335830842
-6.950020942042297     10.054027049197797
-6.890725021648157     10.24002538113458
-6.8314291012540185     10.492627354572972
-6.772133180859878     10.464919817435213
-6.71283726046574     9.958136100928263
-6.653541340071602     8.990528727191215
-6.594245419677462     7.711675210213154
-6.534949499283323     6.2848373630235725
-6.475653578889183     4.873916150286917
-6.416357658495045     3.7022807216308644
-6.357061738100905     3.0463706644962523
-6.297765817706766     3.1126697246422266
-6.238469897312626     3.8778002448096465
-6.179173976918488     5.017248419496576
-6.119878056524348     6.011557458777276
-6.0605821361302095     6.41045309236867
-6.001286215736069     6.097797125797311
-5.941990295341931     5.36797792064484
-5.882694374947793     4.753702201995048
-5.823398454553651     4.713331784838906
-5.7641025341595125     5.3718431921568035
-5.704806613765374     6.493806836973933
-5.645510693371236     7.726176805929425
-5.586214772977094     8.905414281819837
-5.526918852582956     10.108708889096915
-5.467622932188817     11.377191431527915
-5.408327011794679     12.448847390814526
-5.349031091400537     12.887122434172978
-5.289735171006399     12.53841437106517
-5.23043925061226     11.815641133391086
-5.171143330218122     11.431987891846626
-5.11184740982398     11.792469532700913
-5.052551489429842     12.646702984704351
-4.9932555690357034     13.350486076734464
-4.933959648641565     13.4374451036919
-4.874663728247423     12.90693093493192
-4.815367807853285     12.032337567664314
-4.7560718874591466     11.05970303472008
-4.696775967065008     10.18370981564367
-4.63748004667087     9.707383289063777
-4.578184126276728     10.009801512449439
-4.51888820588259     11.228540768430896
-4.459592285488451     13.005149826023805
-4.400296365094313     14.65370083535302
-4.341000444700171     15.66890269347191
-4.281704524306033     16.120062030518064
-4.222408603911894     16.576156139476073
-4.163112683517756     17.608253161599905
-4.103816763123614     19.239033497551926
-4.044520842729476     20.78903948198559
-3.9852249223353375     21.34086698656631
-3.925929001941199     20.52401832794056
-3.8666330815470573     18.939961402642194
-3.807337161152919     17.814475216809168
-3.7480412407587806     18.156561416161704
-3.6887453203646423     20.06303904749126
-3.6294493999705004     22.60446416452591
-3.570153479576362     24.3426447189118
-3.5108575591822238     24.192978137782454
-3.4515616387880854     22.088991164154226
-3.3922657183939435     18.970045490025754
-3.332969797999805     16.12111110242955
-3.273673877605667     14.417599579975393
-3.2143779572115285     14.033915310076543
-3.1550820368173866     14.688652364639177
-3.0957861164232483     16.044259086940492
-3.03649019602911     17.884835647304858
-2.9771942756349716     20.058823689822233
-2.9178983552408297     22.414101449491728
-2.8586024348466914     24.842332818692654
-2.799306514452553     27.340184226526773
-2.7400105940584147     29.96742962139308
-2.6807146736642764     32.71677354461811
-2.6214187532701345     35.43601933540983
-2.562122832875996     37.912037799690765
-2.502826912481858     40.04091947965694
-2.4435309920877195     41.90034448086395
-2.3842350716935776     43.67413364419006
-2.3249391512994393     45.54332797201398
-2.265643230905301     47.59836541682712
-2.2063473105111626     49.71517227636046
-2.1470513901170207     51.4546558777801
-2.0877554697228824     52.19307303325366
-2.028459549328744     51.49621230252653
-1.9691636289346057     49.404192380794385
-1.9098677085404638     46.33981672395009
-1.8505717881463255     42.79247805994256
-1.7912758677521872     39.16851012801825
-1.7319799473580488     35.920882411013984
-1.672684026963907     33.65806376523453
-1.6133881065697686     32.92423698596741
-1.5540921861756303     33.765040827184194
-1.494796265781492     35.538712213091664
-1.43550034538735     37.25956827444695
-1.3762044249932117     38.22206723216415
-1.3169085045990734     38.35097714404657
-1.257612584204935     38.00585491774954
-1.1983166638107932     37.508324510581616
-1.1390207434166548     36.85640787639254
-1.0797248230225165     35.80074258248221
-1.0204289026283782     34.11028257574409
-0.9611329822342398     31.80545283105777
-0.9018370618400979     29.250507463408404
-0.8425411414459596     27.039178624794115
-0.7832452210518213     25.669003635655947
-0.7239493006576829     25.203277953276537
-0.664653380263541     25.227978268222497
-0.6053574598694027     25.159184543547322
-0.5460615394752644     24.593446420643392
-0.48676561908112603     23.41409039764326
-0.42746969868698415     21.73420632184517
-0.3681737782928458     19.902101376070867
-0.3088778578987075     18.50597776167601
-0.24958193750456914     18.105262475516806
-0.19028601711042725     18.721564969053862
-0.13099009671628892     19.57594650127485
-0.07169417632215058     19.477248424618693
-0.012398255928012247     17.63049386018195
0.04689766446612964     14.174555770333757
0.10619358486026798     10.019377551306611
0.1654895052544063     6.213669593081261
0.22478542564854465     3.40405110958815
0.28408134604268653     1.7061221755803864
0.34337726643682487     0.8919122061573339
0.4026731868309632     0.6310232182939005
0.46196910722510154     0.6314098016257806
0.5212650276192434     0.6859967157269133
0.5805609480133818     0.684806481152813
0.6398568684075201     0.6132400611621804
0.6991527888016584     0.5212860990476311
0.7584487091958003     0.4653308244994551
0.8177446295899387     0.45880009187319726
0.877040549984077     0.46693632814431674
0.9363364703782153     0.44282546366432957
0.9956323907723537     0.3675482367579038
1.0549283111664955     0.2601982493813572
1.1142242315606339     0.1569471227938377
1.1735201519547722     0.08578561040734885
1.2328160723489106     0.059513073829217465
1.2921119927430524     0.0858694377768852
1.3514079131371908     0.1779483781508111
1.410703833531329     0.350685442761563
1.4699997539254674     0.6032608538359052
1.5292956743196093     0.9016223475790561
1.5885915947137477     1.1783616291128942
1.647887515107886     1.35453280701154
1.7071834355020243     1.3722847077670028
1.7664793558961662     1.2221150037034536
1.8257752762903046     0.9506691037092255
1.885071196684443     0.640673040632423
1.9443671170785812     0.37101563572644947
2.003663037472723     0.18334702094863628
2.0629589578668615     0.07690347665125719
2.122254878261      0.02727332659263298
2.181550798655138     0.008162807281133043
2.24084671904928     0.00208766097518426
2.3001426394434183     0.0005641687612660012
2.3594385598375567     0.0004811537606371515
2.418734480231695     0.00107852915850891
2.478030400625837     0.0024111639014388246
2.5373263210199752     0.004692437271993253
2.5966222414141136     0.007959196443650604
2.655918161808252     0.011891196613178978
2.715214082202394     0.015810576448549423
2.774510002596532     0.01888886991949904
2.8338059229906705     0.020579743251914334
2.893101843384809     0.021226361043883975
2.952397763778947     0.022481608901981653
3.011693684173089     0.02690044232980363
3.0709896045672274     0.036467538973962876
3.1302855249613657     0.0509059502070099
3.189581445355504     0.0672673781180946
3.248877365749646     0.08146830768514914
3.3081732861437843     0.09062431672267245
3.3674692065379226     0.09419683861255834
3.426765126932061     0.09326056825608954
3.486061047326203     0.08922422479351774
3.545356967720341     0.08357230030776007
3.6046528881144795     0.07833666742219511
3.663948808508618     0.07567392758217995
3.7232447289027597     0.07617217335013828
3.782540649296898     0.07771132961849384
3.8418365696910364     0.07662661865994551
3.9011324900851747     0.07039753799163523
3.9604284104793166     0.05934545445915459
4.019724330873455     0.046009902807640245
4.079020251267593     0.03326406652461415
4.138316171661732     0.0229704751635533
4.1976120920558735     0.01580234216852832
4.256908012450012     0.011636686283566244
4.31620393284415     0.009839224375542365
4.3754998532382885     0.009374496521983723
4.43479577363243     0.009061318733770468
4.494091694026569     0.008064873108578034
4.553387614420707     0.0062676942755915946
4.612683534814845     0.0041543656701311885
4.671979455208984     0.002325687896258875
4.731275375603126     0.0010952298066033016
4.790571295997264     0.0004331538647315753
4.849867216391402     0.0001437664609790646
4.909163136785541     4.003333793945816e-05
4.9684590571796825     9.351456578898498e-06
5.027754977573821     1.8323396483483949e-06
5.087050897967959     3.0115603549751083e-07
5.1463468183620975     4.151753220913941e-08
5.205642738756239     4.8009136962625325e-09
5.264938659150378     4.656588070933322e-10
5.324234579544516     3.788461923416245e-11
5.383530499938654     2.585288731242292e-12
5.442826420332796     1.4798105876921028e-13
5.502122340726935     7.1048371372400615e-15
5.561418261121073     2.8612317154431106e-16
5.620714181515211     9.665021714210775e-18
5.680010101909353     2.7384419289939066e-19
5.7393060223034915     6.508113739534261e-21
5.79860194269763     1.29735141310033e-22
5.857897863091768     2.1692570633999015e-24
5.91719378348591     3.0423929592051814e-26
5.976489703880048     3.579072455780757e-28
6.035785624274187     3.531641171305921e-30
6.095081544668325     2.9232350790105184e-32
6.154377465062467     4.8016842640777845e-34
6.213673385456605     3.1721519553829673e-32
6.272969305850744     3.044174464119704e-30
6.332265226244882     2.450485669941625e-28
6.391561146639024     1.654572086570927e-26
6.450857067033162     9.370658638012146e-25
6.5101529874273005     4.4514904135002795e-23
6.569448907821439     1.7737470122501594e-21
6.628744828215577     5.928281842933205e-20
6.688040748609719     1.661946340965011e-18
6.747336669003857     3.9080156496584454e-17
6.806632589397996     7.708096342629095e-16
6.865928509792134     1.2752360384853415e-14
6.925224430186276     1.769658302805718e-13
6.984520350580414     2.059923167745229e-12
7.043816270974553     2.0113831540943367e-11
7.103112191368691     1.6476765318654699e-10
7.162408111762833     1.1327061529189476e-09
7.221704032156971     6.5401111378817685e-09
7.2809999525511095     3.178360557297814e-08
7.340295872945248     1.3072854497221575e-07
7.39959179333939     4.614269907188765e-07
7.458887713733528     1.44329345281967e-06
7.518183634127666     4.2556099029695005e-06
7.577479554521805     1.2787043152569146e-05
7.636775474915947     4.037192022277554e-05
7.696071395310085     0.00012715884875448436
7.755367315704223     0.00036963435170114133
7.814663236098362     0.0009408044273013834
7.8739591564925036     0.002043911682757086
7.933255076886642     0.003750009853216181
7.99255099728078     0.005786111907347892
8.051846917674919     0.007495898313548043
8.11114283806906     0.008148456766409809
8.170438758463199     0.007430878725172028
8.229734678857337     0.0056843365699928376
8.289030599251475     0.0036473982668421352
8.348326519645617     0.0019633217551332785
8.407622440039756     0.0008877716593570391
8.466918360433894     0.000343176488900521
8.526214280828032     0.00013769805232535407
8.58551020122217     0.00013558613300876696
8.644806121616313     0.00031742762965818535
8.704102042010451     0.0007628118410624189
8.76339796240459     0.0015763391426728407
8.822693882798728     0.0027639193535001633
8.88198980319287     0.004119169369120935
8.941285723587008     0.005235618444288473
9.000581643981146     0.005697500629667235
9.059877564375284     0.0053331034406221
9.119173484769426     0.004328744977833956
9.178469405163565     0.003119429496682336
9.237765325557703     0.002161927191548463
9.297061245951841     0.0017512902355544492
9.356357166345983     0.0019498146890196803
9.415653086740122     0.002607510511778678
9.47494900713426     0.0034470388475526395
9.534244927528398     0.004199290256673546
9.59354084792254     0.004746973539838556
9.652836768316678     0.0052065071920437515
9.712132688710817     0.005888599909555246
9.771428609104955     0.007096963577129579
9.830724529499097     0.00880436997954559
9.890020449893235     0.010444036935460074
9.949316370287374     0.01113201587016162
10.008612290681512     0.010283014371301143
10.067908211075654     0.008087028363191787
10.127204131469789     0.00537061062796093
10.18650005186393     0.0030006881252948553
10.245795972258072     0.001408186366666859
10.305091892652207     0.0005546479300274642
10.36438781304635     0.00018329347230294863
10.423683733440484     5.081736555005256e-05
10.482979653834626     1.1861498483752501e-05
10.542275574228768     2.771425288734247e-06
10.601571494622902     4.440069093517486e-06
10.660867415017044     2.9740235208899402e-05
10.720163335411186     0.0001820271175295051
10.779459255805321     0.0009366174618577925
10.838755176199463     0.004047027743631492
10.898051096593598     0.014698670291982192
10.95734701698774     0.04495844953736002
11.016642937381881     0.11622244116548641
11.075938857776016     0.25561904406626973
11.135234778170158     0.4840056828807028
11.1945306985643     0.8044776214513534
11.253826618958435     1.2067171667249257
11.313122539352577     1.6834181258167165
11.372418459746712     2.226032699027484
11.431714380140853     2.783237825886542
11.491010300534995     3.2311266486200925
11.55030622092913     3.4248959862843567
11.609602141323272     3.3163867641286178
11.668898061717414     3.0272471758902046
11.728193982111549     2.7949039537329656
11.78748990250569     2.830432395374758
11.846785822899825     3.2039161930167674
11.906081743293967     3.8339521243044894
11.965377663688109     4.5588056757403095
12.024673584082244     5.210140844507759
12.083969504476386     5.644073246224434
12.143265424870528     5.751399883922677
12.202561345264662     5.480769775346183
12.261857265658804     4.866728326362432
12.321153186052939     4.034215234552806
12.380449106447081     3.1749264615807946
12.439745026841223     2.5070908579078504
12.499040947235358     2.2181184273296317
12.5583368676295     2.3935255901110173
12.617632788023634     2.9706664141817605
12.676928708417776     3.766302982286977
12.736224628811918     4.574997273870452
12.795520549206053     5.270535704493721
12.854816469600195     5.841106053475305
12.914112389994337     6.350270218523771
12.973408310388471     6.867356413146459
13.032704230782613     7.410439123797441
13.092000151176748     7.923897347326754
13.15129607157089     8.301950106698827
13.210591991965032     8.450252694267284
13.269887912359167     8.341603404506513
13.329183832753309     8.019822204206111
13.38847975314745     7.566129441856213
13.447775673541585     7.089805188714936
13.507071593935727     6.754488463113312
13.566367514329862     6.760802026740087
13.625663434724004     7.223860328470915
13.684959355118146     8.028928283165339
13.74425527551228     8.840652595481627
13.803551195906422     9.3244795406822
13.862847116300564     9.412313964523403
13.922143036694699     9.372465268351252
13.98143895708884     9.622802383077659
14.040734877482976     10.453233742427987
14.100030797877118     11.859075807891513
14.15932671827126     13.544446010790528
14.218622638665394     15.036562591035974
14.277918559059536     15.856975931037118
14.337214479453671     15.72359417996579
14.396510399847813     14.707898393123708
14.455806320241955     13.220903703416552
14.51510224063609     11.788864477873679
14.574398161030231     10.769567707927147
14.633694081424373     10.229631828391684
14.692990001818508     10.036038851613645
14.75228592221265     10.009311203450084
14.811581842606785     9.996783777355358
14.870877763000927     9.884036795968687
14.930173683395068     9.616570018868945
14.989469603789203     9.228008508952978
15.048765524183345     8.833800959960696
15.108061444577487     8.584087126264777
15.167357364971622     8.591844384172196
15.226653285365764     8.863566138052887
15.285949205759898     9.287428250497458
15.34524512615404     9.71704998604896
15.404541046548182     10.094350897875144
15.463836966942317     10.486029652644342
15.523132887336459     10.979049049768633
15.5824288077306     11.540577968486877
15.641724728124736     12.00576913578105
15.701020648518877     12.214993616568181
15.760316568913012     12.14289225458884
15.819612489307154     11.877269047169337
15.878908409701296     11.493650729033119
15.93820433009543     10.987133209978184
15.997500250489573     10.339027486102518
16.056796170883715     9.635426778237436
16.11609209127785     9.098327487135773
16.17538801167199     8.972486412621864
16.234683932066126     9.337156378343666
16.293979852460268     9.984238740226056
16.35327577285441     10.479916391920884
16.412571693248545     10.405319363248125
16.471867613642686     9.622869823848765
16.53116353403682     8.369899668723173
16.590459454430963     7.105229226066497
16.649755374825105     6.228312164232033
16.70905129521924     5.880387142348077
16.76834721561338     5.950462673338634
16.827643136007524     6.233284136090113
16.88693905640166     6.580174604190951
16.9462349767958     6.935841678151383
17.005530897189935     7.291543367077395
17.064826817584077     7.64573897414348
17.12412273797822     8.000522954301388
17.183418658372354     8.353202451995152
17.242714578766495     8.660384211232566
17.302010499160637     8.80779349530007
17.361306419554772     8.634611754367993
17.420602339948914     8.027112243210718
17.47989826034305     7.0307879491035825
17.53919418073719     5.875344236569903
17.598490101131333     4.850076806449047
17.657786021525467     4.114687297640675
17.71708194191961     3.621733366183605
17.77637786231375     3.2264171606571086
17.835673782707886     2.867067553264751
17.894969703102028     2.6338151343123513
17.954265623496163     2.6670567828051532
18.013561543890305     2.9947065215734874
18.072857464284446     3.460858434251418
18.13215338467858     3.8005783747955855
18.191449305072723     3.791311984539918
18.250745225466858     3.369719298696207
18.310041145861     2.648506077785373
18.36933706625514     1.8390395322318873
18.428632986649276     1.1373519653282722
18.48792890704342     0.6448675495151056
18.54722482743756     0.36173882315396544
18.606520747831695     0.2347834141679516
18.665816668225837     0.2129733263342175
18.72511258861997     0.2755982403883396
18.784408509014114     0.42386035623258317
18.843704429408255     0.6466658421628267
18.90300034980239     0.8889323678114467
18.962296270196532     1.0574591452398276
19.021592190590674     1.072560747846283
19.08088811098481     0.924599022680026
19.14018403137895     0.6805175014540129
19.199479951773085     0.4338240436720954
19.258775872167227     0.24693918973366988
19.31807179256137     0.13212317603537235
19.377367712955504     0.07040955749956018
19.436663633349646     0.03820867022536099
19.495959553743788     0.020387438866758645
19.555255474137923     0.010092626538979037
19.614551394532064     0.004431749143046325
19.6738473149262     0.0016828456433947818
19.73314323532034     0.0005456054539980037
19.792439155714483     0.00015007490551450644
19.851735076108618     3.4901175139204236e-05
19.91103099650276     6.85018072935893e-06
19.970326916896894     1.1441440048512592e-06
20.029622837291036     2.1077753475544628e-07
20.088918757685178     2.1490400352059554e-07
20.148214678079313     6.096189316725271e-07
20.207510598473455     1.577333747981393e-06
20.266806518867597     3.4330601273140333e-06
20.32610243926173     6.270594106623384e-06
20.385398359655873     9.63137524454631e-06
20.444694280050008     1.2601889457974637e-05
20.50399020044415     1.512526694126647e-05
20.563286120838292     2.2443420662168292e-05
20.622582041232427     5.9020772433578716e-05
20.68187796162657     0.00020730255928854498
20.74117388202071     0.0006895047233997676
20.800469802414845     0.0019737266005410443
20.859765722808987     0.004781236719491122
20.919061643203122     0.009781026988889063
20.978357563597264     0.016917909545848035
21.037653483991406     0.024825042433320232
21.09694940438554     0.031102814866187267
21.156245324779682     0.03363970023504825
21.215541245173824     0.03194443783304371
21.27483716556796     0.027230813103335944
21.3341330859621     0.021317343556836715
21.393429006356236     0.015584039836865808
21.452724926750378     0.010761280363314883
21.51202084714452     0.007172230757757336
21.571316767538654     0.0048575363679302375
21.630612687932796     0.00361183008178354
21.689908608326938     0.0031913218571658244
21.749204528721073     0.003607577896708374
21.808500449115215     0.0051601676124744845
21.86779636950935     0.008039422769378834
21.92709228990349     0.011764171408376423
21.986388210297633     0.015026208012546833
22.04568413069177     0.01630863651960897
