-21.89256566998085     1.7070739891584548e-06
-21.833269308916517     5.705643138196365e-06
-21.773972947852183     1.6305407705547875e-05
-21.71467658678785     3.932225536219736e-05
-21.655380225723516     7.974576793541074e-05
-21.59608386465918     0.00013591467113117063
-21.536787503594848     0.00019478142814138413
-21.477491142530514     0.00023512792871942692
-21.41819478146618     0.00024011592073643252
-21.358898420401847     0.00021006685290408012
-21.299602059337513     0.00016570045951175416
-21.24030569827318     0.00015197454164900926
-21.181009337208845     0.0002944160616766192
-21.12171297614451     0.0010303944080690313
-21.062416615080174     0.003713582425437304
-21.00312025401584     0.011667144716617653
-20.943823892951507     0.031033695999087157
-20.884527531887173     0.06953744406939204
-20.82523117082284     0.1313401277638489
-20.765934809758505     0.2099874746291376
-20.70663844869417     0.28692245144237116
-20.647342087629838     0.34151958302562996
-20.588045726565504     0.36614659327412624
-20.52874936550117     0.36997295580852857
-20.469453004436836     0.36544211360036405
-20.410156643372503     0.3527947296440643
-20.35086028230817     0.3214533726804007
-20.291563921243835     0.2656977539961062
-20.2322675601795     0.1947946143188132
-20.172971199115167     0.1268560797464879
-20.113674838050834     0.07575492506513029
-20.0543784769865     0.0450671176211513
-19.995082115922166     0.031496755397101124
-19.935785754857832     0.0305638465620527
-19.8764893937935     0.03856437087284809
-19.817193032729165     0.05122166660479667
-19.75789667166483     0.06308951296259632
-19.698600310600497     0.07020978530257586
-19.639303949536163     0.07423490555872887
-19.58000758847183     0.08380057509463318
-19.520711227407496     0.11100121500941948
-19.461414866343162     0.16502404811594953
-19.40211850527883     0.24692808318462314
-19.342822144214495     0.34793423822558184
-19.28352578315016     0.4508644208620107
-19.224229422085823     0.533749451105182
-19.16493306102149     0.5763611341979504
-19.105636699957156     0.5697566239553992
-19.046340338892822     0.5230914990522546
-18.98704397782849     0.45929907384217494
-18.927747616764155     0.4007040568920241
-18.86845125569982     0.35782401838256794
-18.809154894635487     0.3315615719543508
-18.749858533571153     0.3226369586157984
-18.69056217250682     0.3338592165716839
-18.631265811442486     0.36186022188527583
-18.571969450378152     0.39105354727946123
-18.512673089313818     0.4022676141538686
-18.453376728249484     0.3902469342248507
-18.39408036718515     0.37035424207013673
-18.334784006120817     0.3642020463041696
-18.275487645056483     0.3770552851774543
-18.21619128399215     0.3900737010633346
-18.156894922927815     0.3758937039876388
-18.09759856186348     0.32223729709456617
-18.038302200799148     0.24098324298996968
-17.979005839734814     0.15676053689902184
-17.91970947867048     0.08926428099178282
-17.860413117606143     0.04496552934832663
-17.80111675654181     0.020234825117732398
-17.741820395477475     0.008169510187122319
-17.68252403441314     0.002948135729395223
-17.623227673348808     0.0009411567466179842
-17.563931312284474     0.00026234616913950616
-17.50463495122014     6.308066562758076e-05
-17.445338590155806     1.2959011307674272e-05
-17.386042229091473     2.2592783535075373e-06
-17.32674586802714     3.3277793180733564e-07
-17.267449506962805     4.129524177463179e-08
-17.20815314589847     4.309714946130157e-09
-17.148856784834138     3.7786699023812647e-10
-17.089560423769804     2.7815898083739188e-11
-17.03026406270547     1.7184784115275626e-12
-16.970967701641136     8.908245172053979e-14
-16.911671340576802     3.874162031159199e-15
-16.85237497951247     1.4134011498242913e-16
-16.793078618448135     4.325476854710514e-18
-16.7337822573838     1.1103779856967017e-19
-16.674485896319467     2.3909389816621422e-21
-16.615189535255134     4.318396126190692e-23
-16.5558931741908     6.542295245976432e-25
-16.496596813126466     8.31361474904238e-27
-16.437300452062132     8.861368631675486e-29
-16.3780040909978     7.922500988900767e-31
-16.318707729933465     5.941198418432201e-33
-16.25941136886913     3.7371098883360156e-35
-16.200115007804797     1.9717307878730383e-37
-16.140818646740463     8.725879965634481e-40
-16.08152228567613     3.2390725518702126e-42
-16.022225924611796     1.0085139658802825e-44
-15.96292956354746     2.6338615466170106e-47
-15.903633202483126     5.7697146045875845e-50
-15.844336841418793     1.6342077072075125e-52
-15.785040480354459     3.5297305650730613e-50
-15.725744119290123     1.8204038663525146e-47
-15.66644775822579     7.87491208963525e-45
-15.607151397161456     2.857415791725255e-42
-15.547855036097122     8.696628691812115e-40
-15.488558675032788     2.220128830454322e-37
-15.429262313968454     4.75395631228846e-35
-15.36996595290412     8.538507363499947e-33
-15.310669591839787     1.2863480408241646e-30
-15.251373230775453     1.6254917988509626e-28
-15.19207686971112     1.7229030393272495e-26
-15.132780508646785     1.5317456397639954e-24
-15.073484147582452     1.1422527953520065e-22
-15.014187786518118     7.144758725807056e-21
-14.954891425453784     3.7485444638098314e-19
-14.89559506438945     1.6496337259108202e-17
-14.836298703325117     6.089226776182729e-16
-14.777002342260783     1.8853263224819567e-14
-14.717705981196449     4.896217196656309e-13
-14.658409620132115     1.06655825124787e-11
-14.599113259067781     1.9487595032529235e-10
-14.539816898003448     2.986631720868138e-09
-14.480520536939112     3.8393248682137514e-08
-14.421224175874778     4.1397852387390374e-07
-14.361927814810445     3.744126578837934e-06
-14.30263145374611     2.8403574315257636e-05
-14.243335092681777     0.00018073623485819482
-14.184038731617443     0.0009646443697762252
-14.12474237055311     0.00431856065133503
-14.065446009488774     0.016216632374256454
-14.00614964842444     0.05107783231347854
-13.946853287360106     0.13494458596145584
-13.887556926295774     0.299043165207714
-13.828260565231439     0.5558836615569711
-13.768964204167105     0.8668984838447561
-13.709667843102771     1.134825993681673
-13.650371482038437     1.2496883710111513
-13.591075120974104     1.1672189472019725
-13.53177875990977     0.9529002763682163
-13.472482398845436     0.7478721269236284
-13.413186037781102     0.6837742301790289
-13.353889676716769     0.8103502905204101
-13.294593315652435     1.0790700569957346
-13.235296954588101     1.3900943132699526
-13.176000593523767     1.6738993913961948
-13.116704232459433     1.9394931406100575
-13.0574078713951     2.229453913221451
-12.998111510330764     2.5181353085050877
-12.93881514926643     2.6783248172333676
-12.879518788202097     2.582798946571047
-12.820222427137763     2.2429142720435955
-12.760926066073429     1.8268502230532255
-12.701629705009095     1.532081766454614
-12.642333343944761     1.444203699829263
-12.583036982880428     1.5115736804910325
-12.523740621816094     1.6298675689937723
-12.46444426075176     1.7303174571346254
-12.405147899687426     1.7956645924145405
-12.345851538623092     1.8271817154141459
-12.286555177558759     1.8260906495201643
-12.227258816494425     1.7985207317983973
-12.16796245543009     1.7464554497929163
-12.108666094365756     1.6447802662594428
-12.049369733301422     1.4506847407435635
-11.990073372237088     1.1526719070102511
-11.930777011172754     0.8009648633496219
-11.87148065010842     0.4783399966512692
-11.812184289044087     0.24418341526988052
-11.752887927979753     0.1079546228309242
-11.69359156691542     0.044122071966547986
-11.634295205851085     0.020407733355296914
-11.574998844786752     0.014318427694648864
-11.515702483722418     0.015064851285767787
-11.456406122658084     0.01920498757022198
-11.39710976159375     0.026398423965251175
-11.337813400529415     0.03680987525060152
-11.27851703946508     0.049599001226319286
-11.219220678400747     0.06229629475663663
-11.159924317336413     0.07150849829529912
-11.10062795627208     0.07481546994935948
-11.041331595207746     0.0724120513769065
-10.982035234143412     0.06689371539464797
-10.922738873079078     0.0612613378761006
-10.863442512014744     0.056961146771376564
-10.80414615095041     0.05358406313531358
-10.744849789886077     0.05016048955698855
-10.685553428821743     0.04690182058724002
-10.62625706775741     0.046544165260821044
-10.566960706693076     0.05488041197544713
-10.50766434562874     0.0797139537306565
-10.448367984564406     0.12739522449034796
-10.389071623500072     0.19759957111521476
-10.329775262435739     0.2792822238347223
-10.270478901371405     0.3516979006997266
-10.211182540307071     0.39258159919917907
-10.151886179242737     0.390593134557533
-10.092589818178404     0.35315441313871965
-10.03329345711407     0.30121377675597494
-9.973997096049736     0.2538273553406268
-9.914700734985402     0.21706894308728933
-9.855404373921068     0.18743376970923525
-9.796108012856735     0.16324845140894034
-9.7368116517924     0.15016440482509624
-9.677515290728067     0.15669190869078245
-9.618218929663731     0.18708164713419995
-9.558922568599398     0.23778056251602442
-9.499626207535064     0.2971546496651017
-9.44032984647073     0.34831735736142505
-9.381033485406396     0.37775524708138947
-9.321737124342063     0.3867084580776028
-9.262440763277729     0.39323284004540754
-9.203144402213395     0.4182142275279363
-9.143848041149061     0.4675037924197294
-9.084551680084727     0.5295949907649761
-9.025255319020394     0.5902146444366675
-8.96595895795606     0.6441045771403474
-8.906662596891726     0.6894725443989486
-8.847366235827392     0.7157807369209142
-8.788069874763057     0.7060597772854821
-8.728773513698723     0.6558979929265913
-8.66947715263439     0.5871425320145407
-8.610180791570055     0.5359843323593156
-8.550884430505722     0.5223005051497683
-8.491588069441388     0.5300591394807089
-8.432291708377054     0.5204950308405446
-8.37299534731272     0.46707521671509333
-8.313698986248387     0.3792707878604301
-8.254402625184053     0.2948287691044934
-8.195106264119719     0.25099194035224354
-8.135809903055385     0.26030193804281626
-8.076513541991051     0.307879535544058
-8.017217180926718     0.37021085850272784
-7.957920819862382     0.4408709827541849
-7.898624458798048     0.5396451335812871
-7.8393280977337145     0.689650157822678
-7.780031736669381     0.8775899914986767
-7.720735375605047     1.039312624019177
-7.661439014540713     1.098143606360853
-7.602142653476379     1.0299025357116804
-7.542846292412046     0.892904688859931
-7.483549931347712     0.7894849435648471
-7.424253570283378     0.789448288352118
-7.364957209219044     0.8787732571181931
-7.3056608481547105     0.9747195283352518
-7.246364487090377     0.997679284073939
-7.187068126026043     0.9460560529324535
-7.127771764961707     0.9127338301236974
-7.068475403897374     1.021842538035177
-7.00917904283304     1.3250838102545304
-6.949882681768706     1.7336618639646761
-6.890586320704372     2.0494659269686246
-6.8312899596400385     2.092203388286502
-6.771993598575705     1.8319325020152697
-6.712697237511371     1.4165095004656187
-6.653400876447037     1.0735063026424958
-6.594104515382703     0.9729360664745483
-6.53480815431837     1.1461382535358147
-6.475511793254036     1.489758504334125
-6.416215432189702     1.8364295295690805
-6.356919071125368     2.060410821838384
-6.2976227100610345     2.1654966433276552
-6.238326348996699     2.2872897971769977
-6.179029987932365     2.585227808137323
-6.119733626868031     3.0929887016987805
-6.060437265803698     3.654067239676048
-6.001140904739364     4.018641211066773
-5.94184454367503     4.039546574307406
-5.882548182610698     3.800505445425483
-5.823251821546361     3.5605903861926045
-5.763955460482027     3.5742834454157424
-5.704659099417693     3.953008398195213
-5.645362738353359     4.650698272672159
-5.5860663772890256     5.511718984027227
-5.526770016224692     6.30684095629482
-5.467473655160358     6.77673736202842
-5.408177294096024     6.729194274851863
-5.34888093303169     6.156104111299789
-5.289584571967357     5.276399618682701
-5.230288210903023     4.450987521519986
-5.170991849838689     4.002786176779693
-5.111695488774355     4.038299542517705
-5.0523991277100215     4.381226006979536
-4.993102766645688     4.675705597137923
-4.933806405581354     4.604668693652104
-4.87451004451702     4.0783213494896335
-4.815213683452686     3.2681211944697703
-4.755917322388353     2.478335320710701
-4.696620961324019     1.95599665734016
-4.637324600259685     1.7618802255139592
-4.578028239195351     1.7687599040256876
-4.5187318781310175     1.7713116372938158
-4.459435517066684     1.6262399423682572
-4.40013915600235     1.3262073987089062
-4.340842794938016     0.9682200956021333
-4.281546433873682     0.6641479683905549
-4.222250072809349     0.4734321460450814
-4.162953711745011     0.39348580799419797
-4.1036573506806775     0.3861591103993442
-4.044360989616344     0.40597654637479064
-3.98506462855201     0.41679423729431864
-3.925768267487676     0.39965430104266114
-3.8664719064233424     0.35433729947331927
-3.8071755453590086     0.294097623672585
-3.747879184294675     0.23582685111180476
-3.688582823230341     0.19110641168013504
-3.6292864621660073     0.16234557696312613
-3.5699901011016735     0.14463650702605668
-3.5106937400373397     0.13102121989704538
-3.451397378973006     0.11739873865522456
-3.392101017908672     0.10410676254601127
-3.3328046568443384     0.09394668341911835
-3.2735082957800046     0.08885303923406243
-3.214211934715671     0.08799184776022767
-3.154915573651337     0.08871458109331638
-3.0956192125870032     0.08916427821026354
-3.0363228515226695     0.08966010978187483
-2.9770264904583357     0.09150583088444418
-2.917730129394002     0.09498586909794995
-2.858433768329668     0.09904814626068142
-2.7991374072653343     0.10278205392736538
-2.7398410462010006     0.10659210823553499
-2.6805446851366668     0.11158575353552329
-2.621248324072333     0.11802901022756469
-2.561951963007999     0.12476905071740382
-2.5026556019436654     0.130190673506875
-2.443359240879328     0.13351802958466527
-2.3840628798149943     0.1352456159702345
-2.3247665187506605     0.13669443301747874
-2.2654701576863268     0.13919805316248646
-2.206173796621993     0.14304983780102448
-2.146877435557659     0.14657116445029056
-2.0875810744933254     0.14640285377841264
-2.0282847134289916     0.13953727549405387
-1.9689883523646579     0.12573339054336596
-1.909691991300324     0.10824359764807047
-1.8503956302359903     0.09228191539088405
-1.7910992691716565     0.08252738256324484
-1.7318029081073227     0.08126009984101884
-1.672506547042989     0.08775344360785851
-1.6132101859786552     0.09873482642272238
-1.5539138249143214     0.10960321478299304
-1.4946174638499876     0.11610584975162008
-1.4353211027856538     0.11599355403367882
-1.37602474172132     0.11000902305082534
-1.3167283806569863     0.10160823370833173
-1.2574320195926525     0.09524590646386195
-1.1981356585283187     0.0939798031049906
-1.138839297463985     0.09791787968991496
-1.0795429363996512     0.10458928305432053
-1.0202465753353174     0.11078674886828693
-0.9609502142709836     0.11434189261194364
-0.9016538532066498     0.11471279057386158
-0.842357492142316     0.112460798583583
-0.7830611310779787     0.10833931967341959
-0.7237647700136449     0.10260031840898902
-0.6644684089493111     0.09488328594173075
-0.6051720478849774     0.08480047951276046
-0.5458756868206436     0.07277526496002408
-0.4865793257563098     0.06028031541108679
-0.427282964691976     0.049136962186288345
-0.36798660362764224     0.040530784241448715
-0.30869024256330846     0.03458973204555926
-0.24939388149897468     0.030620909345932267
-0.1900975204346409     0.027552909342030252
-0.13080115937030712     0.0243346859913886
-0.07150479830597334     0.02032848391204994
-0.012208437241639558     0.015586836293194153
0.04708792382269422     0.010753046235647656
0.106384284887028     0.006602175523271432
0.16568064595136178     0.0035922851286141018
0.22497700701569556     0.0017356883214058483
0.28427336808002934     0.0007592188998459126
0.3435697291443631     0.0003290444628126201
0.4028660902086969     0.00018296930374855482
0.4621624512730307     0.0001568624207945412
0.5214588123373645     0.00016141085447855084
0.5807551734016982     0.0001558311819777784
0.640051534466032     0.00013116444025060284
0.6993478955303658     9.677334061209467e-05
0.7586442565946996     6.610995162762317e-05
0.8179406176590334     4.62228764477368e-05
0.8772369787233707     3.569765034656253e-05
0.9365333397877045     2.9213301506322123e-05
0.9958297008520383     2.2809421430587575e-05
1.055126061916372     1.5805731685712007e-05
1.1144224229807058     9.563730709671027e-06
1.1737187840450396     5.6219663271230045e-06
1.2330151451093734     5.079278550550571e-06
1.2923115061737072     9.139760256452742e-06
1.351607867238041     1.947939768700407e-05
1.4109042283023747     3.7289732994580954e-05
1.4702005893667085     6.124952099070978e-05
1.5294969504310423     8.628584307809967e-05
1.588793311495376     0.00010500825497269784
1.6480896725597098     0.00011136485910706913
1.7073860336240436     0.00010373684716195628
1.7666823946883774     8.527474581915806e-05
1.8259787557527112     6.185405147319206e-05
1.885275116817045     3.939711458158115e-05
1.9445714778813787     2.186015354772804e-05
2.0038678389457125     1.0474751836089665e-05
2.0631642000100463     4.308800358825871e-06
2.12246056107438     1.5670198428911506e-06
2.181756922138714     7.835221966592431e-07
2.2410532832030476     1.5840001860028967e-06
2.3003496442673814     5.42275621446265e-06
2.359646005331715     1.678322987076338e-05
2.418942366396049     4.4455533962015696e-05
2.4782387274603828     0.00010120950495166485
2.5375350885247165     0.00020004818231117457
2.596831449589054     0.00034738259662907706
2.6561278106533877     0.0005359651052003796
2.7154241717177214     0.000740488056904078
2.774720532782055     0.000918922133185786
2.834016893846389     0.0010258539357846342
2.8933132549107228     0.0010410643504080465
2.9526096159750566     0.0009981610958040607
3.0119059770393903     0.0009832729093762953
3.071202338103724     0.001092639174928108
3.130498699168058     0.001378575369759971
3.1897950602323917     0.0018272266666366933
3.2490914212967255     0.0023797630737069837
3.3083877823610592     0.0029664069203112963
3.367684143425393     0.0035155790518822108
3.426980504489727     0.003939190687243331
3.4862768655540606     0.0041391714228304205
3.5455732266183944     0.004064751226438325
3.604869587682728     0.003772765015306623
3.664165948747062     0.003406609633928623
3.7234623098113957     0.0030898481660985066
3.7827586708757295     0.0028380367773147403
3.8420550319400633     0.0025784104554493702
3.901351393004397     0.0022444478948007974
3.960647754068731     0.001839986990828951
4.019944115133065     0.0014234695998316862
4.079240476197398     0.0010545887997589827
4.138536837261732     0.0007633322574034191
4.197833198326066     0.0005542865887141827
4.257129559390403     0.0004213664869648141
4.316425920454737     0.00035188360273342805
4.375722281519071     0.0003223799925284633
4.435018642583405     0.0003012216646596026
4.494315003647738     0.0002631073000494901
4.553611364712072     0.0002028711831841714
4.612907725776406     0.000134182001407067
4.67220408684074     7.516070335322652e-05
4.7315004479050735     3.545835714223725e-05
4.790796808969407     1.4055894477419576e-05
4.850093170033741     4.6770879564798e-06
4.909389531098075     1.3058202744955049e-06
4.968685892162409     3.05845402042478e-07
5.027982253226742     6.008922692178297e-08
5.087278614291076     9.9026732646034e-09
5.14657497535541     1.368872471014636e-09
5.205871336419744     1.587177267647427e-10
5.2651676974840775     1.5436135096106754e-11
5.324464058548411     1.2592207499941812e-12
5.383760419612745     8.616186850380094e-14
5.443056780677079     4.9451353458523324e-15
5.502353141741413     2.3806253324985973e-16
5.561649502805746     9.612883836750168e-18
5.62094586387008     3.25586287165914e-19
5.680242224934414     9.249713478270378e-21
5.739538585998748     2.2041452845489504e-22
5.798834947063082     4.405568073147044e-24
5.858131308127415     7.386069271591363e-26
5.917427669191749     1.0386628489428055e-27
5.9767240302560865     1.2251403120930486e-29
6.03602039132042     1.225746727098098e-31
6.095316752384754     2.2228542880450623e-31
6.154613113449088     3.0144195522310833e-29
6.213909474513422     3.4444170215431435e-27
6.273205835577755     3.3012439437280017e-25
6.332502196642089     2.65392881238575e-23
6.391798557706423     1.7895782073167457e-21
6.451094918770757     1.0121895673904437e-19
6.5103912798350905     4.802007037281329e-18
6.569687640899424     1.9108803249548587e-16
6.628984001963758     6.3781385157240175e-15
6.688280363028092     1.7856821853089907e-13
6.747576724092426     4.19337929854874e-12
6.806873085156759     8.259882899067838e-11
6.866169446221093     1.3646880811476532e-09
6.925465807285427     1.8912227233203924e-08
6.984762168349761     2.198374825832856e-07
7.0440585294140945     2.143436558743429e-06
7.103354890478428     1.7529497216656473e-05
7.162651251542762     0.00012024817774919814
7.221947612607096     0.0006918923269470702
7.28124397367143     0.0033392694675035287
7.340540334735763     0.013518315291838168
7.399836695800097     0.04590559035684058
7.459133056864431     0.13077259654675183
7.518429417928765     0.3125875618874794
7.5777257789930985     0.6273099712451926
7.637022140057436     1.05854446501085
7.69631850112177     1.5078996445040278
7.755614862186103     1.831685337450584
7.814911223250437     1.9439206239666726
7.874207584314771     1.896330794293428
7.933503945379105     1.8371482162165294
7.9928003064434385     1.868894822235689
8.052096667507772     1.945558636287809
8.111393028572106     1.9182149285319219
8.17068938963644     1.6806487551117038
8.229985750700774     1.265223551522541
8.289282111765107     0.8065534841890335
8.348578472829441     0.43294284878815753
8.407874833893775     0.1957680955618792
8.467171194958109     0.07706896607358954
8.526467556022443     0.03688815889666914
8.585763917086776     0.05310382336382384
8.64506027815111     0.13932461437868401
8.704356639215444     0.3443493813022573
8.763653000279778     0.7298528664958169
8.822949361344111     1.3206457589928247
8.882245722408445     2.0462717983515257
8.941542083472779     2.7241883781902168
9.000838444537113     3.1251510585515883
9.060134805601447     3.0974863740216207
9.11943116666578     2.6657053531273327
9.178727527730114     2.028802737964898
9.238023888794448     1.4601675521345645
9.297320249858782     1.1794465009574067
9.356616610923119     1.268450030714396
9.415912971987453     1.6582279397678803
9.475209333051787     2.17748601610956
9.53450569411612     2.634970445499055
9.593802055180454     2.8960177801280738
9.653098416244788     2.921124453537589
9.712394777309122     2.7643967322800083
9.771691138373455     2.5390659016678216
9.83098749943779     2.347758444018255
9.890283860502123     2.206171977157158
9.949580221566457     2.033548941182177
10.00887658263079     1.7381585254299758
10.068172943695124     1.3156668404942642
10.127469304759455     0.8579066863966409
10.186765665823796     0.475139364814851
10.24606202688813     0.2219990280927675
10.305358387952463     0.08723088455321769
10.364654749016797     0.02878439184854132
10.42395111008113     0.007971291832774459
10.483247471145464     0.0018520676944868031
10.542543832209798     0.00036098033085985726
10.601840193274132     5.901996990911478e-05
10.661136554338466     8.111074343216695e-06
10.7204329154028     1.0383621589926072e-06
10.779729276467133     6.42059944648378e-07
10.839025637531467     2.3941080698797547e-06
10.8983219985958     8.685110671295467e-06
10.957618359660135     2.6702121102040687e-05
11.016914720724468     6.989860094574099e-05
11.076211081788802     0.0001580167363345456
11.135507442853136     0.0003161508766033928
11.19480380391747     0.000579742277412607
11.254100164981804     0.0010088078339471759
11.313396526046137     0.0016884114154511224
11.372692887110471     0.0026707152252437036
11.431989248174805     0.00386072344030722
11.491285609239139     0.004954986320307282
11.550581970303472     0.005563633184975585
11.609878331367806     0.005476436951186276
11.66917469243214     0.0048378509579872055
11.728471053496474     0.004046351141985994
11.787767414560808     0.003466806703765324
11.847063775625141     0.0032199529549708137
11.906360136689475     0.0032013433118473467
11.965656497753809     0.003243694019794963
12.024952858818143     0.0032383823847043415
12.084249219882476     0.0031383625342948085
12.14354558094681     0.002912249595598448
12.202841942011144     0.0025400874661749783
12.262138303075478     0.0020517842718558665
12.321434664139812     0.001547126108735163
12.380731025204145     0.0011654096390637087
12.44002738626848     0.0010293299700036272
12.499323747332813     0.001204438427142269
12.558620108397147     0.0017097746796547377
12.61791646946148     0.002622099949160006
12.677212830525814     0.0042950922188276
12.736509191590148     0.007591981660430061
12.795805552654482     0.013837620004130073
12.855101913718816     0.024161568072762245
12.91439827478315     0.038322547502677655
12.973694635847483     0.05386134971949249
13.032990996911817     0.06665709916088759
13.09228735797615     0.0729192455528793
13.151583719040485     0.07120268988295332
13.210880080104818     0.0629777124040595
13.270176441169152     0.051668270233372476
13.329472802233486     0.04105490148316176
13.38876916329782     0.03376194153346997
13.448065524362153     0.030288666239164902
13.507361885426487     0.029142551145478802
13.566658246490828     0.02819983633979186
13.625954607555162     0.026336902105453495
13.685250968619496     0.02398349228563707
13.74454732968383     0.022290512518393164
13.803843690748163     0.021911834303476208
13.863140051812497     0.02249795067985213
13.92243641287683     0.023102338052214386
13.981732773941165     0.023030604233778784
14.041029135005498     0.022599232093791985
14.100325496069832     0.023372460045317872
14.159621857134166     0.027599805543776723
14.2189182181985     0.036991046625625044
14.278214579262833     0.051472531525119845
14.337510940327167     0.0687267603335419
14.396807301391501     0.0849252470745684
14.456103662455835     0.09631128939129921
14.515400023520169     0.10072628210390223
14.574696384584502     0.09837658755992407
14.633992745648836     0.09185940529660819
14.69328910671317     0.08567362989917043
14.752585467777504     0.08495628792174616
14.811881828841837     0.09322114152011153
14.871178189906171     0.11001777124633913
14.930474550970505     0.13041463150315416
14.989770912034839     0.14751554272148898
15.049067273099173     0.15687847834982527
15.108363634163506     0.15957478021060945
15.16765999522784     0.16113574564363783
15.226956356292174     0.16705994546241057
15.286252717356508     0.17863259450689184
15.345549078420841     0.19212427759739667
15.404845439485175     0.20106494910177744
15.464141800549509     0.1993605251389513
15.523438161613843     0.18382579313853023
15.582734522678177     0.15569276951069644
15.64203088374251     0.1204094731259235
15.701327244806844     0.08528015306210482
15.760623605871178     0.0561449573688204
15.819919966935512     0.03535864479520916
15.879216327999846     0.02215721043731936
15.93851268906418     0.01447296331153314
15.997809050128513     0.010577765752190748
16.057105411192847     0.009719390725444409
16.11640177225718     0.011855579186466196
16.175698133321514     0.017038089398757405
16.234994494385848     0.02508850034773275
16.294290855450182     0.035854978669530295
16.353587216514516     0.0495278383631997
16.41288357757885     0.06618194439290463
16.472179938643183     0.08487186246481586
16.531476299707517     0.10398155197998939
16.59077266077185     0.12341557276013077
16.650069021836185     0.14589651712227475
16.70936538290052     0.17391416833820486
16.768661743964852     0.20386426730713406
16.827958105029186     0.2243698354364942
16.88725446609352     0.22310194925342328
16.94655082715786     0.1967858256257418
17.005847188222194     0.15450673024246128
17.065143549286528     0.11136002613746776
17.124439910350862     0.0791848370662653
17.183736271415196     0.0626087585756267
17.24303263247953     0.06293699994258056
17.302328993543863     0.08704273600901859
17.361625354608197     0.155378273739481
17.42092171567253     0.3006465201642249
17.480218076736865     0.5502452677389741
17.5395144378012     0.8983667594272846
17.598810798865532     1.2905897038534242
17.658107159929866     1.6405010787148926
17.7174035209942     1.8683316934714993
17.776699882058534     1.9331949257461465
17.835996243122867     1.8502680799130238
17.8952926041872     1.7031093108386
17.954588965251535     1.639448873966084
18.01388532631587     1.8184324885205734
18.073181687380202     2.314936777287108
18.132478048444536     3.04829182642674
18.19177440950887     3.8063599874977183
18.251070770573204     4.361951207443725
18.310367131637538     4.596576910344695
18.36966349270187     4.542621161672593
18.428959853766205     4.330376383944571
18.48825621483054     4.09387046109372
18.547552575894873     3.896559921026316
18.606848936959206     3.715915134151112
18.66614529802354     3.494012695569044
18.725441659087874     3.2106732161711466
18.784738020152208     2.9094784000967087
18.84403438121654     2.65483011946616
18.903330742280875     2.473457226829881
18.96262710334521     2.3461633814178624
19.021923464409543     2.2525863414471683
19.081219825473877     2.2074980209592407
19.14051618653821     2.235851494268429
19.199812547602544     2.309620180061353
19.259108908666878     2.3258809993941902
19.318405269731212     2.1687110214691923
19.377701630795546     1.802770047144153
19.43699799185988     1.3064174957223125
19.496294352924213     0.8152617420786589
19.555590713988547     0.43509484784537955
19.61488707505288     0.1977326237734992
19.674183436117215     0.07629096972613722
19.73347979718155     0.024932616514359063
19.792776158245882     0.006893058023424179
19.852072519310216     0.0016414333200192766
19.91136888037455     0.0005342929049188846
19.970665241438883     0.0011964746513360687
20.029961602503217     0.005033708303286426
20.08925796356755     0.018522150258919717
20.148554324631885     0.05724453754573414
20.20785068569622     0.14840387726859708
20.267147046760552     0.3227059697239967
20.326443407824893     0.5885991256802089
20.385739768889227     0.9005087492656574
20.44503612995356     1.1556833703822704
20.504332491017895     1.2445761311563852
20.56362885208223     1.1268443308288383
20.622925213146562     0.8668412537407743
20.682221574210896     0.5987173166810879
20.74151793527523     0.4635549386726608
20.800814296339563     0.573834162821275
20.860110657403897     1.0008386256553026
20.91940701846823     1.7395883901214089
20.978703379532565     2.652149577780083
21.0379997405969     3.4685793880476212
21.097296101661232     3.909275789466953
21.156592462725566     3.858491587308307
21.2158888237899     3.4265267898954446
21.275185184854234     2.8394036805118685
21.334481545918567     2.281566199400544
21.3937779069829     1.8417756296841181
21.453074268047235     1.5550750138119256
21.51237062911157     1.4290085385397335
21.571666990175903     1.417579936043787
21.630963351240236     1.4165681031849726
21.69025971230457     1.3315309908932578
21.749556073368904     1.1611280949995053
21.808852434433238     1.002237510150243
21.86814879549757     0.9631150085797973
21.927445156561905     1.0633069102959865
21.98674151762624     1.2083479582714285
22.046037878690573     1.2591859050410943
