-21.892592881365374     4.1221953266217947e-05
-21.833296960971236     4.943157863127138e-05
-21.774001040577097     5.92012867872102e-05
-21.714705120182956     7.067580244817807e-05
-21.655409199788817     8.042100016833537e-05
-21.59611327939468     8.341810430265917e-05
-21.53681735900054     7.780123725989795e-05
-21.4775214386064     6.762891547591186e-05
-21.41822551821226     6.0946601371954535e-05
-21.358929597818122     6.510409865743932e-05
-21.299633677423984     8.286893059604108e-05
-21.24033775702984     0.00011093411318801546
-21.181041836635703     0.00014095695271681592
-21.121745916241565     0.0001631231249837818
-21.062449995847427     0.00017096141844543736
-21.003154075453285     0.00016444383365782543
-20.943858155059146     0.00014985915416316036
-20.884562234665008     0.00013861259979375647
-20.82526631427087     0.00014724399789336356
-20.765970393876728     0.0001960767535795146
-20.70667447348259     0.0003005630114907821
-20.64737855308845     0.0004548438481449371
-20.588082632694313     0.0006196961236057218
-20.52878671230017     0.0007328927596046592
-20.469490791906033     0.0007442338042039275
-20.410194871511894     0.0006495446310031431
-20.350898951117756     0.0004921472146311354
-20.291603030723614     0.00033066773539967376
-20.232307110329476     0.00020415598193788308
-20.173011189935337     0.00012162528067310077
-20.1137152695412     7.40046677178562e-05
-20.05441934914706     4.9500202126856516e-05
-19.99512342875292     4.0383148467006155e-05
-19.93582750835878     4.2610750439248625e-05
-19.876531587964642     5.402936318463835e-05
-19.8172356675705     7.345095274504003e-05
-19.757939747176362     9.95841841549223e-05
-19.698643826782224     0.00012944323000732902
-19.639347906388085     0.00015812014310887586
-19.580051985993947     0.00018127615662970792
-19.520756065599805     0.00019819509263325317
-19.461460145205667     0.0002119620482834235
-19.40216422481153     0.00022684399563741565
-19.34286830441739     0.0002458177599765349
-19.28357238402325     0.0002689621827339588
-19.22427646362911     0.00029141653723786706
-19.16498054323497     0.0003030106117483259
-19.105684622840833     0.00029382908881830916
-19.04638870244669     0.0002634489593485408
-18.987092782052553     0.00022412555978775203
-18.927796861658415     0.00019250615663604474
-18.868500941264276     0.00017707954496869966
-18.809205020870134     0.00017353404183076607
-18.749909100475996     0.00017139360300652876
-18.690613180081858     0.00016389331393691094
-18.63131725968772     0.00015180714693020079
-18.572021339293578     0.00013991206725214343
-18.51272541889944     0.00013136872754516068
-18.4534294985053     0.0001250389756835823
-18.394133578111163     0.00011708363288064456
-18.334837657717024     0.00010498577618876273
-18.275541737322882     9.029309184054229e-05
-18.216245816928744     7.725041153302297e-05
-18.156949896534606     6.857749372995525e-05
-18.097653976140464     6.286652160340542e-05
-18.038358055746325     5.62360614877078e-05
-17.979062135352187     4.6145132402445113e-05
-17.91976621495805     3.3388841503492654e-05
-17.86047029456391     2.0889339686453393e-05
-17.80117437416977     1.1201528330555883e-05
-17.74187845377563     5.1276424790537945e-06
-17.682582533381492     1.999433005443377e-06
-17.62328661298735     6.630815453027992e-07
-17.56399069259321     1.867583345604495e-07
-17.504694772199073     4.460985413122332e-08
-17.445398851804935     9.024161972797984e-09
-17.386102931410797     1.5438891586855468e-09
-17.326807011016655     2.2310303166968254e-10
-17.267511090622516     2.7200349820779445e-11
-17.208215170228378     2.7950034843402558e-12
-17.148919249834236     2.4185180999726263e-13
-17.0896233294401     1.7609792819130463e-14
-17.03032740904596     1.0782744427283692e-15
-16.97103148865182     5.549501225316354e-17
-16.911735568257683     2.399651328632781e-18
-16.85243964786354     8.714973369683741e-20
-16.793143727469403     2.6576042013280993e-21
-16.733847807075264     6.80341182470358e-23
-16.674551886681126     1.461841603089343e-24
-16.615255966286988     2.6360350055617365e-26
-16.555960045892846     3.9887042727639765e-28
-16.496664125498707     5.0641279438057776e-30
-16.43736820510457     5.394359316127821e-32
-16.378072284710427     4.820741984701486e-34
-16.31877636431629     3.61416614188171e-36
-16.25948044392215     2.2730440962930542e-38
-16.200184523528012     1.1992274106595184e-40
-16.140888603133874     5.307378185644596e-43
-16.081592682739732     1.9703170982721186e-45
-16.022296762345594     6.13570040886122e-48
-15.963000841951455     1.6027272626899055e-50
-15.903704921557315     3.511715472618212e-53
-15.844409001163175     8.11785599101607e-56
-15.785113080769037     1.0235397265115077e-53
-15.725817160374898     5.2817455799860285e-51
-15.666521239980758     2.28615340695962e-48
-15.607225319586618     8.300115907404415e-46
-15.54792939919248     2.5276319767356066e-43
-15.488633478798342     6.456459344810327e-41
-15.429337558404201     1.383330321541191e-38
-15.370041638010061     2.4860408934998555e-36
-15.310745717615923     3.7474990886222056e-34
-15.251449797221785     4.738334318537292e-32
-15.192153876827646     5.025285720582002e-30
-15.132857956433506     4.470403402357163e-28
-15.073562036039366     3.3356737448789865e-26
-15.014266115645228     2.0877154936315826e-24
-14.95497019525109     1.095998495283836e-22
-14.89567427485695     4.826135348718884e-21
-14.83637835446281     1.7825426635989274e-19
-14.77708243406867     5.5224432886504936e-18
-14.717786513674533     1.4350713435696483e-16
-14.658490593280392     3.1279990738766795e-15
-14.599194672886252     5.718875411594601e-14
-14.539898752492114     8.770120304486985e-13
-14.480602832097976     1.1281097749783089e-11
-14.421306911703835     1.2171611163833278e-10
-14.362010991309695     1.1015283356492515e-09
-14.302715070915557     8.361692127779245e-09
-14.243419150521419     5.3240677005550474e-08
-14.184123230127279     2.8434386596127795e-07
-14.124827309733138     1.2737818700532463e-06
-14.065531389339     4.786269986920938e-06
-14.006235468944862     1.5085174959781689e-05
-13.946939548550722     3.987997899084283e-05
-13.887643628156583     8.843259753859105e-05
-13.828347707762443     0.00016448583246360927
-13.769051787368305     0.0002566408834839881
-13.709755866974165     0.00033596502033292884
-13.650459946580026     0.0003693166352884525
-13.591164026185886     0.0003421421758862932
-13.531868105791748     0.0002715948916760451
-13.472572185397608     0.00020002155515565166
-13.41327626500347     0.00018475801168608847
-13.35398034460933     0.00031529106929712374
-13.294684424215191     0.0007733662027752559
-13.235388503821051     0.0018983313928533617
-13.176092583426913     0.0041407396654044235
-13.116796663032773     0.007771309735222375
-13.057500742638634     0.012409160181725127
-12.998204822244494     0.016788481442663313
-12.938908901850356     0.019241215060941914
-12.879612981456216     0.01876879388396011
-12.820317061062077     0.015817316498543205
-12.761021140667937     0.011972957027325617
-12.701725220273799     0.008823484209043574
-12.642429299879659     0.007015342214522742
-12.58313337948552     0.006234105982204501
-12.52383745909138     0.00598366181822078
-12.464541538697242     0.006644403384693448
-12.405245618303102     0.010548425925887416
-12.345949697908964     0.022933941542801917
-12.286653777514825     0.05177443614921777
-12.227357857120685     0.10430256484008767
-12.168061936726547     0.17948643370192416
-12.108766016332407     0.26142064368878365
-12.049470095938268     0.3230386689926882
-11.990174175544128     0.34316190491138154
-11.93087825514999     0.3245846100562068
-11.87158233475585     0.29493207965889806
-11.812286414361711     0.2871508355116424
-11.752990493967571     0.31762866936262935
-11.693694573573433     0.3824269956813881
-11.634398653179293     0.4725241537044178
-11.575102732785155     0.5885196000195579
-11.515806812391014     0.7373247796868483
-11.456510891996876     0.9176784051511463
-11.397214971602736     1.1174949929727245
-11.337919051208598     1.3281107916012842
-11.278623130814458     1.5506772537365376
-11.21932721042032     1.7764770024353498
-11.160031290026179     1.964205664087035
-11.10073536963204     2.0524615425249673
-11.0414394492379     2.0049151480975227
-10.982143528843762     1.8421928430488328
-10.922847608449622     1.6280722725043155
-10.863551688055484     1.4268306386791478
-10.804255767661344     1.2697489844326286
-10.744959847267205     1.1486136637569537
-10.685663926873065     1.0307344162410461
-10.626368006478927     0.8842290565709549
-10.567072086084787     0.7011136573873837
-10.507776165690649     0.5037042330674557
-10.44848024529651     0.32904699447282365
-10.38918432490237     0.2044640697234581
-10.329888404508232     0.13394609891621934
-10.270592484114092     0.10241934246355146
-10.211296563719953     0.08932644176560153
-10.152000643325813     0.07981985366166268
-10.092704722931675     0.06842678261393394
-10.033408802537535     0.05647412452557388
-9.974112882143396     0.04721371607113128
-9.914816961749256     0.04243049802333198
-9.855521041355118     0.04200689272044644
-9.796225120960978     0.04498640446353414
-9.73692920056684     0.05007108133912334
-9.6776332801727     0.05552172145987441
-9.618337359778561     0.059736664575790924
-9.559041439384421     0.062401506583890425
-9.499745518990283     0.06454750782814904
-9.440449598596143     0.06697768454506704
-9.381153678202004     0.06884577397855537
-9.321857757807864     0.06819706742384227
-9.262561837413726     0.0638926096109816
-9.203265917019586     0.05685222169013238
-9.143969996625447     0.04963462268368351
-9.084674076231307     0.04505932919559063
-9.025378155837169     0.04484045405912578
-8.966082235443029     0.04867908373322329
-8.90678631504889     0.0542569023201233
-8.84749039465475     0.05861755182831
-8.788194474260612     0.06043852087778736
-8.728898553866472     0.061465821424688045
-8.669602633472334     0.06590064022080484
-8.610306713078195     0.07894590687125157
-8.551010792684055     0.10768136531954758
-8.491714872289917     0.16648810672926664
-8.432418951895777     0.28421027931663206
-8.373123031501638     0.5022699539182879
-8.313827111107498     0.8506730338126041
-8.25453119071336     1.307466142245796
-8.19523527031922     1.7830084269015432
-8.135939349925081     2.176628278598745
-8.076643429530941     2.4862641134703587
-8.017347509136803     2.8630063367157903
-7.958051588742663     3.516651108462884
-7.8987556683485245     4.524594489829304
-7.839459747954384     5.725619485717749
-7.780163827560246     6.8246709993267185
-7.720867907166106     7.623721811895568
-7.661571986771968     8.149054713205494
-7.6022760663778275     8.539383287934815
-7.542980145983689     8.808370146085021
-7.483684225589549     8.7391506593519
-7.424388305195411     8.046064409929095
-7.365092384801271     6.660173629433791
-7.305796464407132     4.8532590199511185
-7.246500544012992     3.078778688782935
-7.187204623618854     1.694571270301101
-7.127908703224714     0.8124682201445335
-7.068612782830575     0.34474102829502945
-7.009316862436435     0.13590875601630403
-6.950020942042297     0.057246358656944496
-6.890725021648157     0.032527839376913774
-6.8314291012540185     0.025687800805856875
-6.772133180859878     0.022671074052460057
-6.71283726046574     0.019476837640010243
-6.653541340071602     0.015962073819908724
-6.594245419677462     0.012806240133559884
-6.534949499283323     0.010293167272662341
-6.475653578889183     0.008263373064626267
-6.416357658495045     0.006535690974871257
-6.357061738100905     0.005183642260699098
-6.297765817706766     0.004482968468108438
-6.238469897312626     0.004689167449751298
-6.179173976918488     0.005823620531955264
-6.119878056524348     0.007549268227954179
-6.0605821361302095     0.009207541118592849
-6.001286215736069     0.010088557873398508
-5.941990295341931     0.009856289021716378
-5.882694374947793     0.008830321979732771
-5.823398454553651     0.007841096260501999
-5.7641025341595125     0.007730301095395031
-5.704806613765374     0.00890250796112846
-5.645510693371236     0.011241852170248515
-5.586214772977094     0.014305638778929928
-5.526918852582956     0.017491794938585003
-5.467622932188817     0.020077083758892198
-5.408327011794679     0.021330130452114314
-5.349031091400537     0.020874643200076363
-5.289735171006399     0.01909326404208554
-5.23043925061226     0.01709543917653496
-5.171143330218122     0.01605462836733009
-5.11184740982398     0.01636710966938552
-5.052551489429842     0.017397471333537456
-4.9932555690357034     0.018101852677426297
-4.933959648641565     0.0179586351035264
-4.874663728247423     0.017312248912270414
-4.815367807853285     0.016856969442928603
-4.7560718874591466     0.016897529222394864
-4.696775967065008     0.01722440641822564
-4.63748004667087     0.017741750777588307
-4.578184126276728     0.01916183858187921
-4.51888820588259     0.022953099726575537
-4.459592285488451     0.03034414613982618
-4.400296365094313     0.04099787764459698
-4.341000444700171     0.052463367425968285
-4.281704524306033     0.06123512405856387
-4.222408603911894     0.06492606111890943
-4.163112683517756     0.06366919210424808
-4.103816763123614     0.059378450736756315
-4.044520842729476     0.053923229502588294
-3.9852249223353375     0.04862907288584032
-3.925929001941199     0.04592121546492351
-3.8666330815470573     0.05145706270376505
-3.807337161152919     0.07437301515560642
-3.7480412407587806     0.12396205306023006
-3.6887453203646423     0.20246531440716184
-3.6294493999705004     0.29714572052170923
-3.570153479576362     0.3794018617823748
-3.5108575591822238     0.4171071139886687
-3.4515616387880854     0.3946458558142255
-3.3922657183939435     0.32450098787144854
-3.332969797999805     0.24024234541913325
-3.273673877605667     0.17890185625188987
-3.2143779572115285     0.16930297814548423
-3.1550820368173866     0.23266441477596267
-3.0957861164232483     0.38678017164369816
-3.03649019602911     0.6427950562602517
-2.9771942756349716     0.9962565291134489
-2.9178983552408297     1.426303825281736
-2.8586024348466914     1.9081269238347687
-2.799306514452553     2.419380640253179
-2.7400105940584147     2.9226244443899896
-2.6807146736642764     3.3495781633644577
-2.6214187532701345     3.6342980349760916
-2.562122832875996     3.7814445721649554
-2.502826912481858     3.8841902970987365
-2.4435309920877195     4.046409577446829
-2.3842350716935776     4.284611674365268
-2.3249391512994393     4.520702269353699
-2.265643230905301     4.669763854513615
-2.2063473105111626     4.718502012803108
-2.1470513901170207     4.716035246612866
-2.0877554697228824     4.707692586247587
-2.028459549328744     4.690702872054198
-1.9691636289346057     4.623394434499436
-1.9098677085404638     4.461443135876784
-1.8505717881463255     4.186765978976534
-1.7912758677521872     3.816512861665945
-1.7319799473580488     3.3947779993087357
-1.672684026963907     2.9732918858888486
-1.6133881065697686     2.5897258828238767
-1.5540921861756303     2.2551688563891727
-1.494796265781492     1.9587946488218457
-1.43550034538735     1.6855136725207156
-1.3762044249932117     1.4320926102553702
-1.3169085045990734     1.2098402184090433
-1.257612584204935     1.034243588390344
-1.1983166638107932     0.9120449944337141
-1.1390207434166548     0.8365264686594731
-1.0797248230225165     0.7932230230148882
-1.0204289026283782     0.7692371540609598
-0.9611329822342398     0.7581181008653998
-0.9018370618400979     0.7584033235400194
-0.8425411414459596     0.7697031348440345
-0.7832452210518213     0.7903934110151953
-0.7239493006576829     0.8175484384848687
-0.664653380263541     0.8477901713680874
-0.6053574598694027     0.8782963746639316
-0.5460615394752644     0.9069736383547361
-0.48676561908112603     0.930072167899823
-0.42746969868698415     0.9391691708390876
-0.3681737782928458     0.9247343532643071
-0.3088778578987075     0.8888695397023737
-0.24958193750456914     0.8554190538145232
-0.19028601711042725     0.8606019979598514
-0.13099009671628892     0.9239544623191825
-0.07169417632215058     1.0224971685511952
-0.012398255928012247     1.0943967256614346
0.04689766446612964     1.0750943289745318
0.10619358486026798     0.9397364739394882
0.1654895052544063     0.7188593519719567
0.22478542564854465     0.4768213889872571
0.28408134604268653     0.27290231303972046
0.34337726643682487     0.1349310047886097
0.4026731868309632     0.05877093501197261
0.46196910722510154     0.02435692059086175
0.5212650276192434     0.011585096399520396
0.5805609480133818     0.007516166376668508
0.6398568684075201     0.006263651545566848
0.6991527888016584     0.0061162139250386
0.7584487091958003     0.006830294651203562
0.8177446295899387     0.008062700378794006
0.877040549984077     0.009009334858859606
0.9363364703782153     0.008874570587010458
0.9956323907723537     0.007469196569290387
1.0549283111664955     0.0053174486011268235
1.1142242315606339     0.0032317390939905436
1.1735201519547722     0.0018388044715035654
1.2328160723489106     0.0014828105231560786
1.2921119927430524     0.0024579598797669472
1.3514079131371908     0.005178173190093076
1.410703833531329     0.009947596544454826
1.4699997539254674     0.01639456418367072
1.5292956743196093     0.023101094472585276
1.5885915947137477     0.027995904742082765
1.647887515107886     0.029416490281749353
1.7071834355020243     0.027017032274984615
1.7664793558961662     0.02182124044535889
1.8257752762903046     0.015533398134912453
1.885071196684443     0.009721330002824581
1.9443671170785812     0.005316270120757879
2.003663037472723     0.002528235326216925
2.0629589578668615     0.0010987787181050543
2.122254878261      0.0008074403515410754
2.181550798655138     0.0024373567775503547
2.24084671904928     0.010176249552864603
2.3001426394434183     0.03725510678059172
2.3594385598375567     0.1155975323362009
2.418734480231695     0.3046035857311728
2.478030400625837     0.6855918039008609
2.5373263210199752     1.3286981367275499
2.5966222414141136     2.239540266609564
2.655918161808252     3.3191544183861836
2.715214082202394     4.3697009898709265
2.774510002596532     5.152692270166948
2.8338059229906705     5.494105222439899
2.893101843384809     5.420592779841667
2.952397763778947     5.252743987533177
3.011693684173089     5.527691288262686
3.0709896045672274     6.709901536871695
3.1302855249613657     8.857377881317198
3.189581445355504     11.516298509054318
3.248877365749646     13.961612441819593
3.3081732861437843     15.607299871207745
3.3674692065379226     16.26619775590085
3.426765126932061     16.098522007449013
3.486061047326203     15.389756225473764
3.545356967720341     14.410848912995126
3.6046528881144795     13.420726554196893
3.663948808508618     12.655544880078812
3.7232447289027597     12.21675480681156
3.782540649296898     11.986610667656258
3.8418365696910364     11.706174418910969
3.9011324900851747     11.146008681398913
3.9604284104793166     10.208494891891188
4.019724330873455     8.923602104167227
4.079020251267593     7.4116211462395905
4.138316171661732     5.856348311809963
4.1976120920558735     4.470207650038387
4.256908012450012     3.430800236726644
4.31620393284415     2.8007048941453014
4.3754998532382885     2.4805342130766785
4.43479577363243     2.257086793722738
4.494091694026569     1.9404803055523607
4.553387614420707     1.4828645215967122
4.612683534814845     0.975381517329028
4.671979455208984     0.5441912838607557
4.731275375603126     0.2558951614034057
4.790571295997264     0.10113893313640653
4.849867216391402     0.03355918829968137
4.909163136785541     0.009343774979075762
4.9684590571796825     0.002182511806526623
5.027754977573821     0.00042763495155873863
5.087050897967959     7.028366043954967e-05
5.1463468183620975     9.689300097406846e-06
5.205642738756239     1.1204279535570114e-06
5.264938659150378     1.0867446024208838e-07
5.324234579544516     8.8414284686397e-09
5.383530499938654     6.033488573135667e-10
5.442826420332796     3.453548355856618e-11
5.502122340726935     1.6581107116065608e-12
5.561418261121073     6.677477331365175e-14
5.620714181515211     2.2556007149401228e-15
5.680010101909353     6.390913274577407e-17
5.7393060223034915     1.5188487294256953e-18
5.79860194269763     3.027729113719285e-20
5.857897863091768     5.062562616649824e-22
5.91719378348591     7.100267238444173e-24
5.976489703880048     8.35275759625057e-26
6.035785624274187     8.242063521953877e-28
6.095081544668325     6.82176978501302e-30
6.154377465062467     5.620113792221335e-32
6.213673385456605     1.0119654942620674e-30
6.272969305850744     9.709102242120746e-29
6.332265226244882     7.815588719815971e-27
6.391561146639024     5.277098764349994e-25
6.450857067033162     2.988681555077019e-23
6.5101529874273005     1.4197600782361248e-21
6.569448907821439     5.657195316600064e-20
6.628744828215577     1.8907681680471315e-18
6.688040748609719     5.300615317791206e-17
6.747336669003857     1.2464222377770663e-15
6.806632589397996     2.4584138125366426e-14
6.865928509792134     4.067201459144473e-13
6.925224430186276     5.64400364333371e-12
6.984520350580414     6.569461952044283e-11
7.043816270974553     6.413915964467852e-10
7.103112191368691     5.25252056023342e-09
7.162408111762833     3.6079749264868876e-08
7.221704032156971     2.0787923056598876e-07
7.2809999525511095     1.0046437252582968e-06
7.340295872945248     4.0725883182097e-06
7.39959179333939     1.384832180329441e-05
7.458887713733528     3.9502110254964815e-05
7.518183634127666     9.453977572163571e-05
7.577479554521805     0.00018992247631082805
7.636775474915947     0.00032064275013024925
7.696071395310085     0.00045634688208092187
7.755367315704223     0.0005518824759954971
7.814663236098362     0.000578275290946209
7.8739591564925036     0.0005479375663602947
7.933255076886642     0.0005048119980888402
7.99255099728078     0.00048429818323652196
8.051846917674919     0.0004823313351407443
8.11114283806906     0.0004644563554559546
8.170438758463199     0.00040284271937858127
8.229734678857337     0.0003021511665433648
8.289030599251475     0.00019243174435394807
8.348326519645617     0.00010339969321785424
8.407622440039756     4.737593199284879e-05
8.466918360433894     2.1565162116573527e-05
8.526214280828032     2.167252057186258e-05
8.58551020122217     5.6600860771423994e-05
8.644806121616313     0.0001591815822085119
8.704102042010451     0.00038537174074934367
8.76339796240459     0.0007874722114911239
8.822693882798728     0.0013581025590810147
8.88198980319287     0.0019806388523542426
8.941285723587008     0.002448853751797755
9.000581643981146     0.002574828878639463
9.059877564375284     0.002310579939722074
9.119173484769426     0.0017770385729624673
9.178469405163565     0.0011782871923993739
9.237765325557703     0.0006830348720064373
9.297061245951841     0.0003632541113623798
9.356357166345983     0.0002068128799402491
9.415653086740122     0.00016276323759007892
9.47494900713426     0.00017817317125064713
9.534244927528398     0.00021384697293810612
9.59354084792254     0.00024569747830626554
9.652836768316678     0.00026182781630877146
9.712132688710817     0.0002607449746750249
9.771428609104955     0.00024941849127271815
9.830724529499097     0.00023702799185398214
9.890020449893235     0.00022609120983841605
9.949316370287374     0.0002098002087472354
10.008612290681512     0.00017982213368640586
10.067908211075654     0.00013629394320447113
10.127204131469789     8.895134732605531e-05
10.18650005186393     4.93015682196195e-05
10.245795972258072     2.30517798106277e-05
10.305091892652207     9.064314275523742e-06
10.36438781304635     2.9931846313920575e-06
10.423683733440484     8.295041378543357e-07
10.482979653834626     1.928807200313307e-07
10.542275574228768     3.7750315884550195e-08
10.601571494622902     7.3029819666086156e-09
10.660867415017044     9.238797443298748e-09
10.720163335411186     5.1613803241682675e-08
10.779459255805321     2.656073038996209e-07
10.838755176199463     1.151881826467429e-06
10.898051096593598     4.213531894243053e-06
10.95734701698774     1.306559915092354e-05
11.016642937381881     3.466753493422875e-05
11.075938857776016     8.001885053314121e-05
11.135234778170158     0.00016492495655990124
11.1945306985643     0.00031397115394055135
11.253826618958435     0.0005688063809715816
11.313122539352577     0.0009897493324416947
11.372418459746712     0.0016292619898231595
11.431714380140853     0.002473269675841949
11.491010300534995     0.0033912281443965694
11.55030622092913     0.00415789417659147
11.609602141323272     0.004563824542391148
11.668898061717414     0.004546393728040063
11.728193982111549     0.004232612984716494
11.78748990250569     0.0038474342619923933
11.846785822899825     0.0035686447804146614
11.906081743293967     0.0034661884847947667
11.965377663688109     0.0035570992211060005
12.024673584082244     0.0038554492908973942
12.083969504476386     0.0043155712402697145
12.143265424870528     0.004746952571723174
12.202561345264662     0.004862016355410788
12.261857265658804     0.004466581174008603
12.321153186052939     0.0036142078961873395
12.380449106447081     0.0025724501671357037
12.439745026841223     0.0016471443486793097
12.499040947235358     0.0010283135341558043
12.5583368676295     0.0007544026630538096
12.617632788023634     0.0007705965830757161
12.676928708417776     0.0010140117391207342
12.736224628811918     0.0014800381742329258
12.795520549206053     0.0022401477335848496
12.854816469600195     0.0033845260273203098
12.914112389994337     0.0048985644891320675
12.973408310388471     0.0065580768042416224
13.032704230782613     0.007962590538125994
13.092000151176748     0.008730995507080425
13.15129607157089     0.00871909025540373
13.210591991965032     0.008076186451567444
13.269887912359167     0.007109668207654702
13.329183832753309     0.006097555485091196
13.38847975314745     0.005194412835426816
13.447775673541585     0.0044546257634869415
13.507071593935727     0.0039047877552348103
13.566367514329862     0.003593484608000848
13.625663434724004     0.0035887820778179097
13.684959355118146     0.003936733886670274
13.74425527551228     0.00461785564578389
13.803551195906422     0.005528801099523844
13.862847116300564     0.006488477527510745
13.922143036694699     0.0072663806921186985
13.98143895708884     0.007653884117027506
14.040734877482976     0.007576041595851764
14.100030797877118     0.007161929087008597
14.15932671827126     0.0066765395767943
14.218622638665394     0.006341974952008166
14.277918559059536     0.006203154708521516
14.337214479453671     0.0061471342880528145
14.396510399847813     0.006022694916678453
14.455806320241955     0.005735693270989137
14.51510224063609     0.005270857364156729
14.574398161030231     0.004677938151246901
14.633694081424373     0.004059995380974969
14.692990001818508     0.0035538339369788814
14.75228592221265     0.0032777130846886313
14.811581842606785     0.0032595393866962307
14.870877763000927     0.003401602100383421
14.930173683395068     0.003527326699586439
14.989469603789203     0.003489808053972613
15.048765524183345     0.0032617891343215953
15.108061444577487     0.002935648448076365
15.167357364971622     0.0026399575860677014
15.226653285365764     0.0024517320276930456
15.285949205759898     0.002374192487090893
15.34524512615404     0.002374108610787548
15.404541046548182     0.0024221454258432805
15.463836966942317     0.0025008114072981895
15.523132887336459     0.002590179636557216
15.5824288077306     0.0026561278959998918
15.641724728124736     0.002653054105273393
15.701020648518877     0.002539135406117323
15.760316568913012     0.002295517103609675
15.819612489307154     0.0019394212677444143
15.878908409701296     0.0015232792385366646
15.93820433009543     0.0011177895873201074
15.997500250489573     0.0007870400164783539
16.056796170883715     0.0005703411154392734
16.11609209127785     0.0004779921226031152
16.17538801167199     0.0004951970705640685
16.234683932066126     0.0005871053849281628
16.293979852460268     0.0007065316083438518
16.35327577285441     0.0008073160118205152
16.412571693248545     0.0008578058083020439
16.471867613642686     0.0008463491183736075
16.53116353403682     0.0007799050112234845
16.590459454430963     0.0006819514089989547
16.649755374825105     0.000587464957079259
16.70905129521924     0.0005275340646868447
16.76834721561338     0.0005088386654712167
16.827643136007524     0.0005075189310970935
16.88693905640166     0.0004879459797627045
16.9462349767958     0.0004311957946983446
17.005530897189935     0.00034776828748360824
17.064826817584077     0.00026696736418618913
17.12412273797822     0.00021739944530620614
17.183418658372354     0.00021412336648859583
17.242714578766495     0.00025470583917424836
17.302010499160637     0.0003206583526123619
17.361306419554772     0.00038536770428224576
17.420602339948914     0.000428992284980718
17.47989826034305     0.0004502712443952387
17.53919418073719     0.0004622567253505218
17.598490101131333     0.0004749821737254063
17.657786021525467     0.0004840055275085424
17.71708194191961     0.000476077672108821
17.77637786231375     0.0004426662405776729
17.835673782707886     0.0003872501659289935
17.894969703102028     0.00032417539910946326
17.954265623496163     0.0002736902096040282
18.013561543890305     0.00025461414752317343
18.072857464284446     0.0002755082426363221
18.13215338467858     0.00032913520154636834
18.191449305072723     0.0003946782348197613
18.250745225466858     0.0004466772278606724
18.310041145861     0.00046538207414982156
18.36933706625514     0.00044344136069254363
18.428632986649276     0.00038695791699386246
18.48792890704342     0.00031171035149734944
18.54722482743756     0.00023629647620754894
18.606520747831695     0.00017488526492691155
18.665816668225837     0.00013341625117927654
18.72511258861997     0.00011114927407170941
18.784408509014114     0.00010473797155577585
18.843704429408255     0.00011025374344254033
18.90300034980239     0.00012221819262058618
18.962296270196532     0.000132926209608235
19.021592190590674     0.00013499120358304752
19.08088811098481     0.0001257035652941863
19.14018403137895     0.00010868764158106639
19.199479951773085     9.052627692875619e-05
19.258775872167227     7.538899316097484e-05
19.31807179256137     6.285096883854572e-05
19.377367712955504     5.034676346733823e-05
19.436663633349646     3.6797637095889066e-05
19.495959553743788     2.3625970590612474e-05
19.555255474137923     1.3040477990185844e-05
19.614551394532064     6.119526402426741e-06
19.6738473149262     2.427981533789609e-06
19.73314323532034     8.122287883490332e-07
19.792439155714483     2.2972730484547723e-07
19.851735076108618     6.233635729784108e-08
19.91103099650276     6.21205968258778e-08
19.970326916896894     2.7101112403148145e-07
20.029622837291036     1.1839857804671835e-06
20.088918757685178     4.365825389459704e-06
20.148214678079313     1.3505910926173456e-05
20.207510598473455     3.504572940201056e-05
20.266806518867597     7.62776882131164e-05
20.32610243926173     0.0001392553998032589
20.385398359655873     0.0002132476790835048
20.444694280050008     0.0002739343535281959
20.50399020044415     0.00029531273438122764
20.563286120838292     0.00026781698609017006
20.622582041232427     0.00020711603183167616
20.68187796162657     0.00014667357216170934
20.74117388202071     0.00012413914098425414
20.800469802414845     0.00017372168141225477
20.859765722808987     0.0003208110829354818
20.919061643203122     0.0005655865619667087
20.978357563597264     0.0008590830931393639
21.037653483991406     0.0011018595534115954
21.09694940438554     0.0011897487997960515
21.156245324779682     0.0010821845059764245
21.215541245173824     0.000831629865683739
21.27483716556796     0.0005444844944646173
21.3341330859621     0.0003122677513507221
21.393429006356236     0.00017267911835656694
21.452724926750378     0.00011681282287498147
21.51202084714452     0.00011513642572628986
21.571316767538654     0.00013566142095674288
21.630612687932796     0.00015185276265295927
21.689908608326938     0.00014821821528427861
21.749204528721073     0.00012417563719699867
21.808500449115215     9.105140312258602e-05
21.86779636950935     6.243032619615912e-05
21.92709228990349     4.52396222903311e-05
21.986388210297633     3.777749433223768e-05
22.04568413069177     3.400791500036351e-05
