-21.892592881365374     0.9083715866095783
-21.833296960971236     1.0777635533220984
-21.774001040577097     1.291830686345045
-21.714705120182956     1.5901484370904284
-21.655409199788817     1.9507259147829168
-21.59611327939468     2.306962837983933
-21.53681735900054     2.6138250871930193
-21.4775214386064     2.894267671643781
-21.41822551821226     3.227306039334562
-21.358929597818122     3.69268713102544
-21.299633677423984     4.298673147633923
-21.24033775702984     4.926718885186813
-21.181041836635703     5.353745437530238
-21.121745916241565     5.37973755912922
-21.062449995847427     4.975740843845621
-21.003154075453285     4.320332394078677
-20.943858155059146     3.7005519124584785
-20.884562234665008     3.3767067178038626
-20.82526631427087     3.4987377619552005
-20.765970393876728     4.079209814278112
-20.70667447348259     5.002664102993852
-20.64737855308845     6.067356797861835
-20.588082632694313     7.046117809572793
-20.52878671230017     7.743350483518175
-20.469490791906033     8.046277112345505
-20.410194871511894     7.9669362142637725
-20.350898951117756     7.631192143026631
-20.291603030723614     7.186078257299277
-20.232307110329476     6.694434663731491
-20.173011189935337     6.128526584055586
-20.1137152695412     5.472042056706547
-20.05441934914706     4.815388581971905
-19.99512342875292     4.342282523077741
-19.93582750835878     4.227298807917714
-19.876531587964642     4.538963694108162
-19.8172356675705     5.2061979740760185
-19.757939747176362     6.041555265391073
-19.698643826782224     6.80888613645329
-19.639347906388085     7.338660766744056
-19.580051985993947     7.648763846358832
-19.520756065599805     7.956903274917652
-19.461460145205667     8.510404385299248
-19.40216422481153     9.339952849422204
-19.34286830441739     10.173102016475852
-19.28357238402325     10.616779375634003
-19.22427646362911     10.438205607983434
-19.16498054323497     9.682864635688402
-19.105684622840833     8.579473205272283
-19.04638870244669     7.394916965050007
-18.987092782052553     6.354476451423879
-18.927796861658415     5.592017555488326
-18.868500941264276     5.104526815920549
-18.809205020870134     4.781871749292755
-18.749909100475996     4.534796969009555
-18.690613180081858     4.396054423651026
-18.63131725968772     4.467637456225001
-18.572021339293578     4.76328181570383
-18.51272541889944     5.118371407219743
-18.4534294985053     5.266050208124531
-18.394133578111163     5.015607027333012
-18.334837657717024     4.382983230260156
-18.275541737322882     3.569094927031974
-18.216245816928744     2.811132253140666
-18.156949896534606     2.2356601502152653
-18.097653976140464     1.8238541532757604
-18.038358055746325     1.4849123748181459
-17.979062135352187     1.1497719657953367
-17.91976621495805     0.812065420999291
-17.86047029456391     0.5088151525949502
-17.80117437416977     0.2779642507381339
-17.74187845377563     0.13092843165142382
-17.682582533381492     0.05277254180852512
-17.62328661298735     0.018104831237450356
-17.56399069259321     0.005266594371938858
-17.504694772199073     0.0012954170963728545
-17.445398851804935     0.0002688789564985373
-17.386102931410797     4.702504917691733e-05
-17.326807011016655     6.922344860476104e-06
-17.267511090622516     8.569911201984802e-07
-17.208215170228378     8.917313857982793e-08
-17.148919249834236     7.795181740811888e-09
-17.0896233294401     5.722689918685049e-10
-17.03032740904596     3.52727012513886e-11
-16.97103148865182     1.82495110282105e-12
-16.911735568257683     7.924420844827779e-14
-16.85243964786354     2.887572876215197e-15
-16.793143727469403     8.828863982583921e-17
-16.733847807075264     2.264903827219181e-18
-16.674551886681126     4.8746295114129656e-20
-16.615255966286988     8.80156390457593e-22
-16.555960045892846     1.3331786470872834e-23
-16.496664125498707     1.6940041009328283e-25
-16.43736820510457     1.8056277268003627e-27
-16.378072284710427     1.6144395639218183e-29
-16.31877636431629     1.2108463256119316e-31
-16.25948044392215     7.617721253462946e-34
-16.200184523528012     4.0200006571590256e-36
-16.140888603133874     1.779463841895133e-38
-16.081592682739732     6.607114684205323e-41
-16.022296762345594     2.057748514909661e-43
-15.963000841951455     5.375626163505749e-46
-15.903704921557315     1.177934119128049e-48
-15.844409001163175     2.2092115334856045e-51
-15.785113080769037     2.717451684837512e-50
-15.725817160374898     1.4021209533661816e-47
-15.666521239980758     6.068947367978568e-45
-15.607225319586618     2.2033939820841056e-42
-15.54792939919248     6.7099895333922194e-40
-15.488633478798342     1.713966868009017e-37
-15.429337558404201     3.672264025854428e-35
-15.370041638010061     6.59957957823935e-33
-15.310745717615923     9.948315218549773e-31
-15.251449797221785     1.2578640393749096e-28
-15.192153876827646     1.3340397216749454e-26
-15.132857956433506     1.1867376388629689e-24
-15.073562036039366     8.855061227645818e-23
-15.014266115645228     5.5421632737296246e-21
-14.95497019525109     2.9094973080162986e-19
-14.89567427485695     1.2811721791263484e-17
-14.83637835446281     4.732034855414823e-16
-14.77708243406867     1.466017877865841e-14
-14.717786513674533     3.809618561425379e-13
-14.658490593280392     8.30375673332274e-12
-14.599194672886252     1.5181638192512045e-10
-14.539898752492114     2.3281639096050653e-09
-14.480602832097976     2.994741660352709e-08
-14.421306911703835     3.2311422023347684e-07
-14.362010991309695     2.924177124332544e-06
-14.302715070915557     2.2197403434789256e-05
-14.243419150521419     0.00014133560198164864
-14.184123230127279     0.000754834728438137
-14.124827309733138     0.0033814509602651346
-14.065531389339     0.012705896244360394
-14.006235468944862     0.04004596635772327
-13.946939548550722     0.10586796498700787
-13.887643628156583     0.2347614211923495
-13.828347707762443     0.4366776799326683
-13.769051787368305     0.6814408383214275
-13.709755866974165     0.8926129987544797
-13.650459946580026     0.983494869597409
-13.591164026185886     0.9187817232978431
-13.531868105791748     0.7493251738401673
-13.472572185397608     0.5855041653122494
-13.41327626500347     0.5305613741943327
-13.35398034460933     0.6243473885590666
-13.294684424215191     0.8313749505431025
-13.235388503821051     1.0780773004504436
-13.176092583426913     1.315617893735647
-13.116796663032773     1.5544634116943281
-13.057500742638634     1.8250771453079655
-12.998204822244494     2.0963526467374605
-12.938908901850356     2.253401217153471
-12.879612981456216     2.1862719741750714
-12.820317061062077     1.9062117879118559
-12.761021140667937     1.5585552442204345
-12.701725220273799     1.3127262991119453
-12.642429299879659     1.2419679282956984
-12.58313337948552     1.3023971984504756
-12.52383745909138     1.4055846808204764
-12.464541538697242     1.4934359261449588
-12.405245618303102     1.5507255851905724
-12.345949697908964     1.5764799246697776
-12.286653777514825     1.5694167270960726
-12.227357857120685     1.5346397195491113
-12.168061936726547     1.4772732215670008
-12.108766016332407     1.3813980641804922
-12.049470095938268     1.2145747621803948
-11.990174175544128     0.9670366299214738
-11.93087825514999     0.6780483385129614
-11.87158233475585     0.41375892555542976
-11.812286414361711     0.22204912066533672
-11.752990493967571     0.11086512510012879
-11.693694573573433     0.0607073312554339
-11.634398653179293     0.047891116510306676
-11.575102732785155     0.05732593541162883
-11.515806812391014     0.08289689039384579
-11.456510891996876     0.12400002370504012
-11.397214971602736     0.18388073917156264
-11.337919051208598     0.26788758533674345
-11.278623130814458     0.3774380388498549
-11.21932721042032     0.5022437438211607
-11.160031290026179     0.6206829432481461
-11.10073536963204     0.712540395779651
-11.0414394492379     0.7725902012176115
-10.982143528843762     0.8094861489298264
-10.922847608449622     0.8313325567293368
-10.863551688055484     0.8353472569326292
-10.804255767661344     0.8122381858363812
-10.744959847267205     0.7576021039529773
-10.685663926873065     0.6787383071212463
-10.626368006478927     0.5967512618035101
-10.567072086084787     0.5489117644914137
-10.507776165690649     0.5867761175048231
-10.44848024529651     0.758963846170822
-10.38918432490237     1.0786224847229897
-10.329888404508232     1.4946195527937434
-10.270592484114092     1.8928132435524194
-10.211296563719953     2.141472173626627
-10.152000643325813     2.1650512447835517
-10.092704722931675     1.9968852858611856
-10.033408802537535     1.7622514993772238
-9.974112882143396     1.6028551532736712
-9.914816961749256     1.6152277690365382
-9.855521041355118     1.8523288879430078
-9.796225120960978     2.3542620786393362
-9.73692920056684     3.1487021145701277
-9.6776332801727     4.2220645260273075
-9.618337359778561     5.503499402720947
-9.559041439384421     6.86887025676556
-9.499745518990283     8.143585310815341
-9.440449598596143     9.12382177537291
-9.381153678202004     9.660282171601114
-9.321857757807864     9.770720439684224
-9.262561837413726     9.662945247127901
-9.203265917019586     9.614264205873782
-9.143969996625447     9.81313220840361
-9.084674076231307     10.305433711896171
-9.025378155837169     11.0436461824792
-8.966082235443029     11.91589997457031
-8.90678631504889     12.708524571212052
-8.84749039465475     13.117540221937722
-8.788194474260612     12.916938252657873
-8.728898553866472     12.183170609709105
-8.669602633472334     11.336542794279893
-8.610306713078195     10.903662861063365
-8.551010792684055     11.177825537237723
-8.491714872289917     12.040990538581093
-8.432418951895777     13.050448760615492
-8.373123031501638     13.700562619673896
-8.313827111107498     13.699141844172924
-8.25453119071336     13.109423420675276
-8.19523527031922     12.270143193019326
-8.135939349925081     11.552515719425047
-8.076643429530941     11.150294750414934
-8.017347509136803     11.05071698605716
-7.958051588742663     11.143209443946478
-7.8987556683485245     11.320090924115565
-7.839459747954384     11.492673412533154
-7.780163827560246     11.564166807994903
-7.720867907166106     11.438876374965878
-7.661571986771968     11.081115606565303
-7.6022760663778275     10.555302815723119
-7.542980145983689     9.9941990747049
-7.483684225589549     9.5271927500697
-7.424388305195411     9.222791943221498
-7.365092384801271     9.053774934941249
-7.305796464407132     8.892076230496865
-7.246500544012992     8.573631168278405
-7.187204623618854     8.025400802022405
-7.127908703224714     7.3494949415528925
-7.068612782830575     6.771277043260013
-7.009316862436435     6.486753901953209
-6.950020942042297     6.528649627803204
-6.890725021648157     6.736395815258328
-6.8314291012540185     6.839074039013688
-6.772133180859878     6.604211709523251
-6.71283726046574     5.966303845647943
-6.653541340071602     5.04875555603657
-6.594245419677462     4.067885006288288
-6.534949499283323     3.204672422474833
-6.475653578889183     2.542173859895023
-6.416357658495045     2.0888992839441567
-6.357061738100905     1.839809956205746
-6.297765817706766     1.818422717891807
-6.238469897312626     2.066177318100108
-6.179173976918488     2.5796053761235367
-6.119878056524348     3.2433062263763057
-6.0605821361302095     3.833305102766859
-6.001286215736069     4.124924917471971
-5.941990295341931     4.044836193777066
-5.882694374947793     3.7417216966042064
-5.823398454553651     3.498919908888744
-5.7641025341595125     3.554870784328399
-5.704806613765374     3.984273620678304
-5.645510693371236     4.714159674781141
-5.586214772977094     5.600973664492085
-5.526918852582956     6.465411543329886
-5.467622932188817     7.089838728312045
-5.408327011794679     7.263111696399729
-5.349031091400537     6.900570076399606
-5.289735171006399     6.151581277849104
-5.23043925061226     5.373547310144876
-5.171143330218122     4.941858915947039
-5.11184740982398     5.007759732786386
-5.052551489429842     5.389134914141606
-4.9932555690357034     5.695856606362978
-4.933959648641565     5.598762007932914
-4.874663728247423     5.030655843608025
-4.815367807853285     4.1847901757915125
-4.7560718874591466     3.3592780510717177
-4.696775967065008     2.790102573670861
-4.63748004667087     2.5638751354400524
-4.578184126276728     2.6143461197351057
-4.51888820588259     2.7768883495393126
-4.459592285488451     2.8776158466534074
-4.400296365094313     2.8202719793214373
-4.341000444700171     2.6242132786267143
-4.281704524306033     2.395166740303257
-4.222408603911894     2.254513442692273
-4.163112683517756     2.268863627191432
-4.103816763123614     2.4103446339743875
-4.044520842729476     2.567335465636008
-3.9852249223353375     2.6109585263475537
-3.925929001941199     2.483402911311964
-3.8666330815470573     2.240660048006662
-3.807337161152919     2.0109254406415595
-3.7480412407587806     1.9027153686333824
-3.6887453203646423     1.9335575919506527
-3.6294493999705004     2.0234760755598384
-3.570153479576362     2.0503029575891096
-3.5108575591822238     1.9295127429182197
-3.4515616387880854     1.6663368821379845
-3.3922657183939435     1.34475364346344
-3.332969797999805     1.065333221038124
-3.273673877605667     0.8828101595690528
-3.2143779572115285     0.7883675342308424
-3.1550820368173866     0.7401287750896451
-3.0957861164232483     0.7075594027417998
-3.03649019602911     0.6917310377950207
-2.9771942756349716     0.7119660426425626
-2.9178983552408297     0.7801991884207942
-2.8586024348466914     0.8895005294980249
-2.799306514452553     1.0231928571826516
-2.7400105940584147     1.1689880280019223
-2.6807146736642764     1.3205755270915254
-2.6214187532701345     1.4678954456122366
-2.562122832875996     1.592937313127778
-2.502826912481858     1.6794353953614716
-2.4435309920877195     1.725265787697629
-2.3842350716935776     1.743822223214963
-2.3249391512994393     1.7548374491240766
-2.265643230905301     1.7725322940560893
-2.2063473105111626     1.7953631464921487
-2.1470513901170207     1.8024448261539954
-2.0877554697228824     1.7642333968063435
-2.028459549328744     1.6633253970817043
-1.9691636289346057     1.5066455411624542
-1.9098677085404638     1.318588023285454
-1.8505717881463255     1.12632136293238
-1.7912758677521872     0.9518378046246314
-1.7319799473580488     0.8107333834497688
-1.672684026963907     0.7112341367450428
-1.6133881065697686     0.6531781792378266
-1.5540921861756303     0.629188557873481
-1.494796265781492     0.6266901485053636
-1.43550034538735     0.6299964006677149
-1.3762044249932117     0.6247331175110327
-1.3169085045990734     0.6037938680722027
-1.257612584204935     0.5692665946828122
-1.1983166638107932     0.5279183923371173
-1.1390207434166548     0.48495047941508523
-1.0797248230225165     0.441511033221304
-1.0204289026283782     0.3963214767893168
-0.9611329822342398     0.34849206032986046
-0.9018370618400979     0.2993251679811699
-0.8425411414459596     0.252366039325111
-0.7832452210518213     0.21172947387786992
-0.7239493006576829     0.1796926245964154
-0.664653380263541     0.15539126523398902
-0.6053574598694027     0.13575751462955934
-0.5460615394752644     0.11778374993667053
-0.48676561908112603     0.1000490134292773
-0.42746969868698415     0.08258166837068939
-0.3681737782928458     0.06598821298091248
-0.3088778578987075     0.05102379520002816
-0.24958193750456914     0.0385778667824882
-0.19028601711042725     0.0294095095966767
-0.13099009671628892     0.02359268468803764
-0.07169417632215058     0.020277911582600106
-0.012398255928012247     0.018092771376016024
0.04689766446612964     0.01584209774890592
0.10619358486026798     0.012996094613605258
0.1654895052544063     0.009759783131662524
0.22478542564854465     0.006808945593342293
0.28408134604268653     0.004875760182564368
0.34337726643682487     0.004364186310477927
0.4026731868309632     0.005126571127232346
0.46196910722510154     0.0064858149449778125
0.5212650276192434     0.007554300578192727
0.5805609480133818     0.007756018271446247
0.6398568684075201     0.007205969856389767
0.6991527888016584     0.006578548672511955
0.7584487091958003     0.0065055385513067745
0.8177446295899387     0.0070121781600616115
0.877040549984077     0.007496667993189781
0.9363364703782153     0.007257432147932589
0.9956323907723537     0.006069449614061621
1.0549283111664955     0.004307462924190816
1.1142242315606339     0.0025971499923162274
1.1735201519547722     0.0014065777694592327
1.2328160723489106     0.0009340696150276104
1.2921119927430524     0.0012712841879911594
1.3514079131371908     0.0025687249818596354
1.410703833531329     0.004981033732121947
1.4699997539254674     0.008404306419664411
1.5292956743196093     0.012249435569427938
1.5885915947137477     0.015522715245541325
1.647887515107886     0.017230987736667355
1.7071834355020243     0.016839935760433893
1.7664793558961662     0.014501128474653584
1.8257752762903046     0.010961056603653516
1.885071196684443     0.00722139096722099
1.9443671170785812     0.004112276517426367
2.003663037472723     0.002008196019131549
2.0629589578668615     0.0008356097363422885
2.122254878261      0.0002954112340688511
2.181550798655138     9.158827227046073e-05
2.24084671904928     3.8540181656617734e-05
2.3001426394434183     6.52008939061972e-05
2.3594385598375567     0.00018872524295083075
2.418734480231695     0.0004952042749157146
2.478030400625837     0.0011138621124433445
2.5373263210199752     0.0021564109143671403
2.5966222414141136     0.003627115436441436
2.655918161808252     0.005356791781171446
2.715214082202394     0.007016336917469375
2.774510002596532     0.008221899852204648
2.8338059229906705     0.008714218110049993
2.893101843384809     0.008569454888710958
2.952397763778947     0.00831201082586352
3.011693684173089     0.00874032697018706
3.0709896045672274     0.010445773933136481
3.1302855249613657     0.013341003027484423
3.189581445355504     0.016628885101701858
3.248877365749646     0.019302285640347572
3.3081732861437843     0.020767011325064706
3.3674692065379226     0.021070427276161777
3.426765126932061     0.020640536604984695
3.486061047326203     0.019918963264725288
3.545356967720341     0.01924984904904792
3.6046528881144795     0.018935047498702538
3.663948808508618     0.019135665782408422
3.7232447289027597     0.019632843558009035
3.782540649296898     0.01982979119092018
3.8418365696910364     0.019147221816455787
3.9011324900851747     0.017432395933735922
3.9604284104793166     0.014973384812633935
4.019724330873455     0.01221335485405289
4.079020251267593     0.009544075885901554
4.138316171661732     0.007309531361511908
4.1976120920558735     0.005838300976915046
4.256908012450012     0.005337897419527204
4.31620393284415     0.005697441944105721
4.3754998532382885     0.006403477353100797
4.43479577363243     0.006745619371277423
4.494091694026569     0.006239899876503293
4.553387614420707     0.004929797706945879
4.612683534814845     0.0032903713572853995
4.671979455208984     0.0018474541887324681
4.731275375603126     0.0008711154677236747
4.790571295997264     0.0003447057324408842
4.849867216391402     0.00011443682674113199
4.909163136785541     3.186942323844919e-05
4.9684590571796825     7.444762590277691e-06
5.027754977573821     1.4587669585837786e-06
5.087050897967959     2.3975912486897044e-07
5.1463468183620975     3.305344176533164e-08
5.205642738756239     3.822167768302248e-09
5.264938659150378     3.7072678847239996e-10
5.324234579544516     3.016124091046488e-11
5.383530499938654     2.0582370389567986e-12
5.442826420332796     1.1781280366584983e-13
5.502122340726935     5.656405020013331e-15
5.561418261121073     2.2779249267478e-16
5.620714181515211     7.694656069407962e-18
5.680010101909353     2.1801677716294705e-19
5.7393060223034915     5.18133311196319e-21
5.79860194269763     1.0328660663028919e-22
5.857897863091768     1.7270201331999293e-24
5.91719378348591     2.4221536408473472e-26
5.976489703880048     2.849422641029419e-28
6.035785624274187     2.811667068522009e-30
6.095081544668325     2.426554965699936e-32
6.154377465062467     1.3578733498582365e-31
6.213673385456605     1.5517548210877293e-29
6.272969305850744     1.4892061120760498e-27
6.332265226244882     1.1987743420783312e-25
6.391561146639024     8.094144697383465e-24
6.450857067033162     4.584113741596685e-22
6.5101529874273005     2.1776631483258443e-20
6.569448907821439     8.677146197788867e-19
6.628744828215577     2.9001070150306945e-17
6.688040748609719     8.130214974954019e-16
6.747336669003857     1.91179328194243e-14
6.806632589397996     3.7707759724562975e-13
6.865928509792134     6.238374347544339e-12
6.925224430186276     8.656912785213739e-11
6.984520350580414     1.0076404272458355e-09
7.043816270974553     9.837825452008446e-09
7.103112191368691     8.05645121281624e-08
7.162408111762833     5.534010611851122e-07
7.221704032156971     3.188517323122653e-06
7.2809999525511095     1.540965547158454e-05
7.340295872945248     6.246830592845423e-05
7.39959179333939     0.000212426363926159
7.458887713733528     0.0006060238079564884
7.518183634127666     0.0014508986139388131
7.577479554521805     0.0029174380039616063
7.636775474915947     0.00493744589084099
7.696071395310085     0.0070715779804384265
7.755367315704223     0.008689752749659788
7.814663236098362     0.009458541050299358
7.8739591564925036     0.009697777463251282
7.933255076886642     0.010125930220136768
7.99255099728078     0.011111049894357777
8.051846917674919     0.012172035422377043
8.11114283806906     0.01231465757386586
8.170438758463199     0.010912915064813573
8.229734678857337     0.008255910199253395
8.289030599251475     0.005275173274480672
8.348326519645617     0.00283571777539505
8.407622440039756     0.0012859630376044606
8.466918360433894     0.0005190121085982434
8.526214280828032     0.0002974559052825337
8.58551020122217     0.0005403114497618352
8.644806121616313     0.0014752158189048608
8.704102042010451     0.0036468430759459512
8.76339796240459     0.007697464401675972
8.822693882798728     0.013850348543399995
8.88198980319287     0.021313929988625593
8.941285723587008     0.028151599930372938
9.000581643981146     0.032018841504945626
9.059877564375284     0.031463997467609625
9.119173484769426     0.026885109059931467
9.178469405163565     0.02042622802827597
9.237765325557703     0.014916165034754968
9.297061245951841     0.012575537971065786
9.356357166345983     0.014159152331483934
9.415653086740122     0.01878961736400631
9.47494900713426     0.02447345091116376
9.534244927528398     0.029110074807476207
9.59354084792254     0.03151401572540013
9.652836768316678     0.031899746659469534
9.712132688710817     0.03162988669303034
9.771428609104955     0.03233295559990373
9.830724529499097     0.03464524955321578
9.890020449893235     0.03731805676539165
9.949316370287374     0.03775816592378617
10.008612290681512     0.03400620385727101
10.067908211075654     0.02643121782681213
10.127204131469789     0.017459031703761587
10.18650005186393     0.009731043468708211
10.245795972258072     0.004561621921315546
10.305091892652207     0.0017958053076520737
10.36438781304635     0.0005933215547562942
10.423683733440484     0.00016447545755631312
10.482979653834626     3.8344825664545703e-05
10.542275574228768     8.500799346111258e-06
10.601571494622902     1.0286866874525887e-05
10.660867415017044     6.64160859443642e-05
10.720163335411186     0.0004061885727227267
10.779459255805321     0.002089975317454983
10.838755176199463     0.009030315028017934
10.898051096593598     0.03279609050548984
10.95734701698774     0.1003027436493071
11.016642937381881     0.2592461736001234
11.075938857776016     0.5699949777114343
11.135234778170158     1.0786329931014755
11.1945306985643     1.7910934735859045
11.253826618958435     2.6828473883558224
11.313122539352577     3.7361957802861037
11.372418459746712     4.932203615831787
11.431714380140853     6.159270413739362
11.491010300534995     7.145927513915694
11.55030622092913     7.572941650339364
11.609602141323272     7.33201570345669
11.668898061717414     6.68865084439576
11.728193982111549     6.165554226512096
11.78748990250569     6.230921585678412
11.846785822899825     7.044835412501854
11.906081743293967     8.432561361771551
11.965377663688109     10.037323942940754
12.024673584082244     11.482025841688072
12.083969504476386     12.441982982962195
12.143265424870528     12.67355803771284
12.202561345264662     12.067192104311115
12.261857265658804     10.705265329375518
12.321153186052939     8.866745142627224
12.380449106447081     6.973479427622078
12.439745026841223     5.503269610501573
12.499040947235358     4.8655895585323
12.5583368676295     5.247965548910962
12.617632788023634     6.522590608317461
12.676928708417776     8.324437157360949
12.736224628811918     10.28666989385229
12.795520549206053     12.257927646392226
12.854816469600195     14.316155640690349
12.914112389994337     16.56851491901627
12.973408310388471     18.919922103474892
13.032704230782613     21.016856579656682
13.092000151176748     22.41249870800689
13.15129607157089     22.81573980605911
13.210591991965032     22.242068257262865
13.269887912359167     20.98047818592749
13.329183832753309     19.42074979027987
13.38847975314745     17.87802049217903
13.447775673541585     16.55708094708896
13.507071593935727     15.661499223683192
13.566367514329862     15.461373500900946
13.625663434724004     16.140803719294524
13.684959355118146     17.528817058690382
13.74425527551228     19.054017392888966
13.803551195906422     20.093081494585274
13.862847116300564     20.444040506097856
13.922143036694699     20.483460521075358
13.98143895708884     20.884554592209412
14.040734877482976     22.177995137926146
14.100030797877118     24.47534654050218
14.15932671827126     27.427054633918978
14.218622638665394     30.33241827425023
14.277918559059536     32.3644791413011
14.337214479453671     32.90265559272637
14.396510399847813     31.848540679022932
14.455806320241955     29.692650184430512
14.51510224063609     27.224898303429846
14.574398161030231     25.09598185404007
14.633694081424373     23.591154159435
14.692990001818508     22.731286077502602
14.75228592221265     22.455639061050963
14.811581842606785     22.644232701381714
14.870877763000927     23.044094908867446
14.930173683395068     23.298343641632187
14.989469603789203     23.120138782953248
15.048765524183345     22.48700071813535
15.108061444577487     21.700318157786313
15.167357364971622     21.222826628934357
15.226653285365764     21.370977906861015
15.285949205759898     22.102634791540382
15.34524512615404     23.08706057337589
15.404541046548182     23.977306044885264
15.463836966942317     24.616182534631978
15.523132887336459     25.00477807241913
15.5824288077306     25.132975454296623
15.641724728124736     24.910570925950097
15.701020648518877     24.279500995579397
15.760316568913012     23.333181119083115
15.819612489307154     22.25966425406448
15.878908409701296     21.16772117636519
15.93820433009543     20.01591085509045
15.997500250489573     18.746930168859024
16.056796170883715     17.49349844490139
16.11609209127785     16.631123140546936
16.17538801167199     16.580005585570664
16.234683932066126     17.471516143084067
16.293979852460268     18.928627943589664
16.35327577285441     20.16996610459257
16.412571693248545     20.429460002630133
16.471867613642686     19.423731430108138
16.53116353403682     17.52953236616344
16.590459454430963     15.545532695399615
16.649755374825105     14.220636119252324
16.70905129521924     13.871560348418386
16.76834721561338     14.310349942125038
16.827643136007524     15.070725779213321
16.88693905640166     15.727392584452286
16.9462349767958     16.0853378263407
17.005530897189935     16.178306232817505
17.064826817584077     16.169616997815893
17.12412273797822     16.24400350508163
17.183418658372354     16.503835163701194
17.242714578766495     16.88074014350635
17.302010499160637     17.117582990273924
17.361306419554772     16.872329611094816
17.420602339948914     15.929468205815033
17.47989826034305     14.398633687611168
17.53919418073719     12.711128097609235
17.598490101131333     11.342414865649566
17.657786021525467     10.466001584142793
17.71708194191961     9.866744540589833
17.77637786231375     9.210845513451765
17.835673782707886     8.423410640335005
17.894969703102028     7.828785753859145
17.954265623496163     7.926434777607666
18.013561543890305     8.980095879687632
18.072857464284446     10.742373413181515
18.13215338467858     12.525669135626897
18.191449305072723     13.568451597409089
18.250745225466858     13.443981320698883
18.310041145861     12.250086892985731
18.36933706625514     10.48570977124647
18.428632986649276     8.736080359818606
18.48792890704342     7.388440087111256
18.54722482743756     6.524779219035796
18.606520747831695     6.000382309123132
18.665816668225837     5.627455934839999
18.72511258861997     5.337493692793525
18.784408509014114     5.202468611439964
18.843704429408255     5.300446270711633
18.90300034980239     5.55973886576958
18.962296270196532     5.7536123801653
19.021592190590674     5.6730125014032176
19.08088811098481     5.3054214113201645
19.14018403137895     4.822550088525892
19.199479951773085     4.386580084054796
19.258775872167227     3.990226124521773
19.31807179256137     3.4976709483800272
19.377367712955504     2.818153943175577
19.436663633349646     2.014004019622722
19.495959553743788     1.2498269067672176
19.555255474137923     0.6657281114819631
19.614551394532064     0.30240533565173916
19.6738473149262     0.11668302988035235
19.73314323532034     0.03813991777324287
19.792439155714483     0.010544821864463075
19.851735076108618     0.0025013927516868697
19.91103099650276     0.000754131492075579
19.970326916896894     0.0014999338292644557
20.029622837291036     0.0062545973712913715
20.088918757685178     0.023028145461753954
20.148214678079313     0.07123534187283162
20.207510598473455     0.1848443012603704
20.266806518867597     0.40231705249548916
20.32610243926173     0.7344847614268379
20.385398359655873     1.1247444064656362
20.444694280050008     1.4448004519822086
20.50399020044415     1.5573657760519177
20.563286120838292     1.4112783829747313
20.622582041232427     1.0863163045253459
20.68187796162657     0.7498566444502748
20.74117388202071     0.578160284453407
20.800469802414845     0.7118779432482392
20.859765722808987     1.2408957336225535
20.919061643203122     2.1613445542899212
20.978357563597264     3.304255555566227
21.037653483991406     4.33404473070488
21.09694940438554     4.898554877263709
21.156245324779682     4.84653175123446
21.215541245173824     4.30999598664208
21.27483716556796     3.5706440698268005
21.3341330859621     2.862863683583232
21.393429006356236     2.3021118579640647
21.452724926750378     1.9343824110576557
21.51202084714452     1.7693846842406622
21.571316767538654     1.7499663628649302
21.630612687932796     1.746970972931707
21.689908608326938     1.6432028764605646
21.749204528721073     1.4364961088504633
21.808500449115215     1.2463293042406725
21.86779636950935     1.2062608915479789
21.92709228990349     1.3393057404258362
21.986388210297633     1.5261346256810684
22.04568413069177     1.5919003853230504
