-21.89256566998085     0.004422938125247604
-21.833269308916517     0.005419044099722598
-21.773972947852183     0.006707398106047108
-21.71467658678785     0.008373392638795406
-21.655380225723516     0.010136349701815296
-21.59608386465918     0.011550670344726836
-21.536787503594848     0.012500646513914634
-21.477491142530514     0.013505118147240832
-21.41819478146618     0.015515203077847955
-21.358898420401847     0.019312977024371198
-21.299602059337513     0.02482922471848656
-21.24030569827318     0.030756943856917327
-21.181009337208845     0.03489658221638686
-21.12171297614451     0.03535014302874616
-21.062416615080174     0.031856056837788436
-21.00312025401584     0.02616244945298765
-20.943823892951507     0.021132186300607994
-20.884527531887173     0.019366959399669363
-20.82523117082284     0.022209115555881693
-20.765934809758505     0.029304053763856183
-20.70663844869417     0.03865250267031946
-20.647342087629838     0.047305030578240245
-20.588045726565504     0.0526770881200801
-20.52874936550117     0.05380019977133821
-20.469453004436836     0.05157920837773407
-20.410156643372503     0.0478160661578717
-20.35086028230817     0.04379554177810481
-20.291563921243835     0.039615380565937386
-20.2322675601795     0.03479768107692144
-20.172971199115167     0.02959462996380384
-20.113674838050834     0.025808229617793825
-20.0543784769865     0.02638971173357737
-19.995082115922166     0.03409839561680225
-19.935785754857832     0.05018272555584157
-19.8764893937935     0.07383584196850088
-19.817193032729165     0.10223092669522857
-19.75789667166483     0.13044943674537468
-19.698600310600497     0.15174666898579828
-19.639303949536163     0.1597957188274608
-19.58000758847183     0.15265889238491365
-19.520711227407496     0.1347141223964835
-19.461414866343162     0.11356499633883432
-19.40211850527883     0.09458227292361142
-19.342822144214495     0.07856102326991714
-19.28352578315016     0.06395248615669975
-19.224229422085823     0.05006215377344887
-19.16493306102149     0.037825134953789016
-19.105636699957156     0.028539400400495858
-19.046340338892822     0.022898780832285616
-18.98704397782849     0.021424417603414386
-18.927747616764155     0.025435950969352757
-18.86845125569982     0.037037662685395184
-18.809154894635487     0.05728665072641545
-18.749858533571153     0.08335217362840197
-18.69056217250682     0.10734803516287861
-18.631265811442486     0.11942236372496201
-18.571969450378152     0.11401453713960288
-18.512673089313818     0.0941763439691945
-18.453376728249484     0.07008986735342687
-18.39408036718515     0.05360975172197317
-18.334784006120817     0.05343331025667071
-18.275487645056483     0.07243769037011319
-18.21619128399215     0.1057992900367155
-18.156894922927815     0.14062292813777966
-18.09759856186348     0.16048452502900068
-18.038302200799148     0.15471332824798395
-17.979005839734814     0.1254115048845958
-17.91970947867048     0.08536120880518783
-17.860413117606143     0.04876553628379502
-17.80111675654181     0.023380330230108562
-17.741820395477475     0.009407742552462076
-17.68252403441314     0.0031773034835900593
-17.623227673348808     0.0009008106330232217
-17.563931312284474     0.00021443413795080987
-17.50463495122014     4.286941176068586e-05
-17.445338590155806     7.199948647291627e-06
-17.386042229091473     1.016265869667114e-06
-17.32674586802714     1.2061121914612914e-07
-17.267449506962805     1.2042638668828984e-08
-17.20815314589847     1.012304457512201e-09
-17.148856784834138     7.169912692951384e-11
-17.089560423769804     4.282977082760287e-12
-17.03026406270547     2.1601281350032418e-13
-16.970967701641136     9.209524108879674e-15
-16.911671340576802     3.3233403283512614e-16
-16.85237497951247     1.0163845011999461e-17
-16.793078618448135     2.637720225229423e-19
-16.7337822573838     5.815206496117843e-21
-16.674485896319467     1.0900343869516677e-22
-16.615189535255134     1.7381405546265616e-24
-16.5558931741908     2.3581084127238807e-26
-16.496596813126466     2.721246134652814e-28
-16.437300452062132     2.6694785610054276e-30
-16.3780040909978     2.2240041769269505e-32
-16.318707729933465     1.5717973545371212e-34
-16.25941136886913     9.411472658878051e-37
-16.200115007804797     4.768179403277845e-39
-16.140818646740463     2.0414193179784357e-41
-16.08152228567613     7.377103987990698e-44
-16.022225924611796     2.2477858892249016e-46
-15.96292956354746     5.769500370400956e-49
-15.903633202483126     1.2465017176604282e-51
-15.844336841418793     3.265539038789313e-54
-15.785040480354459     6.151763204679842e-52
-15.725744119290123     3.173567362076408e-49
-15.66644775822579     1.3732469101155415e-46
-15.607151397161456     4.984250895299959e-44
-15.547855036097122     1.517405020662384e-41
-15.488558675032788     3.874837502714761e-39
-15.429262313968454     8.299574529763246e-37
-15.36996595290412     1.4911060133173455e-34
-15.310669591839787     2.247043977089519e-32
-15.251373230775453     2.840305018769453e-30
-15.19207686971112     3.011402103082793e-28
-15.132780508646785     2.6780758743792447e-26
-15.073484147582452     1.9976866393319553e-24
-15.014187786518118     1.249919989273248e-22
-14.954891425453784     6.5597520390302045e-21
-14.89559506438945     2.8876396370898807e-19
-14.836298703325117     1.066225163745615e-17
-14.777002342260783     3.302214075179103e-16
-14.717705981196449     8.578510429151329e-15
-14.658409620132115     1.8692565311470773e-13
-14.599113259067781     3.4164596365985383e-12
-14.539816898003448     5.2376207249215165e-11
-14.480520536939112     6.735070776960564e-10
-14.421224175874778     7.264415015193304e-09
-14.361927814810445     6.572180724492844e-08
-14.30263145374611     4.98733699351226e-07
-14.243335092681777     3.174521697850703e-06
-14.184038731617443     1.694877274322403e-05
-14.12474237055311     7.590119164712169e-05
-14.065446009488774     0.0002851079648659925
-14.00614964842444     0.0008982984790233874
-13.946853287360106     0.0023740129452605686
-13.887556926295774     0.0052625803167856994
-13.828260565231439     0.009785343055323612
-13.768964204167105     0.015263324782765708
-13.709667843102771     0.019978468661735686
-13.650371482038437     0.021977211280467757
-13.591075120974104     0.020474684051079425
-13.53177875990977     0.016863443293876672
-13.472482398845436     0.015267638028287686
-13.413186037781102     0.02506904553976785
-13.353889676716769     0.06988264246434314
-13.294593315652435     0.20508536497520435
-13.235296954588101     0.533314423012237
-13.176000593523767     1.185793930128607
-13.116704232459433     2.2348618631682893
-13.0574078713951     3.5624419299899444
-12.998111510330764     4.808959500860618
-12.93881514926643     5.533573011404631
-12.879518788202097     5.532536481054164
-12.820222427137763     5.043634742455698
-12.760926066073429     4.601983158593517
-12.701629705009095     4.628029444653286
-12.642333343944761     5.0940605839035005
-12.583036982880428     5.554035474252237
-12.523740621816094     5.505869508199691
-12.46444426075176     4.78201491348158
-12.405147899687426     3.6717479681857803
-12.345851538623092     2.742123576649181
-12.286555177558759     2.557597783400486
-12.227258816494425     3.4665400842442526
-12.16796245543009     5.453795244555442
-12.108666094365756     8.055267463126825
-12.049369733301422     10.482019557634871
-11.990073372237088     12.048643228401039
-11.930777011172754     12.637771595106145
-11.87148065010842     12.7406849722015
-11.812184289044087     13.000561900403218
-11.752887927979753     13.735924522529963
-11.69359156691542     14.907340275227002
-11.634295205851085     16.444049422379518
-11.574998844786752     18.48826188759346
-11.515702483722418     21.320541003880358
-11.456406122658084     25.141792057596923
-11.39710976159375     29.980115819969186
-11.337813400529415     35.70973753637683
-11.27851703946508     41.97197201303791
-11.219220678400747     48.021573633023834
-11.159924317336413     52.84505575319459
-11.10062795627208     55.70758241599747
-11.041331595207746     56.70717734916875
-10.982035234143412     56.75971525679114
-10.922738873079078     56.99335496697269
-10.863442512014744     58.066061413015035
-10.80414615095041     59.7870243051897
-10.744849789886077     61.033225704603844
-10.685553428821743     60.00290177044876
-10.62625706775741     55.0446588780637
-10.566960706693076     45.85100803121068
-10.50766434562874     34.046482099447246
-10.448367984564406     22.41666317602826
-10.389071623500072     13.311793897285824
-10.329775262435739     7.559135381203686
-10.270478901371405     4.573660261081073
-10.211182540307071     3.2074685010315687
-10.151886179242737     2.508875709743978
-10.092589818178404     1.9987836604912685
-10.03329345711407     1.567278519158803
-9.973997096049736     1.252385584527963
-9.914700734985402     1.0860200347717288
-9.855404373921068     1.0550573607242946
-9.796108012856735     1.1227804662962395
-9.7368116517924     1.2433777775072516
-9.677515290728067     1.3620721992483409
-9.618218929663731     1.4314943329724126
-9.558922568599398     1.4423912687120675
-9.499626207535064     1.4278523791983262
-9.44032984647073     1.4257430157688478
-9.381033485406396     1.4394312759701493
-9.321737124342063     1.4394756629639525
-9.262440763277729     1.3969073924257709
-9.203144402213395     1.3077013560327932
-9.143848041149061     1.1912740234158545
-9.084551680084727     1.0764369031304306
-9.025255319020394     0.987539575930797
-8.96595895795606     0.9323766014797412
-8.906662596891726     0.896816590311627
-8.847366235827392     0.8553586959136045
-8.788069874763057     0.7939609100155549
-8.728773513698723     0.724619805099697
-8.66947715263439     0.6753758325057697
-8.610180791570055     0.6648054063059952
-8.550884430505722     0.6885710518169683
-8.491588069441388     0.7343250102840906
-8.432291708377054     0.8105043538610894
-8.37299534731272     0.9559769436805378
-8.313698986248387     1.2105595300330012
-8.254402625184053     1.5640875781301258
-8.195106264119719     1.9360840965875554
-8.135809903055385     2.228481995180265
-8.076513541991051     2.422839211127786
-8.017217180926718     2.6227086308777228
-7.957920819862382     2.9733348971933213
-7.898624458798048     3.520634346938297
-7.8393280977337145     4.153075682718265
-7.780031736669381     4.692970535704354
-7.720735375605047     5.046388013394456
-7.661439014540713     5.259400389432731
-7.602142653476379     5.42648278906219
-7.542846292412046     5.546521327649457
-7.483549931347712     5.475537533967519
-7.424253570283378     5.035218945428673
-7.364957209219044     4.182856522516368
-7.3056608481547105     3.080086590873938
-7.246364487090377     1.9964018231152016
-7.187068126026043     1.1458917969988844
-7.127771764961707     0.5991507132262105
-7.068475403897374     0.3097340396678444
-7.00917904283304     0.18955875885575854
-6.949882681768706     0.16206200986942484
-6.890586320704372     0.17647689911232495
-6.8312899596400385     0.20335478172800509
-6.771993598575705     0.22945582873844475
-6.712697237511371     0.2535962942520255
-6.653400876447037     0.27846111733668466
-6.594104515382703     0.3007568487506981
-6.53480815431837     0.30958832917379675
-6.475511793254036     0.2972078553561035
-6.416215432189702     0.272479869408361
-6.356919071125368     0.26285389424527517
-6.2976227100610345     0.30060225958659204
-6.238326348996699     0.401676229386293
-6.179029987932365     0.5505362807208319
-6.119733626868031     0.7017010316915344
-6.060437265803698     0.8003793519284036
-6.001140904739364     0.8127240578674636
-5.94184454367503     0.7478939108945761
-5.882548182610698     0.6558619165063425
-5.823251821546361     0.5980025121214012
-5.763955460482027     0.6073385753408489
-5.704659099417693     0.6680852766441407
-5.645362738353359     0.7325869033514653
-5.5860663772890256     0.7608720707314847
-5.526770016224692     0.7459491145669312
-5.467473655160358     0.704486239216168
-5.408177294096024     0.6509850148861444
-5.34888093303169     0.5878114191522477
-5.289584571967357     0.518109402633529
-5.230288210903023     0.4592753331009638
-5.170991849838689     0.4379455665891651
-5.111695488774355     0.4750361289040906
-5.0523991277100215     0.5845368422988229
-4.993102766645688     0.792816084436238
-4.933806405581354     1.152716236114388
-4.87451004451702     1.7152708693436518
-4.815213683452686     2.4564899657998573
-4.755917322388353     3.2207176565292217
-4.696620961324019     3.7674279690615013
-4.637324600259685     3.9292228942558403
-4.578028239195351     3.7536807341998113
-4.5187318781310175     3.4778461992586935
-4.459435517066684     3.343975352978267
-4.40013915600235     3.4332945539497435
-4.340842794938016     3.6632148311721524
-4.281546433873682     3.913883341852804
-4.222250072809349     4.138096365858506
-4.162953711745011     4.354098682682672
-4.1036573506806775     4.547420639950852
-4.044360989616344     4.606831313698001
-3.98506462855201     4.398065633082087
-3.925768267487676     3.9256113030990223
-3.8664719064233424     3.4086392615147845
-3.8071755453590086     3.173602049228094
-3.747879184294675     3.4530965943121865
-3.688582823230341     4.243442475512028
-3.6292864621660073     5.285591106977488
-3.5699901011016735     6.1606623735760335
-3.5106937400373397     6.478074953242922
-3.451397378973006     6.0855465746930335
-3.392101017908672     5.165763261347504
-3.3328046568443384     4.138606832593698
-3.2735082957800046     3.445403568060776
-3.214211934715671     3.373389392149183
-3.154915573651337     4.008627047310327
-3.0956192125870032     5.290496634298891
-3.0363228515226695     7.091206059600662
-2.9770264904583357     9.2751953072463
-2.917730129394002     11.753911400446423
-2.858433768329668     14.542245413191038
-2.7991374072653343     17.722276018599935
-2.7398410462010006     21.231305517184577
-2.6805446851366668     24.65871077682373
-2.621248324072333     27.404676041874428
-2.561951963007999     29.185416579482823
-2.5026556019436654     30.336458835000233
-2.443359240879328     31.50711615356758
-2.3840628798149943     33.09102333840754
-2.3247665187506605     35.05184083139554
-2.2654701576863268     37.22394448522023
-2.206173796621993     39.55632708875058
-2.146877435557659     41.97431831852704
-2.0875810744933254     44.144945992863725
-2.0282847134289916     45.53361155303222
-1.9689883523646579     45.71316477919317
-1.909691991300324     44.62467282934944
-1.8503956302359903     42.64472745192164
-1.7910992691716565     40.520290489732474
-1.7318029081073227     39.22261974345312
-1.672506547042989     39.6755599458498
-1.6132101859786552     42.35491974734146
-1.5539138249143214     46.96322029538943
-1.4946174638499876     52.51808679335453
-1.4353211027856538     57.96888612269028
-1.37602474172132     62.96909258672355
-1.3167283806569863     68.17912043547943
-1.2574320195926525     74.78845102932867
-1.1981356585283187     83.57919803525593
-1.138839297463985     94.23761651745227
-1.0795429363996512     105.40463592447612
-1.0202465753353174     115.3320437008984
-0.9609502142709836     122.58946277183898
-0.9016538532066498     126.43640300923978
-0.842357492142316     126.89060918930639
-0.7830611310779787     124.63492344938912
-0.7237647700136449     120.77443259481208
-0.6644684089493111     116.46835299420084
-0.6051720478849774     112.537529553116
-0.5458756868206436     109.07051364849335
-0.4865793257563098     105.10942509304508
-0.427282964691976     98.84156465537129
-0.36798660362764224     88.66387276745185
-0.30869024256330846     74.59467375244645
-0.24939388149897468     58.76712476509827
-0.1900975204346409     44.33553874378572
-0.13080115937030712     33.58667333337381
-0.07150479830597334     26.76817799496964
-0.012208437241639558     22.42599544373126
0.04708792382269422     18.741291269836854
0.106384284887028     14.717950703471807
0.16568064595136178     10.475100412263878
0.22497700701569556     6.751452090965422
0.28427336808002934     4.224895888451908
0.3435697291443631     3.1207427997474637
0.4028660902086969     3.175440960576964
0.4621624512730307     3.804562675468935
0.5214588123373645     4.3707025096988
0.5807551734016982     4.49012732567227
0.640051534466032     4.222605317447883
0.6993478955303658     3.9627833869475007
0.7586442565946996     4.066412052383214
0.8179406176590334     4.511102914785161
0.8772369787233707     4.893300512910159
0.9365333397877045     4.7638242314541746
0.9958297008520383     3.9909202919035307
1.055126061916372     2.8319177461091396
1.1144224229807058     1.7005167487492905
1.1737187840450396     0.8947798123551489
1.2330151451093734     0.5153142138928233
1.2923115061737072     0.5624575870710193
1.351607867238041     1.0486140931853996
1.4109042283023747     2.0006571791868923
1.4702005893667085     3.3587090360518888
1.5294969504310423     4.882790453092554
1.588793311495376     6.180895356778234
1.6480896725597098     6.863449044858124
1.7073860336240436     6.718044743542842
1.7666823946883774     5.798237429493401
1.8259787557527112     4.393571786247264
1.885275116817045     2.9009256201305074
1.9445714778813787     1.6546841642652645
2.0038678389457125     0.8088955488623979
2.0631642000100463     0.33674785754958036
2.12246056107438     0.11907029579946819
2.181756922138714     0.036988503519884586
2.2410532832030476     0.015894243234667337
2.3003496442673814     0.02757047353282658
2.359646005331715     0.07991696127047249
2.418942366396049     0.20941923960178177
2.4782387274603828     0.4707334108281085
2.5375350885247165     0.9119008734400915
2.596831449589054     1.5375883480997392
2.6561278106533877     2.2816384136128196
2.7154241717177214     3.0107631337953586
2.774720532782055     3.5655767420488096
2.834016893846389     3.837154038266058
2.8933132549107228     3.865966893049581
2.9526096159750566     3.9036298224125634
3.0119059770393903     4.342451529797026
3.071202338103724     5.491356681695364
3.130498699168058     7.334808626535935
3.1897950602323917     9.479864540977559
3.2490914212967255     11.364293977084888
3.3083877823610592     12.57382928567116
3.367684143425393     13.020863985313632
3.426980504489727     12.87502460788868
3.4862768655540606     12.373855580741923
3.5455732266183944     11.719693596210636
3.604869587682728     11.099706733344703
3.664165948747062     10.686347183589977
3.7234623098113957     10.540534756607503
3.7827586708757295     10.53341290907225
3.8420550319400633     10.413379134815461
3.901351393004397     9.965009736092831
3.960647754068731     9.113660056488026
4.019944115133065     7.92420875288523
4.079240476197398     6.548124140615741
4.138536837261732     5.172381625917664
4.197833198326066     3.9801288278944695
4.257129559390403     3.109364463996443
4.316425920454737     2.5990492254458393
4.375722281519071     2.350844449559075
4.435018642583405     2.167792939798063
4.494315003647738     1.8769641397438472
4.553611364712072     1.4398088858204328
4.612907725776406     0.9493227670878277
4.67220408684074     0.5306036392134346
4.7315004479050735     0.24989284055964672
4.790796808969407     0.09890961917321672
4.850093170033741     0.032865549678455404
4.909389531098075     0.009163319843793755
4.968685892162409     0.0021433078171167394
5.027982253226742     0.00042053015290430127
5.087278614291076     6.921078526248474e-05
5.14657497535541     9.55448188226085e-06
5.205871336419744     1.1063538624096713e-06
5.2651676974840775     1.0745661101706771e-07
5.324464058548411     8.754347637210341e-09
5.383760419612745     5.982266275907963e-10
5.443056780677079     3.428932042460087e-11
5.502353141741413     1.6485538993338366e-12
5.561649502805746     6.64811517901386e-14
5.62094586387008     2.248769894823518e-15
5.680242224934414     6.380321971610509e-17
5.739538585998748     1.5184177108987905e-18
5.798834947063082     3.031035424979515e-20
5.858131308127415     5.075067779643201e-22
5.917427669191749     7.127607270341596e-24
5.9767240302560865     8.396470293946203e-26
6.03602039132042     8.296612960036566e-28
6.095316752384754     6.877908525251172e-30
6.154613113449088     2.6458069002456545e-31
6.213909474513422     2.4786199148389687e-29
6.273205835577755     2.377100666991594e-27
6.332502196642089     1.9122320998318495e-25
6.391798557706423     1.2902805284923787e-23
6.451094918770757     7.302611426259238e-22
6.5103912798350905     3.466751819147194e-20
6.569687640899424     1.380440918163777e-18
6.628984001963758     4.6106633043510213e-17
6.688280363028092     1.2916936011868758e-15
6.747576724092426     3.035331460242859e-14
6.806873085156759     5.982783067449512e-13
6.866169446221093     9.891243849575372e-12
6.925465807285427     1.3716682533811744e-10
6.984762168349761     1.5955036564268896e-09
7.0440585294140945     1.5566719122779477e-08
7.103354890478428     1.2739342774119191e-07
7.162651251542762     8.744758358501762e-07
7.221947612607096     5.035006150796688e-06
7.28124397367143     2.4316722465734985e-05
7.340540334735763     9.850691150064788e-05
7.399836695800097     0.00033473027743064366
7.459133056864431     0.0009541491873058424
7.518429417928765     0.002281918123415107
7.5777257789930985     0.004580673556301268
7.637022140057436     0.007726539980230115
7.69631850112177     0.010983052716486103
7.755614862186103     0.013254717700550808
7.814911223250437     0.013831902629961784
7.874207584314771     0.01299966808652231
7.933503945379105     0.01181133823085773
7.9928003064434385     0.011141248487164013
8.052096667507772     0.010946037575779208
8.111393028572106     0.010458916835549996
8.17068938963644     0.009038184453427566
8.229985750700774     0.006767591157111294
8.289282111765107     0.004306029492908946
8.348578472829441     0.0023100502447444505
8.407874833893775     0.001043684003240902
8.467171194958109     0.0004065999040671908
8.526467556022443     0.00017721680078295465
8.585763917086776     0.00021413443004311277
8.64506027815111     0.0005366845811602851
8.704356639215444     0.0013119611280786184
8.763653000279778     0.0027534859508392094
8.822949361344111     0.004922754787258879
8.882245722408445     0.007517476423390934
8.941542083472779     0.009841052217393304
9.000838444537113     0.011083282759557972
9.060134805601447     0.010780883872163671
9.11943116666578     0.009127132220854189
9.178727527730114     0.006900793558511876
9.238023888794448     0.005083455733720896
9.297320249858782     0.004422564502331519
9.356616610923119     0.0051456715451179465
9.415912971987453     0.006898126707926145
9.475209333051787     0.008916935286375648
9.53450569411612     0.01039238541953442
9.593802055180454     0.010832307968413182
9.653098416244788     0.010209175689466856
9.712394777309122     0.008857246890730341
9.771691138373455     0.007259212473790402
9.83098749943779     0.005828861921801919
9.890283860502123     0.004740299489094613
9.949580221566457     0.003899244279596257
10.00887658263079     0.0031052617360505415
10.068172943695124     0.002264206195605167
10.127469304759455     0.0014500510945523834
10.186765665823796     0.000796508427848877
10.24606202688813     0.0003708212969876138
10.305358387952463     0.00014549907086994083
10.364654749016797     4.798985950887805e-05
10.42395111008113     1.3290003814947244e-05
10.483247471145464     3.091299016761717e-06
10.542543832209798     6.324396341152563e-07
10.601840193274132     3.624831947437546e-07
10.661136554338466     1.94207072130778e-06
10.7204329154028     1.1822771555971612e-05
10.779729276467133     6.081961099965951e-05
10.839025637531467     0.00026280360957747805
10.8983219985958     0.0009547822562399403
10.957618359660135     0.0029224079950337534
11.016914720724468     0.007563967912560404
11.076211081788802     0.016665369271078933
11.135507442853136     0.03161534953476898
11.19480380391747     0.05258858395110211
11.254100164981804     0.07864867208314605
11.313396526046137     0.10864507090862827
11.372692887110471     0.14114695798079402
11.431989248174805     0.17258625922594295
11.491285609239139     0.19623381342674895
11.550581970303472     0.2053224085821454
11.609878331367806     0.1989280570549027
11.66917469243214     0.18483813814744596
11.728471053496474     0.17564753064866448
11.787767414560808     0.18055811432304586
11.847063775625141     0.19940948264637176
11.906360136689475     0.22384013796699437
11.965656497753809     0.2442128987906944
12.024952858818143     0.255601471179615
12.084249219882476     0.25786232713369606
12.14354558094681     0.25180977808600535
12.202841942011144     0.23692511804903021
12.262138303075478     0.21249438853126074
12.321434664139812     0.17980962795469702
12.380731025204145     0.14317444971028653
12.44002738626848     0.10939741081038476
12.499323747332813     0.08589246009670881
12.558620108397147     0.07770937337502447
12.61791646946148     0.08523195646105194
12.677212830525814     0.10484497035679771
12.736509191590148     0.132683286626175
12.795805552654482     0.16836654183675887
12.855101913718816     0.21483141931296765
12.91439827478315     0.2734792193069708
12.973694635847483     0.3385788519662626
13.032990996911817     0.3965233832229968
13.09228735797615     0.43169710368240966
13.151583719040485     0.4348546910016248
13.210880080104818     0.40805015352140783
13.270176441169152     0.3634214110574001
13.329472802233486     0.31725164581862314
13.38876916329782     0.28269959971152026
13.448065524362153     0.2650262848851098
13.507361885426487     0.26199956269776664
13.566658246490828     0.26845609516141794
13.625954607555162     0.2804939008025593
13.685250968619496     0.29619326155765885
13.74454732968383     0.31457201063379486
13.803843690748163     0.3354562278460493
13.863140051812497     0.3591554894408853
13.92243641287683     0.38410893503499344
13.981732773941165     0.4053390551190418
14.041029135005498     0.41772835876975295
14.100325496069832     0.42153151619098356
14.159621857134166     0.42291795165867785
14.2189182181985     0.4277906479917293
14.278214579262833     0.43523814363601027
14.337510940327167     0.43698623511279033
14.396807301391501     0.4228751848422281
14.456103662455835     0.38805779984757904
14.515400023520169     0.3374863533926873
14.574696384584502     0.28491298285724176
14.633992745648836     0.2464773475683958
14.69328910671317     0.23240502342683592
14.752585467777504     0.24172680554424397
14.811881828841837     0.26302138083770243
14.871178189906171     0.28055502435594554
14.930474550970505     0.28206970435490164
14.989770912034839     0.26379629812392724
15.049067273099173     0.2305929213049982
15.108363634163506     0.19233186257517304
15.16765999522784     0.15920193841662714
15.226956356292174     0.1381772042794944
15.286252717356508     0.13167126320064965
15.345549078420841     0.13811583235020958
15.404845439485175     0.15340969559054446
15.464141800549509     0.17227102497277846
15.523438161613843     0.18915111899344927
15.582734522678177     0.198946928292637
15.64203088374251     0.19798735483032326
15.701327244806844     0.18529453305415278
15.760623605871178     0.16318083302028388
15.819919966935512     0.13625854072910107
15.879216327999846     0.10936329159882588
15.93851268906418     0.08594263038145342
15.997809050128513     0.06780053382389337
16.057105411192847     0.05572709562639577
16.11640177225718     0.049983320191930594
16.175698133321514     0.05008954332775234
16.234994494385848     0.05429219888230555
16.294290855450182     0.05966587808398613
16.353587216514516     0.06332309127559473
16.41288357757885     0.06389316886030144
16.472179938643183     0.06183427242722697
16.531476299707517     0.05829808072253487
16.59077266077185     0.05389323617840672
16.650069021836185     0.04863004660181784
16.70936538290052     0.042677940889793056
16.768661743964852     0.036664113063863586
16.827958105029186     0.031186229405321914
16.88725446609352     0.02637260050586178
16.94655082715786     0.02208446710519196
17.005847188222194     0.018389405209921758
17.065143549286528     0.015673968623065516
17.124439910350862     0.014300954360681664
17.183736271415196     0.014213283669657566
17.24303263247953     0.014872417315149527
17.302328993543863     0.015558504391821392
17.361625354608197     0.015765331226253156
17.42092171567253     0.015432610330790412
17.480218076736865     0.014922863880690685
17.5395144378012     0.01475999832985393
17.598810798865532     0.01525522929468519
17.658107159929866     0.016262651769047103
17.7174035209942     0.017228703836703198
17.776699882058534     0.01747366517029008
17.835996243122867     0.016562158295389776
17.8952926041872     0.01463380138633265
17.954588965251535     0.012465913703834479
18.01388532631587     0.01106710150786882
18.073181687380202     0.011003446224099869
18.132478048444536     0.012017699411558544
18.19177440950887     0.013284269198478062
18.251070770573204     0.014047366803167984
18.310367131637538     0.014074533599624399
18.36966349270187     0.013614737283328519
18.428959853766205     0.01303265719396636
18.48825621483054     0.012486576772001124
18.547552575894873     0.011854926674006427
18.606848936959206     0.01090131630087498
18.66614529802354     0.009543172172393281
18.725441659087874     0.008006571570141525
18.784738020152208     0.0067032454987714955
18.84403438121654     0.005919085175947189
18.903330742280875     0.0056042957661484195
18.96262710334521     0.0054535219368400285
19.021923464409543     0.0051826678736786366
19.081219825473877     0.004745912512897495
19.14051618653821     0.004314233645494613
19.199812547602544     0.004057074947125993
19.259108908666878     0.003943072054146395
19.318405269731212     0.0037520482039336504
19.377701630795546     0.003279001817517143
19.43699799185988     0.002519594357018746
19.496294352924213     0.0016633122156688054
19.555590713988547     0.0009328245430582419
19.61488707505288     0.00044204352978822244
19.674183436117215     0.00017651717034484964
19.73347979718155     5.9314067957437585e-05
19.792776158245882     1.6804700630568316e-05
19.852072519310216     4.369321081687329e-06
19.91136888037455     3.2534670127782137e-06
19.970665241438883     1.3028606164107838e-05
20.029961602503217     5.669684812685182e-05
20.08925796356755     0.00020894457586532526
20.148554324631885     0.000646081595591547
20.20785068569622     0.0016757080098368693
20.267147046760552     0.0036455239503877905
20.326443407824893     0.006652309087715016
20.385739768889227     0.010182107228539137
20.44503612995356     0.013072732386616548
20.504332491017895     0.01408048682309814
20.56362885208223     0.012732685269262006
20.622925213146562     0.009707251577017833
20.682221574210896     0.006383677369925747
20.74151793527523     0.0040454013554048745
20.800814296339563     0.0034290568602518804
20.860110657403897     0.004730430218107064
20.91940701846823     0.007666619726055381
20.978703379532565     0.011389294842620152
21.0379997405969     0.01455430483815454
21.097296101661232     0.015875717319750317
21.156592462725566     0.014891015157091108
21.2158888237899     0.01223074854305815
21.275185184854234     0.009109773263974198
21.334481545918567     0.006560143794174612
21.3937779069829     0.0050699178258550946
21.453074268047235     0.004683045614076601
21.51237062911157     0.005157763760557052
21.571666990175903     0.005993684706070756
21.630963351240236     0.0065320263723294214
21.69025971230457     0.006280162613004351
21.749556073368904     0.00523167265775521
21.808852434433238     0.0038426927456109553
21.86814879549757     0.0026647656216582548
21.927445156561905     0.001974657959800524
21.98674151762624     0.0016880990618626443
22.046037878690573     0.001540795387924004
