-21.698385230024723     0.29582192097426524
-21.543789579868267     0.16696711494455962
-21.389193929711812     0.0892503066411538
-21.234598279555357     0.3081916259596538
-21.0800026293989     0.6397371795274144
-20.925406979242446     0.9231703329834963
-20.77081132908599     1.080841288364785
-20.616215678929535     0.7504691544990112
-20.46162002877308     0.3303330101438008
-20.307024378616624     0.07608997024745026
-20.15242872846017     0.006341311006404844
-19.997833078303714     0.0001661805350598137
-19.84323742814726     1.3280003175727084e-06
-19.688641777990803     3.2170259221121094e-09
-19.534046127834348     2.3596830777709533e-12
-19.379450477677892     5.239608918421444e-16
-19.224854827521437     3.521851170745736e-20
-19.07025917736498     7.165825297715185e-25
-18.915663527208526     4.413506225648931e-30
-18.76106787705207     8.228552092358526e-36
-18.60647222689562     4.643925255302954e-42
-18.45187657673916     7.933578648378101e-49
-18.297280926582708     4.102750928435499e-56
-18.14268527642625     6.422487739182249e-64
-17.988089626269797     3.043361383192855e-72
-17.833493976113342     4.365418430715133e-81
-17.678898325956887     1.8954849482186443e-90
-17.52430267580043     2.4913651723468865e-100
-17.369707025643976     4.452590771337049e-96
-17.21511137548752     2.197027023161099e-86
-17.060515725331065     3.2815583122996115e-77
-16.90592007517461     1.483702961421604e-68
-16.751324425018154     2.0306539094545963e-60
-16.5967287748617     8.41292409452859e-53
-16.442133124705244     1.0550672488150886e-45
-16.287537474548788     4.005303518486373e-39
-16.132941824392333     4.602702078162012e-33
-15.978346174235877     1.6010781570515907e-27
-15.823750524079422     1.6859115656285879e-22
-15.669154873922967     5.373793865557947e-18
-15.514559223766511     5.185091585843077e-14
-15.359963573610056     1.5145420063241864e-10
-15.2053679234536     1.3394718839416762e-07
-15.050772273297145     3.589325936128713e-05
-14.89617662314069     0.002921912391525097
-14.741580972984234     0.07298526435023261
-14.586985322827779     0.5798363290542613
-14.432389672671324     1.6334914630103856
-14.277794022514868     2.0337450412889146
-14.123198372358413     1.8582354717001495
-13.968602722201958     3.3118667007754383
-13.814007072045502     4.646742398783137
-13.659411421889047     3.673794297498273
-13.504815771732591     1.6426207251686484
-13.350220121576138     0.2953126673407039
-13.195624471419682     0.017579460817464466
-13.041028821263227     0.0003298637190464505
-12.886433171106772     4.892974708104381e-05
-12.731837520950316     0.0007358445803935992
-12.577241870793861     0.0034856917327769016
-12.422646220637406     0.004999358972945005
-12.26805057048095     0.002229854043768949
-12.113454920324495     0.0018818872441836206
-11.95885927016804     0.020287574748774493
-11.804263620011584     0.0943451503383338
-11.649667969855129     0.14789785225621038
-11.495072319698673     0.11463466625291918
-11.340476669542218     0.15920239527233818
-11.185881019385763     0.326786730059108
-11.031285369229307     0.5094739206771067
-10.876689719072852     0.4910972594853637
-10.722094068916396     0.5040809614484889
-10.567498418759941     0.7930439461933705
-10.412902768603486     0.964830003064308
-10.25830711844703     0.8362598525759881
-10.103711468290577     0.5510308663527328
-9.949115818134121     0.31774846719979644
-9.794520167977666     0.1444040968568628
-9.63992451782121     0.02995626825997999
-9.485328867664755     0.0020962398050543385
-9.3307332175083     5.4638181148966556e-05
-9.176137567351844     0.0009718793120241163
-9.021541917195389     0.03174801072873754
-8.866946267038934     0.31428843761920333
-8.712350616882478     0.9533988475506862
-8.557754966726023     1.0365033472708813
-8.403159316569567     1.0324960768390699
-8.248563666413112     1.352222403927356
-8.093968016256657     2.0093693515516766
-7.939372366100201     3.360996242628269
-7.784776715943746     3.505359783525234
-7.630181065787291     2.159296137254162
-7.475585415630835     0.7348820359831816
-7.32098976547438     0.13435740350413386
-7.1663941153179245     0.029908251993282207
-7.011798465161469     0.01669726231981778
-6.857202815005014     0.2297085335651994
-6.70260716484856     1.8543606058147661
-6.548011514692105     5.256599003933456
-6.393415864535649     6.564977710326248
-6.238820214379194     8.098960718333105
-6.084224564222739     10.963278666040441
-5.929628914066283     9.394636101496545
-5.775033263909828     4.69672719619774
-5.620437613753371     1.0820714989133209
-5.465841963596915     0.09082620152485255
-5.31124631344046     0.002493157663681802
-5.156650663284008     2.14423721585633e-05
-5.002055013127553     5.674487106676087e-08
-4.847459362971097     4.5835623922954686e-11
-4.692863712814642     3.17941611385267e-13
-4.538268062658187     2.7826686457590523e-10
-4.383672412501731     7.642855357952689e-08
-4.229076762345276     6.35436120754129e-06
-4.0744811121888205     0.0001599227562678589
-3.919885462032365     0.0012183462943055423
-3.7652898118759097     0.0028096605345317178
-3.6106941617194543     0.001961924292194701
-3.456098511562999     0.00044288995571868374
-3.3015028614065436     0.00046254527075808514
-3.146907211250088     0.0020262564699546747
-2.992311561093633     0.002891136244509702
-2.8377159109371775     0.0017456025714270753
-2.683120260780722     0.002872695437178594
-2.5285246106242667     0.008056254608524317
-2.3739289604678113     0.01456697200052153
-2.219333310311356     0.017272209500147104
-2.0647376601549006     0.017252252658358398
-1.9101420099984452     0.018787445950419056
-1.7555463598419898     0.02615232694494587
-1.6009507096855344     0.03591719812435019
-1.446355059529079     0.036991854381862345
-1.2917594093726237     0.037725496336985034
-1.1371637592161683     0.040297863516161714
-0.9825681090597129     0.049449435377960156
-0.8279724589032575     0.053196677328941185
-0.6733768087468022     0.04521051471374889
-0.5187811585903468     0.03657314797433627
-0.3641855084338914     0.035098032091272824
-0.20958985827743604     0.03688280755665065
-0.05499420812098066     0.02824544319024505
0.09960144203547472     0.011923291808078818
0.2541970921919301     0.0023829641581879094
0.4087927423483855     0.0003909019784467516
0.5633883925048409     0.000160565110417004
0.7179840426612962     3.378568792664682e-05
0.8725796928177516     2.2102349697396763e-06
1.027175342974207     4.3817241495255216e-08
1.1817709931306624     2.629628259703581e-10
1.3363666432871177     4.777126208353163e-13
1.4909622934435696     2.627006967304444e-16
1.645557943600025     4.426087493214243e-20
1.8001535937564803     6.01407750381072e-18
1.9547492439129357     2.0674248755899498e-14
2.109344894069391     2.163903565352683e-11
2.2639405442258465     6.939834002198763e-09
2.418536194382302     6.907779208430324e-07
2.573131844538757     2.187848578744104e-05
2.7277274946952126     0.00023074710435896272
2.882323144851668     0.0008768906812478681
3.0369187950081233     0.001378733189910073
3.1915144451645787     0.0011933154389790386
3.346110095321034     0.0010814925004906282
3.5007057454774895     0.0014905639572728344
3.655301395633945     0.0020153946063274967
3.8098970457904002     0.0017878093364264588
3.9644926959468556     0.0012585122758159144
4.119088346103311     0.0012453680749023443
4.273683996259766     0.0013183631794189128
4.428279646416222     0.0010759756689256905
4.582875296572677     0.0006765157737777086
4.7374709467291325     0.00037646461940494993
4.892066596885588     0.00010836692503015614
5.046662247042043     1.129094077784943e-05
5.201257897198499     3.8779151575832096e-07
5.355853547354954     4.234957942639266e-09
5.510449197511409     1.4397031260207818e-11
5.665044847667865     1.5043353704560342e-14
5.81964049782432     4.797504689770226e-18
5.9742361479807755     2.172035301345446e-17
6.128831798137231     1.8535555850114825e-13
6.283427448293686     4.789017956835298e-10
6.438023098450142     3.7475519541447026e-07
6.592618748606597     8.893493676943882e-05
6.747214398763052     0.006428379716919919
6.901810048919508     0.14354301170388076
7.056405699075963     1.0340062992773442
7.2110013492324185     2.6895450327989927
7.365596999388874     3.280974707386036
7.520192649545329     4.092081639750568
7.674788299701785     7.235015079854433
7.82938394985824     7.015077616721165
7.983979600014695     2.695582426899583
8.138575250171147     0.37721737750777873
8.293170900327603     0.01814136426781625
8.447766550484058     0.0002867378163096689
8.602362200640513     1.4434703022264262e-06
8.756957850796969     2.413291303446916e-08
8.911553500953424     2.5009710466912243e-06
9.06614915110988     9.438812109358108e-05
9.220744801266335     0.0012708820881655225
9.37534045142279     0.006500867555560971
9.529936101579246     0.012393776089111
9.684531751735701     0.008141765861649858
9.839127401892156     0.0017229922265063272
9.993723052048612     0.0001542548963653146
10.148318702205067     0.0008587830258963816
10.302914352361523     0.005405185211775335
10.457510002517981     0.010325449259207793
10.612105652674433     0.005971197485047261
10.766701302830892     0.0010829484304397082
10.921296952987344     0.0010706894692837018
11.075892603143803     0.00825410003483827
11.230488253300255     0.020313096613688256
11.385083903456707     0.015351238996492586
11.539679553613166     0.00636551077509695
11.694275203769617     0.011981224192371808
11.848870853926076     0.014144076096842175
12.003466504082528     0.005155250203414715
12.158062154238987     0.0008143672907296829
12.312657804395439     0.004558866547512913
12.467253454551898     0.02763352675767133
12.62184910470835     0.06676957530009092
12.776444754864809     0.09938038934655737
12.93104040502126     0.11686349374879956
13.08563605517772     0.09617782839911174
13.240231705334171     0.055057354226428615
13.39482735549063     0.022253632835892954
13.549423005647082     0.02464888160983568
13.70401865580354     0.05805630019247517
13.858614305959993     0.0618487434292679
14.013209956116452     0.046875341600966174
14.167805606272903     0.038540939381885755
14.322401256429362     0.023628296842471974
14.476996906585814     0.00795589702069759
14.631592556742273     0.0010206584646126572
14.786188206898725     4.1918718626703996e-05
14.940783857055184     5.272850427569172e-07
15.095379507211636     2.0125382218022244e-09
15.249975157368095     2.326367440098644e-12
15.404570807524546     8.141020796165604e-16
15.559166457681005     8.749263753480655e-20
15.713762107837457     3.1664278168024874e-17
15.868357757993916     2.423898761711469e-13
16.022953408150368     5.618249889998603e-10
16.177549058306827     3.945469875355461e-07
16.33214470846328     8.41212295525482e-05
16.486740358619738     0.005484037616508227
16.64133600877619     0.11207593391294512
16.79593165893265     0.7815393667592095
16.9505273090891     2.317040681846832
17.10512295924556     3.8328975951012594
17.25971860940201     4.704690293232383
17.41431425955847     6.853014653069723
17.56890990971492     7.541441922834597
17.72350555987138     5.003339439217853
17.878101210027832     2.538469296273299
18.032696860184284     1.3173739795858448
18.187292510340743     0.4171438097823523
18.341888160497195     0.04692386186548746
18.496483810653654     0.0016405347750407515
18.651079460810106     1.743716728418437e-05
18.805675110966565     5.6144554894627524e-08
18.960270761123017     4.687018264092363e-10
19.114866411279475     3.1223449302543346e-07
19.269462061435927     7.12933183646468e-05
19.424057711592386     0.004930768355620801
19.578653361748838     0.10372092363863601
19.733249011905297     0.6845133216825084
19.88784466206175     1.7427846284794875
20.042440312218208     3.26701422694608
20.19703596237466     5.06936177193099
20.35163161253112     4.782676283295429
20.50622726268757     3.110333410555177
