-21.982227181984136     1.1883216870663156
-21.937420525500993     1.3044761270620207
-21.892613869017847     1.343550775683662
-21.847807212534704     1.319029864790031
-21.803000556051558     1.2713356595220577
-21.758193899568415     1.2592361386462074
-21.71338724308527     1.3416970439776879
-21.668580586602125     1.5554714214240208
-21.62377393011898     1.8982384748168315
-21.578967273635836     2.327228755197575
-21.534160617152693     2.7767244547679435
-21.489353960669547     3.187231101502657
-21.444547304186404     3.531285005984195
-21.399740647703258     3.821737112842387
-21.354933991220115     4.097980652643536
-21.31012733473697     4.398016488538077
-21.265320678253826     4.732285002840215
-21.220514021770683     5.074882442601671
-21.175707365287536     5.37922739514888
-21.130900708804393     5.611752405310628
-21.086094052321247     5.785093089337052
-21.041287395838104     5.96934588231592
-20.996480739354958     6.270343175810416
-20.951674082871815     6.782751009451456
-20.90686742638867     7.541167983266533
-20.862060769905526     8.49407283278757
-20.81725411342238     9.512959225873965
-20.772447456939236     10.431205524305785
-20.727640800456093     11.094845287933694
-20.682834143972947     11.4056052740012
-20.638027487489804     11.343396360694436
-20.593220831006658     10.965243184918974
-20.548414174523515     10.385580408283658
-20.50360751804037     9.746941014576294
-20.458800861557226     9.190370409482048
-20.413994205074083     8.832082262433682
-20.369187548590936     8.748297265353877
-20.324380892107794     8.96660327361333
-20.279574235624647     9.462106330480859
-20.234767579141504     10.159424630954494
-20.189960922658358     10.943241551965286
-20.145154266175215     11.677969692740499
-20.10034760969207     12.233176161489585
-20.055540953208926     12.50976002713322
-20.010734296725783     12.462669414440581
-19.965927640242636     12.115717731351074
-19.921120983759494     11.56184069968632
-19.876314327276347     10.942546731794776
-19.831507670793204     10.407857628293632
-19.786701014310058     10.069623908506525
-19.741894357826915     9.967321656780571
-19.69708770134377     10.060179370879801
-19.652281044860626     10.246603437462777
-19.607474388377483     10.401128131412623
-19.562667731894336     10.416266564802772
-19.517861075411194     10.238936026411611
-19.473054418928047     9.892630176677223
-19.428247762444904     9.476298920236129
-19.383441105961758     9.1342856691596
-19.338634449478615     9.00274888147539
-19.293827792995472     9.152325065366377
-19.249021136512326     9.553389343616622
-19.204214480029183     10.081642575898774
-19.159407823546037     10.561775138360318
-19.114601167062894     10.828531093667268
-19.069794510579747     10.7790923089703
-19.024987854096604     10.399409155575091
-18.980181197613458     9.761186624701875
-18.935374541130315     8.996047405171618
-18.89056788464717     8.256404908787884
-18.845761228164026     7.672745673831258
-18.800954571680883     7.317786398370894
-18.756147915197737     7.187966534838865
-18.711341258714594     7.208666633807287
-18.666534602231447     7.26140344782711
-18.621727945748304     7.223105025942591
-18.576921289265158     7.003693240177908
-18.532114632782015     6.56983428085928
-18.487307976298872     5.9483870629045095
-18.442501319815726     5.210521275670585
-18.397694663332583     4.444318202587934
-18.352888006849437     3.727271091531104
-18.308081350366294     3.108568943293304
-18.263274693883147     2.6051140574965754
-18.218468037400005     2.208508467119364
-18.17366138091686     1.8967155507126903
-18.128854724433715     1.644950254265484
-18.084048067950572     1.433370817784234
-18.039241411467426     1.2512209571157316
-17.994434754984283     1.0972339623425242
-17.949628098501137     0.9760509835032312
-17.904821442017994     0.8919093511094163
-17.86001478553485     0.8430841547464073
-17.815208129051705     0.8206771537668749
-17.770401472568558     0.8121357785364467
-17.725594816085415     0.8059975065400526
-17.680788159602272     0.7938081459130107
-17.635981503119126     0.7686647983659121
-17.591174846635983     0.7236194005163951
-17.546368190152837     0.6531208848709105
-17.501561533669694     0.5569512806757926
-17.456754877186548     0.44289868380646763
-17.411948220703405     0.3251022529392032
-17.367141564220262     0.21867853232358428
-17.322334907737115     0.1341373299752085
-17.277528251253973     0.07479828992573187
-17.232721594770826     0.03784252909735556
-17.187914938287683     0.01734958676855668
-17.143108281804537     0.007202728090482448
-17.098301625321394     0.0027065018472319092
-17.05349496883825     0.0009202475290705762
-17.008688312355105     0.000283083438558992
-16.96388165587196     7.877612489785693e-05
-16.919074999388815     1.9829937407858977e-05
-16.874268342905673     4.516007527250477e-06
-16.829461686422526     9.358233800726967e-07
-16.784655029939383     2.0982408588241693e-07
-16.739848373456237     2.3419087701346294e-07
-16.695041716973094     1.0432568921498784e-06
-16.650235060489948     4.761834515891845e-06
-16.605428404006805     1.973820924328415e-05
-16.560621747523662     7.401138753341419e-05
-16.515815091040515     0.00025101267660708124
-16.471008434557373     0.0007700120807000153
-16.426201778074226     0.002136506175837442
-16.381395121591083     0.00536186029885079
-16.336588465107937     0.012171148597510235
-16.291781808624794     0.024989200675627696
-16.24697515214165     0.046406402092023236
-16.202168495658505     0.07794857591279833
-16.15736183917536     0.11842497412460447
-16.112555182692216     0.162735963082496
-16.067748526209073     0.20226936748182603
-16.022941869725926     0.2273986725012238
-15.978135213242783     0.231247329238951
-15.933328556759639     0.21275330327880257
-15.888521900276494     0.17721830376031544
-15.84371524379335     0.13405006949660342
-15.798908587310205     0.09316872467761637
-15.754101930827062     0.06217119378277108
-15.709295274343916     0.04545385775035919
-15.664488617860773     0.04493721394996157
-15.619681961377626     0.06103173621787936
-15.574875304894483     0.0926470329021628
-15.530068648411339     0.1361290637230373
-15.485261991928194     0.18421178146970393
-15.44045533544505     0.2264995261867433
-15.395648678961905     0.2521820079964995
-15.350842022478762     0.25403152819612523
-15.306035365995616     0.23147073070469487
-15.261228709512473     0.19077293118054103
-15.216422053029326     0.142214540541391
-15.171615396546184     0.09589068897801026
-15.126808740063039     0.058480855499668416
-15.082002083579894     0.03225936032441584
-15.03719542709675     0.016095427670600928
-14.992388770613605     0.007263635130018908
-14.947582114130462     0.0029649014281452855
-14.902775457647316     0.0010946403927333268
-14.857968801164173     0.00036554674178061074
-14.813162144681028     0.000110444445182983
-14.768355488197884     3.0378723064495153e-05
-14.723548831714739     8.661003052753367e-06
-14.678742175231594     7.803289587807892e-06
-14.63393551874845     2.859678345368495e-05
-14.589128862265305     0.00011795792827726557
-14.544322205782162     0.00044570085243839433
-14.499515549299016     0.0015270155335127562
-14.454708892815873     0.004742508781133247
-14.409902236332728     0.013354277413039337
-14.365095579849584     0.034102850464155815
-14.320288923366439     0.07900624756292667
-14.275482266883294     0.16612220828363325
-14.230675610400151     0.3172288083277795
-14.185868953917005     0.5507149915585215
-14.141062297433862     0.8704955033674363
-14.096255640950716     1.2559417489208005
-14.051448984467573     1.6605615280324233
-14.006642327984428     2.0244924852736865
-13.961835671501284     2.297203188527758
-13.917029015018139     2.4577272786082176
-13.872222358534994     2.518778509244955
-13.82741570205185     2.5113612119370505
-13.782609045568705     2.4609488441871514
-13.737802389085562     2.372834474108386
-13.692995732602418     2.2368781528595605
-13.648189076119273     2.0465752606267507
-13.603382419636128     1.8165698527200487
-13.558575763152984     1.584403004841298
-13.513769106669839     1.3941845875128107
-13.468962450186694     1.2727702870496844
-13.42415579370355     1.2141450373233658
-13.379349137220405     1.1822481912957459
-13.334542480737262     1.130524399574059
-13.289735824254118     1.0260933839528943
-13.244929167770973     0.864407990195703
-13.200122511287828     0.6674989958975825
-13.155315854804684     0.46967584613541086
-13.11050919832154     0.301108727059106
-13.065702541838395     0.17843232710702073
-13.02089588535525     0.10505924287824302
-12.976089228872107     0.07780991953354949
-12.931282572388962     0.09419170512000366
-12.886475915905818     0.1558522402972481
-12.841669259422673     0.26636053189060244
-12.796862602939528     0.42429881994254254
-12.752055946456384     0.6154036502224474
-12.70724928997324     0.8093276033987313
-12.662442633490095     0.965598126091197
-12.61763597700695     1.0485076954004178
-12.572829320523807     1.044222454317827
-12.528022664040662     0.9701768466382843
-12.483216007557518     0.8700913007729261
-12.438409351074373     0.7959190071140214
-12.393602694591229     0.7852271182889706
-12.348796038108084     0.8446450420026285
-12.30398938162494     0.9468287679682937
-12.259182725141795     1.0422826303685946
-12.214376068658652     1.0808378684438251
-12.169569412175507     1.0329120532925338
-12.124762755692363     0.9004519795629669
-12.079956099209218     0.7128777620127345
-12.035149442726073     0.5117118987251834
-11.990342786242929     0.33330418849411564
-11.945536129759784     0.1983389322109219
-11.90072947327664     0.11102390195803094
-11.855922816793495     0.06492942451101268
-11.811116160310352     0.050188952274842484
-11.766309503827207     0.05829161030112713
-11.721502847344063     0.08358323876459324
-11.676696190860918     0.12260225937843527
-11.631889534377773     0.1728178567761432
-11.587082877894629     0.23173783349214286
-11.542276221411484     0.2965693659528136
-11.49746956492834     0.36423833201435496
-11.452662908445197     0.4316860008094944
-11.407856251962052     0.49657790298256954
-11.363049595478907     0.5583919434503994
-11.318242938995763     0.6192668193531401
-11.273436282512618     0.6835917267796804
-11.228629626029473     0.7558016435296779
-11.183822969546329     0.8371489399682918
-11.139016313063184     0.9233319649844495
-11.09420965658004     1.0046663283275
-11.049403000096897     1.068954886132135
-11.004596343613752     1.1055698116827979
-10.959789687130607     1.1088391367488395
-10.914983030647463     1.0797952902865995
-10.870176374164318     1.0266325712555704
-10.825369717681173     0.9646733982979899
-10.780563061198029     0.9160143579102954
-10.735756404714884     0.9079963730216501
-10.690949748231741     0.9692064148314616
-10.646143091748597     1.1225880261869043
-10.601336435265452     1.377383487424973
-10.556529778782307     1.7238130727157948
-10.511723122299163     2.134446460369891
-10.466916465816018     2.5728382039310045
-10.422109809332873     3.004957465423189
-10.377303152849729     3.4066774840886
-10.332496496366584     3.7639884698694335
-10.287689839883441     4.068923917429708
-10.242883183400297     4.316893422418402
-10.198076526917152     4.507089989401675
-10.153269870434007     4.641688985309386
-10.108463213950863     4.719508405974116
-10.063656557467718     4.727024181006831
-10.018849900984574     4.636451415034619
-9.974043244501429     4.418473251955861
-9.929236588018286     4.066398986702287
-9.884429931535141     3.6181445505063334
-9.839623275051997     3.161126554340377
-9.794816618568852     2.813514289950453
-9.750009962085707     2.6870475220043266
-9.705203305602563     2.845461221108717
-9.660396649119418     3.2758891338786946
-9.615589992636274     3.888062344015135
-9.570783336153129     4.547091697581761
-9.525976679669986     5.130734226888447
-9.481170023186841     5.5867220562572415
-9.436363366703697     5.960089163135311
-9.391556710220552     6.3722702802910804
-9.346750053737408     6.959674427182849
-9.301943397254263     7.803705816777876
-9.257136740771118     8.889376501271293
-9.212330084287974     10.111211865970823
-9.16752342780483     11.316457170898355
-9.122716771321686     12.357521747075332
-9.077910114838541     13.129457016406045
-9.033103458355397     13.587020840409476
-8.988296801872252     13.751196859376149
-8.943490145389108     13.713843344420571
-8.898683488905963     13.63522374504098
-8.853876832422818     13.719371078715737
-8.809070175939674     14.160319767109925
-8.76426351945653     15.0747989717525
-8.719456862973386     16.454828232354124
-8.674650206490242     18.16842946896378
-8.629843550007097     20.00845537828538
-8.585036893523952     21.759248660638068
-8.540230237040808     23.243509105569004
-8.495423580557663     24.333873060365306
-8.450616924074518     24.945589541754646
-8.405810267591376     25.039181160377748
-8.36100361110823     24.64413766550851
-8.316196954625086     23.88472664186638
-8.271390298141942     22.976215507411094
-8.226583641658797     22.17586219021444
-8.181776985175652     21.703103087748268
-8.136970328692508     21.66374666745591
-8.092163672209363     22.012463444878662
-8.047357015726218     22.570993123255437
-8.002550359243076     23.096044999102553
-7.957743702759931     23.369229472449856
-7.912937046276786     23.270065038888053
-7.868130389793642     22.800073864522624
-7.823323733310497     22.050866828836902
-7.778517076827352     21.138761719873695
-7.733710420344208     20.14455930793212
-7.688903763861063     19.09016778703515
-7.64409710737792     17.959756266895262
-7.599290450894776     16.747297144004104
-7.554483794411631     15.498326787108008
-7.509677137928486     14.317252949202777
-7.464870481445342     13.330594628601384
-7.420063824962197     12.623004451608251
-7.375257168479052     12.183184155474006
-7.330450511995908     11.896227014793809
-7.285643855512763     11.592904470078205
-7.24083719902962     11.129480176966954
-7.196030542546476     10.450725249240037
-7.151223886063331     9.601125894246914
-7.106417229580186     8.685262844308152
-7.061610573097042     7.809235812151177
-7.016803916613897     7.0387978180671285
-6.9719972601307525     6.389385695149606
-6.927190603647608     5.839587666440452
-6.882383947164463     5.350706244665697
-6.83757729068132     4.881814949921179
-6.792770634198176     4.400191270614207
-6.747963977715031     3.8907129215684964
-6.7031573212318865     3.3643110078012812
-6.658350664748742     2.8615489145565927
-6.613544008265597     2.4478336615841725
-6.5687373517824525     2.2005107199587512
-6.523930695299308     2.191005896284549
-6.479124038816165     2.465578064377132
-6.43431738233302     3.0280581813514256
-6.389510725849876     3.8292328818550474
-6.344704069366731     4.769183122690994
-6.2998974128835865     5.717188579532817
-6.255090756400442     6.546360332440112
-6.210284099917297     7.1699283466475965
-6.165477443434153     7.561188869806168
-6.120670786951008     7.746217832954784
-6.075864130467865     7.774837973397556
-6.0310574739847205     7.688800695845092
-5.986250817501576     7.505794836538461
-5.941444161018431     7.224846791256353
-5.896637504535288     6.844515620485185
-5.851830848052142     6.380144539015035
-5.807024191568999     5.8706032266630075
-5.762217535085853     5.3720470404625456
-5.71741087860271     4.941480421666656
-5.672604222119563     4.616367922360462
-5.6277975656364205     4.399215561411957
-5.582990909153274     4.2561686488690285
-5.538184252670131     4.13333582440241
-5.493377596186988     3.984655322466929
-5.448570939703842     3.7969230251873425
-5.403764283220699     3.5979821591542898
-5.358957626737553     3.443886343441288
-5.31415097025441     3.393251635972983
-5.269344313771263     3.4829458699204308
-5.224537657288121     3.7152519871070893
-5.179731000804974     4.057695896261538
-5.134924344321831     4.451270250322061
-5.0901176878386885     4.824128584475127
-5.045311031355542     5.11091338907326
-5.000504374872399     5.275525776006703
-4.955697718389253     5.32758568360808
-4.91089106190611     5.319266045341212
-4.8660844054229635     5.3178497661582815
-4.821277748939821     5.366567711684838
-4.776471092456674     5.457628414083532
-4.731664435973531     5.535326030372013
-4.6868577794903885     5.527045318850547
-4.642051123007242     5.381686953321167
-4.597244466524099     5.092499511423862
-4.552437810040953     4.6947359805905045
-4.50763115355781     4.245712610450726
-4.4628244970746636     3.8028585469126472
-4.418017840591521     3.410976887685547
-4.373211184108378     3.0998613285008134
-4.328404527625231     2.886493658473527
-4.283597871142089     2.7760461289233747
-4.238791214658942     2.7603101688076936
-4.193984558175799     2.816180674234911
-4.149177901692653     2.907710840150664
-4.10437124520951     2.993385422061706
-4.059564588726364     3.0373445442454963
-4.014757932243221     3.0207175209652384
-3.969951275760078     2.9480608235482695
-3.9251446192769315     2.8451500281494475
-3.8803379627937886     2.748127165245825
-3.835531306310642     2.6884177041749733
-3.7907246498274993     2.6800936848611014
-3.745917993344353     2.715024378886626
-3.70111133686121     2.767280769728462
-3.6563046803780637     2.804226349496856
-3.611498023894921     2.799379584002109
-3.566691367411778     2.742040787347707
-3.5218847109286315     2.6404324145292684
-3.4770780544454887     2.517788117514657
-3.4322713979623423     2.403370399957113
-3.3874647414791994     2.321938561105149
-3.342658084996053     2.285348860687618
-3.29785142851291     2.2889264643670235
-3.2530447720297637     2.313590522465334
-3.208238115546621     2.333006752021935
-3.163431459063478     2.3234672208992433
-3.1186248025803316     2.2728797110936347
-3.0738181460971887     2.1849606725717052
-3.0290114896140423     2.076528620167919
-2.9842048331308995     1.9693945282511998
-2.939398176647753     1.8813731859811025
-2.89459152016461     1.8209144556342909
-2.8497848636814673     1.7868941489733687
-2.804978207198321     1.7718868008999942
-2.760171550715178     1.7661414072632642
-2.7153648942320316     1.7604630915164614
-2.670558237748889     1.7476774155030972
-2.6257515812657424     1.7231843914387206
-2.5809449247825995     1.6852228375923204
-2.536138268299453     1.6351525376906386
-2.4913316118163102     1.5775711227997866
-2.4465249553331674     1.5197782366541495
-2.401718298850021     1.470298743021421
-2.356911642366878     1.4366990744755173
-2.3121049858837317     1.4232517450453552
-2.267298329400589     1.428979437756003
-2.2224916729174424     1.4466387973904626
-2.1776850164342996     1.4634492108509205
-2.132878359951153     1.4642472070254986
-2.0880717034680103     1.436641683479374
-2.0432650469848674     1.37614080459035
-1.998458390501721     1.288556860954508
-1.9536517340185782     1.1881759283767597
-1.9088450775354318     1.092478667431017
-1.864038421052289     1.0159159019746018
-1.8192317645691425     0.9653362544093465
-1.7744251080859996     0.9385019531888518
-1.7296184516028532     0.9257501523713922
-1.6848117951197104     0.9138902643434487
-1.6400051386365675     0.8908923925727681
-1.595198482153421     0.8497434682279069
-1.5503918256702782     0.7901571028523083
-1.5055851691871318     0.7176921059708272
-1.460778512703989     0.6409454875735275
-1.4159718562208425     0.5682416247970237
-1.3711651997376997     0.5052186998555783
-1.3263585432545568     0.45400701317764264
-1.2815518867714104     0.4138182318493467
-1.2367452302882675     0.38224879864564143
-1.1919385738051211     0.35660601707182926
-1.1471319173219783     0.33485901326342127
-1.1023252608388319     0.3160781301772651
-1.057518604355689     0.30034770226546587
-1.0127119478725426     0.28822687338580477
-0.9679052913893997     0.2799850351669024
-0.9230986349062569     0.2749767321264803
-0.8782919784231105     0.27148935201541285
-0.8334853219399676     0.26715655027940327
-0.7886786654568212     0.25972578911219585
-0.7438720089736783     0.24780118351070718
-0.6990653524905319     0.2312403944638106
-0.6542586960073891     0.21109149712540246
-0.6094520395242427     0.18916553534697678
-0.5646453830410998     0.16745074617662897
-0.5198387265579569     0.14757358968135387
-0.4750320700748105     0.13044860761763885
-0.43022541359166766     0.11618674712672578
-0.38541875710852125     0.10426781710379884
-0.3406121006253784     0.09391171863790178
-0.295805444142232     0.08449966044717135
-0.2509987876590891     0.07584530811466769
-0.2061921311759427     0.06816707626949775
-0.16138547469279985     0.061779500268870115
-0.11657881820965699     0.056708382898068586
-0.07177216172651057     0.05249671629729116
-0.026965505243367716     0.048341850385941534
0.017841151239778696     0.043475694438139784
0.06264780772292156     0.03754104061296628
0.10745446420606797     0.0307406664883849
0.15226112068921083     0.0237045892277014
0.1970677771723537     0.01719366326847914
0.2418744336555001     0.011817445962212075
0.28668109013864296     0.007883267073628826
0.33148774662178937     0.005390495672929345
0.37629440310493223     0.004118313295863198
0.42110105958807864     0.0037478416983598188
0.4659077160712215     0.003980365404518556
0.5107143725543679     0.004626423393969231
0.5555210290375108     0.005637782953754746
0.6003276855206536     0.007057235908838468
0.6451343420038     0.008893292100639355
0.6899409984869429     0.010981731361396298
0.7347476549700893     0.012930849745976879
0.7795543114532322     0.014216660416238803
0.8243609679363786     0.014400244075615055
0.8691676244195214     0.013346371481829572
0.9139742809026679     0.011308893747899779
0.9587809373858107     0.008832122816511273
1.0035875938689536     0.006532860589774159
1.0483942503521     0.004885273674659756
1.0932009068352428     0.004099371237517545
1.1380075633183893     0.00410990186021627
1.1828142198015321     0.0046423238084012785
1.2276208762846785     0.005317759953033783
1.2724275327678214     0.005771869487704399
1.3172341892509678     0.005762897443601222
1.3620408457341107     0.005235043451545814
1.4068475022172535     0.004310007450451172
1.4516541587004     0.0032117235540570018
1.4964608151835428     0.0021652311722836453
1.5412674716666892     0.0013204122069959772
1.586074128149832     0.0007283350588361294
1.6308807846329785     0.0003633804876297542
1.6756874411161213     0.0001639827141155945
1.7204940975992677     6.693291301420607e-05
1.7653007540824106     2.471077223467052e-05
1.8101074105655535     8.251612284565198e-06
1.8549140670486999     2.4924180469612296e-06
1.8997207235318427     6.817987254484726e-07
1.9445273800149891     1.7339457001247574e-07
1.989334036498132     6.310749227728101e-08
2.0341406929812784     1.2177850723358655e-07
2.0789473494644213     4.6417227882568397e-07
2.123754005947564     1.6993939805767248e-06
2.1685606624307106     5.654757721986413e-06
2.2133673189138534     1.7071088159557755e-05
2.258173975397      4.680378577098533e-05
2.3029806318801427     0.00011672432553807816
2.347787288363289     0.00026537275737985907
2.392593944846432     0.0005516575450109153
2.4374006013295784     0.0010528069437160253
2.4822072578127212     0.001854241427642204
2.527013914295864     0.003033482316981703
2.5718205707790105     0.004644465600916678
2.6166272272621534     0.006707392417407131
2.6614338837452998     0.009201226774544045
2.7062405402284426     0.012048776492541389
2.751047196711589     0.015089676540984325
2.795853853194732     0.018056618983527107
2.8406605096778783     0.02058900172942351
2.885467166161021     0.02231234126619785
2.930273822644164     0.022973349773567683
2.9750804791273104     0.02257087476601827
3.0198871356104533     0.021400980983086213
3.0646937920935997     0.019966606657956514
3.1095004485767426     0.018777267187071064
3.154307105059889     0.01813619815530683
3.199113761543032     0.01803057949381079
3.2439204180261783     0.018186248631104313
3.288727074509321     0.018250944157077908
3.333533730992464     0.0179920189643325
3.3783403874756104     0.017391144253884078
3.4231470439587532     0.01659572194179388
3.4679537004418997     0.015788816421276924
3.5127603569250425     0.015087869385512003
3.557567013408189     0.014541744715503256
3.602373669891332     0.014205053291570895
3.6471803263744746     0.014205175883608276
3.691986982857621     0.014726827656392218
3.736793639340764     0.015905103612957116
3.7816002958239103     0.017688985019088374
3.826406952307053     0.019768886385264427
3.8712136087901996     0.02163615811965978
3.9160202652733425     0.022769343232820313
3.960826921756489     0.022859325613304417
4.005633578239632     0.021948476379448016
4.050440234722775     0.02040261340102846
4.095246891205921     0.0187356682738934
4.140053547689064     0.01739231804901142
4.18486020417221     0.016601468719237185
4.229666860655353     0.016347686246633752
4.2744735171384995     0.016431058178494235
4.319280173621642     0.01655702794361624
4.364086830104789     0.016419878355686934
4.408893486587932     0.01577490033973069
4.4537001430710745     0.014499792574348393
4.498506799554221     0.012630858338884332
4.543313456037364     0.010353348282235483
4.58812011252051     0.00794245176411299
4.632926769003653     0.00567801505329397
4.6777334254867995     0.003769099872620472
4.722540081969942     0.002315584996705713
4.767346738453089     0.0013125992117860971
4.812153394936232     0.0006845198086736458
4.8569600514193745     0.0003275204508368021
4.901766707902521     0.0001434203291773958
4.946573364385664     5.735202102357204e-05
4.99138002086881     2.090411457532774e-05
5.036186677351953     6.933799061444268e-06
5.080993333835099     2.0902645116916395e-06
5.125799990318242     5.720902350647789e-07
5.170606646801385     1.4203542556569997e-07
5.215413303284532     3.196761888829771e-08
5.260219959767674     6.518994808363389e-09
5.305026616250821     1.2040183395537034e-09
5.349833272733964     2.0134121851773167e-10
5.39463992921711     3.047722580285965e-11
5.439446585700253     4.175240273524461e-12
5.484253242183399     5.175944669929938e-13
5.529059898666542     5.805679778970006e-14
5.573866555149685     5.891638123461826e-15
5.6186732116328315     5.408928966571772e-16
5.663479868115974     4.4921876746458714e-17
5.708286524599121     3.374893123878024e-18
5.753093181082264     2.2935360491275456e-19
5.79789983756541     1.4098902548020415e-20
5.842706494048553     7.8395694624665895e-22
5.887513150531699     3.9429469262455813e-23
5.932319807014842     1.793774589240705e-24
5.977126463497985     7.388148902240018e-26
6.0219331199811315     4.93612281937863e-27
6.066739776464274     6.270430296538106e-26
6.111546432947421     1.620452278712932e-24
6.156353089430564     3.794505514193136e-23
6.20115974591371     8.039276782870389e-22
6.245966402396853     1.5410701587673837e-20
6.290773058879999     2.67283995211894e-19
6.335579715363142     4.1944017987592446e-18
6.380386371846285     5.955455826249722e-17
6.425193028329431     7.650841559304562e-16
6.469999684812574     8.893115444527159e-15
6.514806341295721     9.35298999257807e-14
6.5596129977788635     8.900208135029893e-13
6.60441965426201     7.66309916336583e-12
6.649226310745153     5.969870961577943e-11
6.694032967228296     4.208076354985577e-10
6.738839623711442     2.683878984150886e-09
6.783646280194585     1.5488387598477545e-08
6.828452936677731     8.08756954771338e-08
6.873259593160874     3.8212451078648707e-07
6.918066249644021     1.6337146665031236e-06
6.9628729061271635     6.3204161900798356e-06
7.00767956261031     2.212755481638056e-05
7.052486219093453     7.010824061175975e-05
7.097292875576596     0.0002010463719613345
7.142099532059742     0.0005218903033401788
7.186906188542885     0.0012266274465467476
7.231712845026031     0.002611173749841231
7.276519501509174     0.0050367787301543124
7.321326157992321     0.008809750265611847
7.366132814475463     0.013986422277383292
7.41093947095861     0.020184779990322803
7.455746127441753     0.026537297385567045
7.5005527839248956     0.03188527163617018
7.545359440408042     0.03517898795365933
7.590166096891185     0.03589533653788711
7.634972753374331     0.03424393712170011
7.679779409857474     0.031052771726667316
7.7245860663406205     0.027413955045052885
7.769392722823763     0.0242854542521934
7.81419937930691     0.02222394087192924
7.859006035790053     0.02132093220995924
7.9038126922731955     0.021312258607542878
7.948619348756342     0.021768960518083837
7.993426005239485     0.022263217160083254
8.038232661722631     0.022442713913872793
8.083039318205774     0.022027429720274223
8.12784597468892     0.02080447395122244
8.172652631172063     0.01867832232383394
8.21745928765521     0.015750532914265546
8.262265944138353     0.012343699170138379
8.307072600621495     0.008915369288313562
8.351879257104642     0.00589775340476986
8.396685913587785     0.0035580160418367656
8.441492570070931     0.0019518133532120594
8.486299226554074     0.000971733179844429
8.53110588303722     0.00043852975063775654
8.575912539520363     0.00017925818834151497
8.620719196003506     6.639829647888804e-05
8.665525852486653     2.2551580315682374e-05
8.710332508969795     8.150806518383989e-06
8.755139165452942     7.186529876195289e-06
8.799945821936085     1.8612631580798413e-05
8.844752478419231     5.591134342521646e-05
8.889559134902374     0.00015519063189162763
8.93436579138552     0.0003902317923412805
8.979172447868663     0.0008876429301480892
9.023979104351806     0.0018262967010726243
9.068785760834952     0.0033988435502982817
9.113592417318095     0.005722009443553353
9.158399073801242     0.008715624893409074
9.203205730284385     0.012016070075235736
9.248012386767531     0.01500990186869741
9.292819043250674     0.017029183046310306
9.33762569973382     0.017647801007658448
9.382432356216963     0.016925391711834048
9.427239012700106     0.015442967629907866
9.472045669183252     0.014079630637211762
9.516852325666395     0.013625206242960076
9.561658982149542     0.014415113634006464
9.606465638632685     0.016164421929551715
9.651272295115831     0.01808382761350411
9.696078951598974     0.01922791714748658
9.74088560808212     0.01891081981613953
9.785692264565263     0.016985420628136894
9.830498921048406     0.013855630084776575
9.875305577531552     0.010244344954007912
9.920112234014695     0.006874948114070278
9.964918890497842     0.00425646844126458
10.009725546980984     0.002699485793880819
10.054532203464127     0.0026239319635511724
10.099338859947274     0.005233554783349227
10.14414551643042     0.013693534030197475
10.18895217291356     0.03487010501068021
10.233758829396706     0.08120559461459038
10.278565485879852     0.17132545116499623
10.323372142362999     0.32703194934551494
10.368178798846138     0.5647375890666447
10.412985455329284     0.8824109189697333
10.45779211181243     1.2481661702344076
10.502598768295577     1.600074068283608
10.547405424778717     1.8638104496340213
10.592212081261863     1.9844107546841816
10.63701873774501     1.9567728358317358
10.681825394228149     1.8363051881167072
10.726632050711295     1.7207683720376419
10.771438707194442     1.7111569599389087
10.816245363677588     1.8718364875026017
10.861052020160727     2.210202025132562
10.905858676643874     2.684861466531955
10.95066533312702     3.2361545100528804
10.99547198961016     3.8218228072614564
11.040278646093306     4.438744471146243
11.085085302576452     5.119121189320799
11.129891959059599     5.902579076299365
11.174698615542738     6.798386642727136
11.219505272025884     7.758430607814862
11.26431192850903     8.677566848195502
11.30911858499217     9.423906990276931
11.353925241475316     9.884937372015854
11.398731897958463     10.00747232849406
11.44353855444161     9.816100460668302
11.488345210924749     9.409302696303314
11.533151867407895     8.9412885033406
11.577958523891041     8.594555196439634
11.622765180374188     8.541168052143911
11.667571836857327     8.89303250481437
11.712378493340474     9.65570912228365
11.75718514982362     10.713031865260348
11.80199180630676     11.862964303544498
11.846798462789906     12.89619572961012
11.891605119273052     13.678355215255527
11.936411775756198     14.19168745133289
11.981218432239338     14.519608806836558
12.026025088722484     14.794946715710285
12.07083174520563     15.148373121606472
12.11563840168877     15.678277667751571
12.160445058171916     16.437472055187573
12.205251714655063     17.422657907509635
12.25005837113821     18.56548601219265
12.294865027621348     19.740527320047963
12.339671684104495     20.80357866434892
12.384478340587641     21.65148022855757
12.429284997070788     22.27246066398304
12.474091653553927     22.75653705384188
12.518898310037073     23.26022106367162
12.56370496652022     23.94671391204259
12.60851162300336     24.928933797448604
12.653318279486506     26.228593058299214
12.698124935969652     27.751935708333374
12.742931592452798     29.287059390479357
12.787738248935938     30.53814830481094
12.832544905419084     31.205415332242524
12.87735156190223     31.091994660308195
12.92215821838537     30.193387811697757
12.966964874868516     28.72568788100647
13.011771531351663     27.075067585211748
13.056578187834809     25.682377620081535
13.101384844317948     24.898174900269048
13.146191500801095     24.855842646423017
13.190998157284241     25.41507121131719
13.23580481376738     26.213717743814787
13.280611470250527     26.822356585424565
13.325418126733673     26.937584789681413
13.37022478321682     26.518237521994276
13.415031439699959     25.795022636916347
13.459838096183105     25.155859820437282
13.504644752666252     24.975042477787134
13.549451409149398     25.470783996173616
13.594258065632538     26.644258079434362
13.639064722115684     28.30847893199301
13.68387137859883     30.183754303384724
13.72867803508197     32.01804317992623
13.773484691565116     33.679535163423004
13.818291348048263     35.17455457561812
13.863098004531409     36.578797410583384
13.907904661014548     37.922257934684744
13.952711317497695     39.102344364193804
13.997517973980841     39.886892888446944
14.04232463046398     40.01379338646945
14.087131286947127     39.3318083005244
14.131937943430273     37.89870871040356
14.17674459991342     35.97838011693007
14.221551256396559     33.94289495656681
14.266357912879705     32.14413212146241
14.311164569362852     30.8290243025105
14.355971225845991     30.127408107889114
14.400777882329137     30.081744795061354
14.445584538812284     30.664680901194206
14.49039119529543     31.75936101371835
14.53519785177857     33.127318894468246
14.580004508261716     34.413834910104484
14.624811164744862     35.221447164708046
14.669617821228009     35.236161770366195
14.714424477711148     34.3509743393059
14.759231134194295     32.7223097084013
14.804037790677441     30.723035476752866
14.84884444716058     28.807708630392572
14.893651103643727     27.353045444614562
14.938457760126873     26.548431965272353
14.98326441661002     26.37709393136756
15.028071073093159     26.671621867321512
15.072877729576305     27.190653700423443
15.117684386059452     27.673139247428264
15.162491042542591     27.86811534191174
15.207297699025737     27.56850511846802
15.252104355508884     26.667367799331334
15.29691101199203     25.216461161220288
15.34171766847517     23.440908645981597
15.386524324958316     21.678988070810632
15.431330981441462     20.26281453835176
15.476137637924609     19.397242592586757
15.520944294407748     19.099782988555905
15.565750950890894     19.23073730398853
15.61055760737404     19.5926386903236
15.65536426385718     20.041727756877787
15.700170920340327     20.551259801505047
15.744977576823473     21.196523821554177
15.78978423330662     22.076384322877203
15.834590889789759     23.220947942075384
15.879397546272905     24.54067383796453
15.924204202756052     25.845690293124587
15.96901085923919     26.921081744962525
16.013817515722337     27.611882807601923
16.058624172205484     27.870964022103028
16.10343082868863     27.750864068437245
16.14823748517177     27.35354768769142
16.193044141654916     26.76892753032861
16.237850798138062     26.032005712782976
16.2826574546212     25.119551534997193
16.327464111104348     23.993210379689028
16.372270767587494     22.672052162662748
16.41707742407064     21.290148297370163
16.46188408055378     20.088362556171834
16.506690737036926     19.323427097219312
16.551497393520073     19.13627588337092
16.59630405000322     19.46008149673621
16.64111070648636     20.03095839976376
16.685917362969505     20.500282616891585
16.73072401945265     20.584802141245863
16.77553067593579     20.17409250510105
16.820337332418937     19.350696586205295
16.865143988902084     18.334148761399643
16.90995064538523     17.395564634311317
16.95475730186837     16.7866116386992
16.999563958351516     16.697673403336033
17.044370614834662     17.232864652341004
17.0891772713178     18.38604176103973
17.133983927800948     20.02147868216671
17.178790584284094     21.882350264696395
17.22359724076724     23.64485126046463
17.26840389725038     25.00633285692526
17.313210553733526     25.770790580673133
17.358017210216673     25.899250959347658
17.402823866699812     25.517114762517433
17.44763052318296     24.884791675987604
17.492437179666105     24.331700943279024
17.53724383614925     24.15141126893966
17.58205049263239     24.480635775129898
17.626857149115537     25.219634589616746
17.671663805598683     26.051837433414047
17.71647046208183     26.568651498776845
17.76127711856497     26.438187743347754
17.806083775048116     25.530206044357676
17.850890431531262     23.943089100994744
17.8956970880144     21.939413590651977
17.940503744497548     19.837715777799662
17.985310400980694     17.910873995117477
18.03011705746384     16.321173301028963
18.07492371394698     15.100813670877953
18.119730370430126     14.172793860002132
18.164537026913273     13.398231453704213
18.209343683396412     12.631373633731677
18.25415033987956     11.76557163749166
18.298956996362705     10.761093910063309
18.34376365284585     9.652040904465084
18.38857030932899     8.531430405962983
18.433376965812137     7.516128927150713
18.478183622295283     6.702138187494731
18.52299027877843     6.130201114654762
18.56779693526157     5.779497627079162
18.612603591744715     5.590595740004635
18.657410248227862     5.500723716632151
18.702216904711     5.470127296216135
18.747023561194148     5.488987281087841
18.791830217677294     5.567621243793709
18.83663687416044     5.717711517977777
18.88144353064358     5.930870063604843
18.926250187126726     6.161421286283396
18.971056843609873     6.324389732665982
19.015863500093012     6.318579727047718
19.06067015657616     6.071112351921224
19.105476813059305     5.580778868599105
19.15028346954245     4.93082420543675
19.19509012602559     4.257892968942868
19.239896782508737     3.6930627298895202
19.284703438991883     3.3098934782278824
19.329510095475023     3.107595184759345
19.37431675195817     3.031157242844646
19.419123408441315     3.006958810703569
19.46393006492446     2.969849691699894
19.5087367214076     2.873813216647557
19.553543377890747     2.6948287012681
19.598350034373894     2.4360330695884334
19.64315669085704     2.133820260535035
19.68796334734018     1.8542675859173283
19.732770003823326     1.6731828458918645
19.777576660306472     1.6462020416837235
19.82238331678961     1.7848820388765272
19.867189973272758     2.0522654018324453
19.911996629755905     2.3795339896494565
19.95680328623905     2.693427061170297
20.00160994272219     2.939913709471077
20.046416599205337     3.0944618528553574
20.091223255688483     3.1583530649675575
20.136029912171622     3.147510470943709
20.18083656865477     3.08184918614276
20.225643225137915     2.9798419988451847
20.27044988162106     2.8576926285093625
20.3152565381042     2.72884708891353
20.360063194587347     2.600634917556148
20.404869851070494     2.4702819664504996
20.44967650755364     2.3268300180950856
20.49448316403678     2.162298987009274
20.539289820519926     1.9856943195476264
20.584096477003072     1.8268166366876288
20.62890313348621     1.7220485201639313
20.673709789969358     1.6888964397008326
20.718516446452504     1.7074213748645601
20.76332310293565     1.7239604918621734
20.80812975941879     1.6770237765918568
20.852936415901937     1.5292585438885697
20.897743072385083     1.285469864233865
20.942549728868222     0.9872431464609687
20.98735638535137     0.690653262335616
21.032163041834515     0.44270771093220784
21.07696969831766     0.26940132986904225
21.1217763548008     0.17812657014741146
21.166583011283947     0.16815757575384976
21.211389667767094     0.2400424577979694
21.256196324250233     0.3975531552632787
21.30100298073338     0.6413610485893471
21.345809637216526     0.9590965600693461
21.390616293699672     1.3195095132610577
21.43542295018281     1.6766841062231936
21.480229606665958     1.9834118308810622
21.525036263149104     2.2053015788470227
21.56984291963225     2.326015250944494
21.61464957611539     2.3416347430925653
21.659456232598536     2.2520642878291657
21.704262889081686     2.059475487400163
