-21.982227181984136     2.2817818035721595e-05
-21.937420525500993     3.226839771803392e-05
-21.892613869017847     4.4624461549363804e-05
-21.847807212534704     6.227117383448343e-05
-21.803000556051558     8.914208710703893e-05
-21.758193899568415     0.00012955810749874913
-21.71338724308527     0.00018576917331094046
-21.668580586602125     0.00025548149640894623
-21.62377393011898     0.0003318290032588478
-21.578967273635836     0.00040824835252025956
-21.534160617152693     0.0004894179028450455
-21.489353960669547     0.0006091257704238175
-21.444547304186404     0.0008627467619119369
-21.399740647703258     0.0014871614001602201
-21.354933991220115     0.003080526984633753
-21.31012733473697     0.0071590471271947426
-21.265320678253826     0.017368037243173477
-21.220514021770683     0.041670278684360254
-21.175707365287536     0.09547251839360273
-21.130900708804393     0.20468887093126703
-21.086094052321247     0.40635294440672304
-21.041287395838104     0.7435409743880035
-20.996480739354958     1.2525536822745795
-20.951674082871815     1.9442682610670157
-20.90686742638867     2.7867533858940683
-20.862060769905526     3.6988635285697757
-20.81725411342238     4.561349084122503
-20.772447456939236     5.243780509388169
-20.727640800456093     5.637426396313602
-20.682834143972947     5.681712831927446
-20.638027487489804     5.376176834460477
-20.593220831006658     4.776908387854437
-20.548414174523515     3.981345007091304
-20.50360751804037     3.106456723279545
-20.458800861557226     2.2650508075654283
-20.413994205074083     1.5452528217476231
-20.369187548590936     0.9983758828283502
-20.324380892107794     0.6381572307178222
-20.279574235624647     0.44969232859810065
-20.234767579141504     0.4023336933676664
-20.189960922658358     0.4603649338813054
-20.145154266175215     0.5883696614850185
-20.10034760969207     0.7521583689944255
-20.055540953208926     0.9183378053752115
-20.010734296725783     1.0555431925314875
-19.965927640242636     1.1387350309202455
-19.921120983759494     1.1555050125156898
-19.876314327276347     1.1108718620280984
-19.831507670793204     1.026271856123303
-19.786701014310058     0.9309945835636735
-19.741894357826915     0.8493912132610357
-19.69708770134377     0.7909967024923609
-19.652281044860626     0.7495308861840589
-19.607474388377483     0.7108486673387575
-19.562667731894336     0.6638667322405739
-19.517861075411194     0.607130312829369
-19.473054418928047     0.5477636945690099
-19.428247762444904     0.495376647359345
-19.383441105961758     0.4564343843611803
-19.338634449478615     0.4328922916000539
-19.293827792995472     0.4246329872082942
-19.249021136512326     0.43217869959889643
-19.204214480029183     0.45662221846655116
-19.159407823546037     0.4969760267334691
-19.114601167062894     0.5481323078341841
-19.069794510579747     0.6025491655211572
-19.024987854096604     0.655465101703163
-18.980181197613458     0.7097004246437749
-18.935374541130315     0.7754632917057578
-18.89056788464717     0.8641016312269965
-18.845761228164026     0.9796869269768276
-18.800954571680883     1.1142901324939833
-18.756147915197737     1.2498805793463648
-18.711341258714594     1.3646025884284283
-18.666534602231447     1.4386064348553962
-18.621727945748304     1.4567595071995934
-18.576921289265158     1.4096233036422867
-18.532114632782015     1.2954389890464517
-18.487307976298872     1.1232726550015
-18.442501319815726     0.9142922079531507
-18.397694663332583     0.6982757384711936
-18.352888006849437     0.5058837471873523
-18.308081350366294     0.3604009726178173
-18.263274693883147     0.2726632168023751
-18.218468037400005     0.24035965137863877
-18.17366138091686     0.2506244189644664
-18.128854724433715     0.28442018652408046
-18.084048067950572     0.3218249859001383
-18.039241411467426     0.3473426304564856
-17.994434754984283     0.3535945204069008
-17.949628098501137     0.34161749658209595
-17.904821442017994     0.3175330460984815
-17.86001478553485     0.28767942228324456
-17.815208129051705     0.25530457829172476
-17.770401472568558     0.22053312547620144
-17.725594816085415     0.1827290575320634
-17.680788159602272     0.14283238848433727
-17.635981503119126     0.10385375369880029
-17.591174846635983     0.0695521436142013
-17.546368190152837     0.042649900109065775
-17.501561533669694     0.023880261037291482
-17.456754877186548     0.012206029177078475
-17.411948220703405     0.00570741687229491
-17.367141564220262     0.0024526053954340705
-17.322334907737115     0.0009757455624616208
-17.277528251253973     0.00036305196949573714
-17.232721594770826     0.00012784855531700382
-17.187914938287683     4.308543621303257e-05
-17.143108281804537     1.3986743794438422e-05
-17.098301625321394     4.370536648934488e-06
-17.05349496883825     1.3044690928575807e-06
-17.008688312355105     3.6759931552822636e-07
-16.96388165587196     9.664673341920533e-08
-16.919074999388815     2.347153591569784e-08
-16.874268342905673     5.2268121127451856e-09
-16.829461686422526     1.0619044022716567e-09
-16.784655029939383     1.9618375348865866e-10
-16.739848373456237     3.28905011705798e-11
-16.695041716973094     4.997472037020358e-12
-16.650235060489948     6.876398892122601e-13
-16.605428404006805     8.564354128460348e-14
-16.560621747523662     9.652175998340904e-15
-16.515815091040515     9.842590910945772e-16
-16.471008434557373     9.17226362043941e-17
-16.426201778074226     1.811270986438713e-17
-16.381395121591083     1.0739291294811027e-16
-16.336588465107937     9.79454859328091e-16
-16.291781808624794     8.122348755224739e-15
-16.24697515214165     6.092571279149111e-14
-16.202168495658505     4.1335620332009275e-13
-16.15736183917536     2.5366060811921834e-12
-16.112555182692216     1.4079470658975765e-11
-16.067748526209073     7.068452647949164e-11
-16.022941869725926     3.209719693774324e-10
-15.978135213242783     1.318301022624523e-09
-15.933328556759639     4.897413782095297e-09
-15.888521900276494     1.6455979484503466e-08
-15.84371524379335     5.001328758662992e-08
-15.798908587310205     1.374838856255473e-07
-15.754101930827062     3.4184003183403507e-07
-15.709295274343916     7.687741481650692e-07
-15.664488617860773     1.5637933043505615e-06
-15.619681961377626     2.8771642536826514e-06
-15.574875304894483     4.788006051446942e-06
-15.530068648411339     7.206915887622719e-06
-15.485261991928194     9.81180580933005e-06
-15.44045533544505     1.2082398714960571e-05
-15.395648678961905     1.345742940287367e-05
-15.350842022478762     1.3557380506189519e-05
-15.306035365995616     1.2353618584064229e-05
-15.261228709512473     1.0181630209195357e-05
-15.216422053029326     7.590059474548105e-06
-15.171615396546184     5.1177346738470965e-06
-15.126808740063039     3.12115317144496e-06
-15.082002083579894     1.7216986408921306e-06
-15.03719542709675     8.590217334631994e-07
-14.992388770613605     3.876690647796415e-07
-14.947582114130462     1.5828562441109154e-07
-14.902775457647316     5.8816413804038334e-08
-14.857968801164173     2.2493438034310018e-08
-14.813162144681028     2.6311745691781167e-08
-14.768355488197884     1.281282887784736e-07
-14.723548831714739     7.103692818030204e-07
-14.678742175231594     3.608791278913794e-06
-14.63393551874845     1.661656715819062e-05
-14.589128862265305     6.932195735931411e-05
-14.544322205782162     0.00026206332508473695
-14.499515549299016     0.000897880372044226
-14.454708892815873     0.0027886053922085534
-14.409902236332728     0.00785242798800171
-14.365095579849584     0.02005306423077411
-14.320288923366439     0.046458061048827035
-14.275482266883294     0.09768820049433438
-14.230675610400151     0.18655659738495192
-14.185868953917005     0.3238944577131511
-14.141062297433862     0.5120442777035681
-14.096255640950716     0.7389561949851388
-14.051448984467573     0.9774308489924043
-14.006642327984428     1.1924751246663212
-13.961835671501284     1.3546297060171923
-13.917029015018139     1.4517936674313472
-13.872222358534994     1.491512823586634
-13.82741570205185     1.491771785789551
-13.782609045568705     1.4668714515831927
-13.737802389085562     1.4188265741481956
-13.692995732602418     1.340340118296551
-13.648189076119273     1.2263374224957184
-13.603382419636128     1.0846307215652489
-13.558575763152984     0.9372597289079262
-13.513769106669839     0.8110836903768658
-13.468962450186694     0.723789459119752
-13.42415579370355     0.6744596226306533
-13.379349137220405     0.6446504916590092
-13.334542480737262     0.6090635201698419
-13.289735824254118     0.549017988373318
-13.244929167770973     0.46082454319037464
-13.200122511287828     0.3551862775486789
-13.155315854804684     0.2496833100608348
-13.11050919832154     0.15998461219193413
-13.065702541838395     0.09474755352420562
-13.02089588535525     0.05569079591519533
-12.976089228872107     0.041053855543206313
-12.931282572388962     0.04943029737270151
-12.886475915905818     0.08159448871364698
-12.841669259422673     0.1393405736759505
-12.796862602939528     0.2218499253510234
-12.752055946456384     0.3215521819319374
-12.70724928997324     0.42240785979620477
-12.662442633490095     0.5030240056724375
-12.61763597700695     0.5444804130084775
-12.572829320523807     0.5393572042862684
-12.528022664040662     0.49674361334136563
-12.483216007557518     0.4396969977655737
-12.438409351074373     0.3957986086579847
-12.393602694591229     0.38525860057454137
-12.348796038108084     0.4121707523775221
-12.30398938162494     0.46284274329543496
-12.259182725141795     0.5118903156492732
-12.214376068658652     0.5333473975923425
-12.169569412175507     0.5116508375394175
-12.124762755692363     0.4473120125465757
-12.079956099209218     0.3549162730503903
-12.035149442726073     0.2553692930808202
-11.990342786242929     0.16719683909398048
-11.945536129759784     0.10130277388010414
-11.90072947327664     0.06062880536593853
-11.855922816793495     0.04313146398759301
-11.811116160310352     0.045334461352326556
-11.766309503827207     0.06450482724098779
-11.721502847344063     0.0990379741067114
-11.676696190860918     0.14774729584571072
-11.631889534377773     0.20900070419752081
-11.587082877894629     0.280253467029463
-11.542276221411484     0.35801596178797906
-11.49746956492834     0.4381197602299148
-11.452662908445197     0.5163578716683391
-11.407856251962052     0.5897346546754034
-11.363049595478907     0.658152902115297
-11.318242938995763     0.7254936832662007
-11.273436282512618     0.7986164989813603
-11.228629626029473     0.8837297829141019
-11.183822969546329     0.9815971442736905
-11.139016313063184     1.0845479722237918
-11.09420965658004     1.177653826109004
-11.049403000096897     1.2438454498143323
-11.004596343613752     1.2702173173005369
-10.959789687130607     1.2524072283331498
-10.914983030647463     1.195894676107831
-10.870176374164318     1.1154530082651704
-10.825369717681173     1.0347768023002066
-10.780563061198029     0.9869922766980868
-10.735756404714884     1.0144604109279662
-10.690949748231741     1.1647713948260079
-10.646143091748597     1.4806950802067218
-10.601336435265452     1.9856365184621863
-10.556529778782307     2.671062923335686
-10.511723122299163     3.494147219442572
-10.466916465816018     4.3889441751121785
-10.422109809332873     5.284877065770399
-10.377303152849729     6.120427863153725
-10.332496496366584     6.844565214568646
-10.287689839883441     7.410273174779454
-10.242883183400297     7.771625769036329
-10.198076526917152     7.890554245967496
-10.153269870434007     7.747945157558199
-10.108463213950863     7.34923264507752
-10.063656557467718     6.721753287834477
-10.018849900984574     5.910417987838617
-9.974043244501429     4.978234971909894
-9.929236588018286     4.0091480707953755
-9.884429931535141     3.1035195155611848
-9.839623275051997     2.359832239027194
-9.794816618568852     1.8469531058682667
-9.750009962085707     1.5799802585000284
-9.705203305602563     1.5129492513832588
-9.660396649119418     1.5542780990699676
-9.615589992636274     1.6003722464102812
-9.570783336153129     1.5740134194656048
-9.525976679669986     1.451088391655763
-9.481170023186841     1.2642250601061218
-9.436363366703697     1.0829870517812656
-9.391556710220552     0.9809635229586813
-9.346750053737408     1.0043385389431052
-9.301943397254263     1.1537196518387383
-9.257136740771118     1.3849034173649368
-9.212330084287974     1.627740822610432
-9.16752342780483     1.8155093109908906
-9.122716771321686     1.911367471129995
-9.077910114838541     1.9182092042521632
-9.033103458355397     1.8671848265040722
-8.988296801872252     1.7941830402303225
-8.943490145389108     1.7216382067161673
-8.898683488905963     1.6572847794082155
-8.853876832422818     1.6061305665936272
-8.809070175939674     1.5804716259388936
-8.76426351945653     1.5955794214383057
-8.719456862973386     1.6531636161698948
-8.674650206490242     1.7276821063837964
-8.629843550007097     1.7702741912716367
-8.585036893523952     1.7315962619513292
-8.540230237040808     1.5897075715246696
-8.495423580557663     1.365019940343458
-8.450616924074518     1.1138785571446141
-8.405810267591376     0.9067273378603156
-8.36100361110823     0.8045037386975126
-8.316196954625086     0.8439104311014713
-8.271390298141942     1.0337845421568397
-8.226583641658797     1.358543124670385
-8.181776985175652     1.78369498947902
-8.136970328692508     2.2608561358573778
-8.092163672209363     2.7327923342240306
-8.047357015726218     3.1410191435639154
-8.002550359243076     3.437889445751577
-7.957743702759931     3.60084057401884
-7.912937046276786     3.6408150515919586
-7.868130389793642     3.5958873724951967
-7.823323733310497     3.509113839222329
-7.778517076827352     3.4023962982089677
-7.733710420344208     3.264510534381678
-7.688903763861063     3.0636084784960205
-7.64409710737792     2.776985314297075
-7.599290450894776     2.417614402234841
-7.554483794411631     2.038689213630578
-7.509677137928486     1.71240532153487
-7.464870481445342     1.4957186163789231
-7.420063824962197     1.4028041301522352
-7.375257168479052     1.3988139410098754
-7.330450511995908     1.4172479192242313
-7.285643855512763     1.3910340592834158
-7.24083719902962     1.2810926427416722
-7.196030542546476     1.0886649511255
-7.151223886063331     0.8476124458868455
-7.106417229580186     0.6041678568797927
-7.061610573097042     0.39704039397538415
-7.016803916613897     0.2475854595465985
-6.9719972601307525     0.16161473568275486
-6.927190603647608     0.13760583234982024
-6.882383947164463     0.17411952922977386
-6.83757729068132     0.271506595626497
-6.792770634198176     0.42708727106170524
-6.747963977715031     0.6271080104694883
-6.7031573212318865     0.841580767356374
-6.658350664748742     1.0278137219677077
-6.613544008265597     1.1438715631024972
-6.5687373517824525     1.16621613501202
-6.523930695299308     1.1014459806610497
-6.479124038816165     0.9846635822142006
-6.43431738233302     0.8653578767807487
-6.389510725849876     0.7893229353141944
-6.344704069366731     0.7860455372666654
-6.2998974128835865     0.865183043708427
-6.255090756400442     1.0188596316145986
-6.210284099917297     1.2243716804513085
-6.165477443434153     1.4455092332064894
-6.120670786951008     1.6357748381619543
-6.075864130467865     1.7477408698918964
-6.0310574739847205     1.7479430065605275
-5.986250817501576     1.6302427187767865
-5.941444161018431     1.4190020119766458
-5.896637504535288     1.1591086572198286
-5.851830848052142     0.898413024120208
-5.807024191568999     0.6723643590812736
-5.762217535085853     0.49762193323339676
-5.71741087860271     0.37463534122187064
-5.672604222119563     0.2944111493408587
-5.6277975656364205     0.24462043156680385
-5.582990909153274     0.21315301947255985
-5.538184252670131     0.189841753501063
-5.493377596186988     0.1675931193965807
-5.448570939703842     0.14321194107128093
-5.403764283220699     0.11741688289013939
-5.358957626737553     0.09374044748560223
-5.31415097025441     0.07673770862956318
-5.269344313771263     0.07029243452979154
-5.224537657288121     0.07650051149980398
-5.179731000804974     0.09510690699097096
-5.134924344321831     0.12337127731902903
-5.0901176878386885     0.15654990936506585
-5.045311031355542     0.1893235093547836
-5.000504374872399     0.21797174863477417
-4.955697718389253     0.24216360590209055
-4.91089106190611     0.26486156361807206
-4.8660844054229635     0.28977870219034835
-4.821277748939821     0.3176788897410307
-4.776471092456674     0.3440894302373143
-4.731664435973531     0.3603913473577587
-4.6868577794903885     0.35796312406960884
-4.642051123007242     0.33282430808068875
-4.597244466524099     0.287869171121635
-4.552437810040953     0.23154074055058785
-4.50763115355781     0.17416763897642112
-4.4628244970746636     0.12435082531250782
-4.418017840591521     0.08716229521743575
-4.373211184108378     0.06436964408453895
-4.328404527625231     0.055700040104781544
-4.283597871142089     0.05993119845045877
-4.238791214658942     0.0751516996093044
-4.193984558175799     0.09832350961201586
-4.149177901692653     0.12483971590410144
-4.10437124520951     0.14883380028174062
-4.059564588726364     0.16451659640476787
-4.014757932243221     0.16804855736507668
-3.969951275760078     0.15892520135226723
-3.9251446192769315     0.140019373575744
-3.8803379627937886     0.11622974789405643
-3.835531306310642     0.0925264190074317
-3.7907246498274993     0.07242715486504012
-3.745917993344353     0.057485598465395804
-3.70111133686121     0.04768460937369399
-3.6563046803780637     0.04222218648138636
-3.611498023894921     0.04020415707555994
-3.566691367411778     0.041024187518477924
-3.5218847109286315     0.044468674113622465
-3.4770780544454887     0.05070168195577915
-3.4322713979623423     0.06023838094845478
-3.3874647414791994     0.07385410926779366
-3.342658084996053     0.09224781277429894
-3.29785142851291     0.11537473928149856
-3.2530447720297637     0.1417154666022688
-3.208238115546621     0.16807302335510432
-3.163431459063478     0.19036993388480675
-3.1186248025803316     0.20526378382513505
-3.0738181460971887     0.21169308098379033
-3.0290114896140423     0.21136879043355233
-2.9842048331308995     0.20789593579232993
-2.939398176647753     0.20508380276582566
-2.89459152016461     0.20537882304189767
-2.8497848636814673     0.2090768042520684
-2.804978207198321     0.21445889836176624
-2.760171550715178     0.21867010533922512
-2.7153648942320316     0.21904453698977147
-2.670558237748889     0.21448045038763788
-2.6257515812657424     0.20634401737046426
-2.5809449247825995     0.198424261925976
-2.536138268299453     0.19581281250462024
-2.4913316118163102     0.20310269282654886
-2.4465249553331674     0.2226621479167509
-2.401718298850021     0.25370930044510653
-2.356911642366878     0.2925268905928865
-2.3121049858837317     0.33364611306028963
-2.267298329400589     0.37144473706103387
-2.2224916729174424     0.4015074082622036
-2.1776850164342996     0.421320839393297
-2.132878359951153     0.43029466873518146
-2.0880717034680103     0.4294351150761641
-2.0432650469848674     0.42102174609625787
-1.998458390501721     0.4083876387317053
-1.9536517340185782     0.3956524787116752
-1.9088450775354318     0.38720623411179894
-1.864038421052289     0.38684531656750076
-1.8192317645691425     0.39662254365740873
-1.7744251080859996     0.4157120673809075
-1.7296184516028532     0.43988926296400915
-1.6848117951197104     0.46228244141266706
-1.6400051386365675     0.47553344280273563
-1.595198482153421     0.4745833963909137
-1.5503918256702782     0.45870806321143676
-1.5055851691871318     0.4317484276110832
-1.460778512703989     0.40050639716855946
-1.4159718562208425     0.37220332333453254
-1.3711651997376997     0.3521387598713168
-1.3263585432545568     0.3423104684447216
-1.2815518867714104     0.3412236461044477
-1.2367452302882675     0.3447497265626146
-1.1919385738051211     0.3476954439853417
-1.1471319173219783     0.3455935296965027
-1.1023252608388319     0.3361230788429104
-1.057518604355689     0.31963937480287713
-1.0127119478725426     0.29863462827407716
-0.9679052913893997     0.2764509585949003
-0.9230986349062569     0.25591882482596684
-0.8782919784231105     0.23853579375851955
-0.8334853219399676     0.22437744191823647
-0.7886786654568212     0.2124920956951296
-0.7438720089736783     0.20140504969748535
-0.6990653524905319     0.1895477883339281
-0.6542586960073891     0.1756447338320405
-0.6094520395242427     0.15909373013436276
-0.5646453830410998     0.14022185239296756
-0.5198387265579569     0.12022730054280464
-0.4750320700748105     0.10075974218709947
-0.43022541359166766     0.08332558389653523
-0.38541875710852125     0.06881484017925277
-0.3406121006253784     0.05734835655867913
-0.295805444142232     0.04844163583079764
-0.2509987876590891     0.04133323743479813
-0.2061921311759427     0.0353025271439981
-0.16138547469279985     0.029866348419007146
-0.11657881820965699     0.02482661770805374
-0.07177216172651057     0.02020081863501283
-0.026965505243367716     0.016098044357755567
0.017841151239778696     0.012606397217591056
0.06264780772292156     0.009735322452547778
0.10745446420606797     0.007419687866089276
0.15226112068921083     0.0055611222730074334
0.1970677771723537     0.004071751135681694
0.2418744336555001     0.0028960477554154274
0.28668109013864296     0.0020060964929376037
0.33148774662178937     0.0013812186620264129
0.37629440310493223     0.00098812517174104
0.42110105958807864     0.00077323676222589
0.4659077160712215     0.0006696256560996784
0.5107143725543679     0.0006128814456283556
0.5555210290375108     0.000556636524813025
0.6003276855206536     0.0004801135345228725
0.6451343420038     0.00038519294925040036
0.6899409984869429     0.00028612871444722195
0.7347476549700893     0.00019810593434305915
0.7795543114532322     0.00012995304636191876
0.8243609679363786     8.273064227589325e-05
0.8691676244195214     5.241928585032086e-05
0.9139742809026679     3.3602423813252275e-05
0.9587809373858107     2.1924687742000873e-05
1.0035875938689536     1.4794522189657676e-05
1.0483942503521     1.0948835976503085e-05
1.0932009068352428     9.712722186746634e-06
1.1380075633183893     1.0452102227785655e-05
1.1828142198015321     1.2345926775892745e-05
1.2276208762846785     1.4423902909368907e-05
1.2724275327678214     1.5772101735518915e-05
1.3172341892509678     1.5788829417925768e-05
1.3620408457341107     1.4355586132501307e-05
1.4068475022172535     1.1822585942454536e-05
1.4516541587004     8.81085784354012e-06
1.4964608151835428     5.940182828663593e-06
1.5412674716666892     3.6225162514398644e-06
1.586074128149832     1.9981763698733095e-06
1.6308807846329785     9.969303457630958e-07
1.6756874411161213     4.498849821290552e-07
1.7204940975992677     1.8362988593674953e-07
1.7653007540824106     6.779428945542539e-08
1.8101074105655535     2.2642002143362374e-08
1.8549140670486999     6.863139837814496e-09
1.8997207235318427     2.0226917010669587e-09
1.9445273800149891     1.3067198843812321e-09
1.989334036498132     4.278951236669199e-09
2.0341406929812784     1.8690845197152247e-08
2.0789473494644213     7.555360871307144e-08
2.123754005947564     2.7676739319233506e-07
2.1685606624307106     9.181965068645683e-07
2.2133673189138534     2.7599885912690584e-06
2.258173975397      7.521799571226919e-06
2.3029806318801427     1.8603280531535638e-05
2.347787288363289     4.1810583085374534e-05
2.392593944846432     8.554936258760838e-05
2.4374006013295784     0.00015977157897779383
2.4822072578127212     0.00027331822013527946
2.527013914295864     0.00043031133851807453
2.5718205707790105     0.0006273488691090496
2.6166272272621534     0.0008533343195996269
2.6614338837452998     0.0010922326851430452
2.7062405402284426     0.0013268602184825886
2.751047196711589     0.0015410808941390005
2.795853853194732     0.001719590662621196
2.8406605096778783     0.0018473133477176999
2.885467166161021     0.0019113277127196168
2.930273822644164     0.0019058471747142181
2.9750804791273104     0.0018371118227380949
3.0198871356104533     0.0017237826664453617
3.0646937920935997     0.001591220116046189
3.1095004485767426     0.0014627441454064319
3.154307105059889     0.0013535015242906723
3.199113761543032     0.0012705891326277605
3.2439204180261783     0.0012182031951366347
3.288727074509321     0.0012028595687192886
3.333533730992464     0.0012341055682027053
3.3783403874756104     0.0013200605697608876
3.4231470439587532     0.001461241264220128
3.4679537004418997     0.001647313804708478
3.5127603569250425     0.0018593111693795837
3.557567013408189     0.002076692640816186
3.602373669891332     0.0022865225185200785
3.6471803263744746     0.0024910014997270155
3.691986982857621     0.0027088703918595916
3.736793639340764     0.002967097491931088
3.7816002958239103     0.003284065857515458
3.826406952307053     0.003652769365258882
3.8712136087901996     0.004035656952014392
3.9160202652733425     0.00437634430235993
3.960826921756489     0.004621151651113287
4.005633578239632     0.0047362803388771675
4.050440234722775     0.004711270248077054
4.095246891205921     0.004551281568123216
4.140053547689064     0.004268425887609333
4.18486020417221     0.0038799041451637525
4.229666860655353     0.0034121886991814914
4.2744735171384995     0.002904242351181027
4.319280173621642     0.002403412128013156
4.364086830104789     0.0019536154469502773
4.408893486587932     0.001581768113505147
4.4537001430710745     0.0012905440275462446
4.498506799554221     0.001062049290656739
4.543313456037364     0.0008702526098537094
4.58812011252051     0.0006947663076963916
4.632926769003653     0.0005284626601460821
4.6777334254867995     0.0003761725688498658
4.722540081969942     0.00024748033497073936
4.767346738453089     0.00014927364872208525
4.812153394936232     8.213748339671559e-05
4.8569600514193745     4.1103299343365846e-05
4.901766707902521     1.8670686971764223e-05
4.946573364385664     7.689044129876715e-06
4.99138002086881     2.86867203348646e-06
5.036186677351953     9.691027485605719e-07
5.080993333835099     2.963436814415713e-07
5.125799990318242     8.200898404977098e-08
5.170606646801385     2.0535268700950526e-08
5.215413303284532     4.652281288128359e-09
5.260219959767674     9.535098897303003e-10
5.305026616250821     1.767887048873221e-10
5.349833272733964     2.965083016657376e-11
5.39463992921711     4.498418004468975e-12
5.439446585700253     6.173255491269023e-13
5.484253242183399     7.662905214907534e-14
5.529059898666542     8.603841875214058e-15
5.573866555149685     8.737907205899411e-16
5.6186732116328315     8.026675284759125e-17
5.663479868115974     6.6692213143842555e-18
5.708286524599121     5.012151203177082e-19
5.753093181082264     3.4070743784611774e-20
5.79789983756541     2.0948194038492347e-21
5.842706494048553     1.1649798389666054e-22
5.887513150531699     5.859989940973018e-24
5.932319807014842     2.667701103767914e-25
5.977126463497985     1.645470008064515e-26
6.0219331199811315     1.730936561440166e-25
6.066739776464274     4.920338664759104e-24
6.111546432947421     1.2683608597877682e-22
6.156353089430564     2.9580439545270372e-21
6.20115974591371     6.241390147601934e-20
6.245966402396853     1.1914480809849995e-18
6.290773058879999     2.057728930457715e-17
6.335579715363142     3.2153083422509234e-16
6.380386371846285     4.545489918983896e-15
6.425193028329431     5.813860309214507e-14
6.469999684812574     6.727854275599805e-13
6.514806341295721     7.043994501624298e-12
6.5596129977788635     6.67258935668512e-11
6.60441965426201     5.718807725190072e-10
6.649226310745153     4.434609892202438e-09
6.694032967228296     3.1113428923641194e-08
6.738839623711442     1.9750924828466072e-07
6.783646280194585     1.1344360163837094e-06
6.828452936677731     5.89567436999403e-06
6.873259593160874     2.772418429340868e-05
6.918066249644021     0.00011796990549018668
6.9628729061271635     0.0004542478282655924
7.00767956261031     0.0015829075223456712
7.052486219093453     0.004992358812223221
7.097292875576596     0.01425317885949968
7.142099532059742     0.036844558782488955
7.186906188542885     0.08626555529375479
7.231712845026031     0.18302862009783627
7.276519501509174     0.3521538047930696
7.321326157992321     0.6150842490567208
7.366132814475463     0.9767556267827889
7.41093947095861     1.4132914442905473
7.455746127441753     1.8690061326583474
7.5005527839248956     2.268788246094677
7.545359440408042     2.5430837473656593
7.590166096891185     2.653512458683249
7.634972753374331     2.6055619405910715
7.679779409857474     2.442740714839903
7.7245860663406205     2.227414280137638
7.769392722823763     2.018917017640368
7.81419937930691     1.8575353891772348
7.859006035790053     1.7580324261336007
7.9038126922731955     1.7124715630070342
7.948619348756342     1.699248191984 
7.993426005239485     1.6930362968607904
8.038232661722631     1.6707767546302241
8.083039318205774     1.6130504622109232
8.12784597468892     1.5047626540695973
8.172652631172063     1.3388821412514962
8.21745928765521     1.121890198568846
8.262265944138353     0.8754331266154964
8.307072600621495     0.6304726281491921
8.351879257104642     0.4162896770278899
8.396685913587785     0.25083559391595733
8.441492570070931     0.13749346299543097
8.486299226554074     0.06841892763990726
8.53110588303722     0.030866843171974207
8.575912539520363     0.012614866784864653
8.620719196003506     0.004671489765164311
8.665525852486653     0.0015839824752097219
8.710332508969795     0.0005621434452854328
8.755139165452942     0.000463108654302516
8.799945821936085     0.0011650632020230053
8.844752478419231     0.0034896774059709414
8.889559134902374     0.009684042108830634
8.93436579138552     0.024350435344115313
8.979172447868663     0.055388726079488027
9.023979104351806     0.1139601894949926
9.068785760834952     0.21208505247599738
9.113592417318095     0.3570428505460353
9.158399073801242     0.5438173759142703
9.203205730284385     0.7496790261771337
9.248012386767531     0.93624672270487
9.292819043250674     1.0616107614142685
9.33762569973382     1.0987320839313015
9.382432356216963     1.0505871461104968
9.427239012700106     0.9524232193906406
9.472045669183252     0.8580851000436597
9.516852325666395     0.8163805578690801
9.561658982149542     0.8489597753165123
9.606465638632685     0.9403626293599894
9.651272295115831     1.0449571887621654
9.696078951598974     1.10754333180342
9.74088560808212     1.0877642618280503
9.785692264565263     0.976430480711695
9.830498921048406     0.7962621161873864
9.875305577531552     0.5883927994508412
9.920112234014695     0.3935603537992324
9.964918890497842     0.23817473603825756
10.009725546980984     0.1303890358890113
10.054532203464127     0.0645678549300066
10.099338859947274     0.02892146571825118
10.14414551643042     0.011720174713658394
10.18895217291356     0.004302942252540671
10.233758829396706     0.0014453257203863419
10.278565485879852     0.0004737005708759335
10.323372142362999     0.00020558147003175786
10.368178798846138     0.00018360157370582393
10.412985455329284     0.00024875132737847607
10.45779211181243     0.0003439147673701161
10.502598768295577     0.0004386043997267966
10.547405424778717     0.00050835514592139
10.592212081261863     0.0005357954753445223
10.63701873774501     0.000517085011157879
10.681825394228149     0.000465010861862648
10.726632050711295     0.00040558734020311346
10.771438707194442     0.0003700325180980874
10.816245363677588     0.00038669780728698295
10.861052020160727     0.00047677887319341007
10.905858676643874     0.0006548353299349043
10.95066533312702     0.000932825101452233
10.99547198961016     0.001325780426284104
11.040278646093306     0.0018577833032376273
11.085085302576452     0.002567476078622784
11.129891959059599     0.003512642560507117
11.174698615542738     0.004772770392394482
11.219505272025884     0.006444915983128705
11.26431192850903     0.008621687767665098
11.30911858499217     0.011339121033057625
11.353925241475316     0.014500391782122366
11.398731897958463     0.01781860730745191
11.44353855444161     0.020847239933648405
11.488345210924749     0.02313579697218194
11.533151867407895     0.02445590266773174
11.577958523891041     0.024954975932449334
11.622765180374188     0.025103678479732636
11.667571836857327     0.02543351082282806
11.712378493340474     0.02622220495933199
11.75718514982362     0.0273399808834049
11.80199180630676     0.02836208589112026
11.846798462789906     0.028865256699103937
11.891605119273052     0.028710855512247814
11.936411775756198     0.028161988374460736
11.981218432239338     0.027832180082588347
12.026025088722484     0.028581416560962317
12.07083174520563     0.031468566719028326
12.11563840168877     0.03776987186548707
12.160445058171916     0.04900590926707343
12.205251714655063     0.06698614169444841
12.25005837113821     0.09404674018559829
12.294865027621348     0.13372364537194475
12.339671684104495     0.19183049209438277
12.384478340587641     0.27731219453872913
12.429284997070788     0.40181235756160594
12.474091653553927     0.5773588995239761
12.518898310037073     0.8130802627007195
12.56370496652022     1.1132723633818529
12.60851162300336     1.4786164657233758
12.653318279486506     1.909350582402287
12.698124935969652     2.4058922548811017
12.742931592452798     2.962448907798362
12.787738248935938     3.5541772919373127
12.832544905419084     4.125661476028356
12.87735156190223     4.592003174912904
12.92215821838537     4.8592073073781155
12.966964874868516     4.858866314933391
13.011771531351663     4.580491237528846
13.056578187834809     4.082198022090501
13.101384844317948     3.4709070113318212
13.146191500801095     2.8612736961235274
13.190998157284241     2.3357489929567037
13.23580481376738     1.9263984554709976
13.280611470250527     1.6235889413353348
13.325418126733673     1.3994879009016277
13.37022478321682     1.2283656349358343
13.415031439699959     1.0936673188314643
13.459838096183105     0.984902696484624
13.504644752666252     0.8941264227043338
13.549451409149398     0.8182241294929619
13.594258065632538     0.7649293234499486
13.639064722115684     0.7557183597130791
13.68387137859883     0.8207277792546787
13.72867803508197     0.9865230734900484
13.773484691565116     1.2620154540424842
13.818291348048263     1.6288346977828911
13.863098004531409     2.0407641766281546
13.907904661014548     2.433748357981719
13.952711317497695     2.7440709430052546
13.997517973980841     2.92834180002809
14.04232463046398     2.9768986058572406
14.087131286947127     2.91428259819756
14.131937943430273     2.7865447385743125
14.17674459991342     2.642012397281138
14.221551256396559     2.515294553237011
14.266357912879705     2.4215174883989503
14.311164569362852     2.36097284088879
14.355971225845991     2.328095966863352
14.400777882329137     2.317018100920985
14.445584538812284     2.319891158773319
14.49039119529543     2.3210736673524885
14.53519785177857     2.294901547905666
14.580004508261716     2.2128879098381584
14.624811164744862     2.0584519821046556
14.669617821228009     1.8397841098382544
14.714424477711148     1.590920094692933
14.759231134194295     1.358558865996845
14.804037790677441     1.1818207308991227
14.84884444716058     1.0766390822863472
14.893651103643727     1.0330207673053318
14.938457760126873     1.0251893512733312
14.98326441661002     1.027364011887639
15.028071073093159     1.0256906968452582
15.072877729576305     1.0202055339038156
15.117684386059452     1.0172681479358676
15.162491042542591     1.01878826128272
15.207297699025737     1.0162721141429207
15.252104355508884     0.9940167960204174
15.29691101199203     0.9389895767251354
15.34171766847517     0.8499221110867472
15.386524324958316     0.7388809557329642
15.431330981441462     0.6245387804039879
15.476137637924609     0.5226412033635526
15.520944294407748     0.4406493106474793
15.565750950890894     0.37948868923292467
15.61055760737404     0.339638954294657
15.65536426385718     0.32604133763681253
15.700170920340327     0.34789057638828286
15.744977576823473     0.41324933665460345
15.78978423330662     0.5216699915345501
15.834590889789759     0.6591284783952543
15.879397546272905     0.798576062183088
15.924204202756052     0.9068692978373858
15.96901085923919     0.9556232186789645
16.013817515722337     0.9311489986906156
16.058624172205484     0.8387306841098525
16.10343082868863     0.6993987151676646
16.14823748517177     0.5413233364459237
16.193044141654916     0.3903598916870659
16.237850798138062     0.2637970334608687
16.2826574546212     0.16884855409622457
16.327464111104348     0.10487172198297814
16.372270767587494     0.06709110239968469
16.41707742407064     0.04985305880752553
16.46188408055378     0.04840552869920037
16.506690737036926     0.05916027048433372
16.551497393520073     0.07901688730213073
16.59630405000322     0.10457862051753641
16.64111070648636     0.13199839854119275
16.685917362969505     0.15776399077086523
16.73072401945265     0.18006432447816043
16.77553067593579     0.1998100072671275
16.820337332418937     0.22037403511295042
16.865143988902084     0.24587270168769387
16.90995064538523     0.2788951400460723
16.95475730186837     0.31911650179504747
16.999563958351516     0.36359780785904705
17.044370614834662     0.408223293783192
17.0891772713178     0.44891354338048717
17.133983927800948     0.4818260481413411
17.178790584284094     0.503117809889201
17.22359724076724     0.5094664758765488
17.26840389725038     0.49966288520080404
17.313210553733526     0.47614691474134097
17.358017210216673     0.44497857289044396
17.402823866699812     0.41386209142389413
17.44763052318296     0.389311055819405
17.492437179666105     0.3744952846088462
17.53724383614925     0.36860467505485084
17.58205049263239     0.3676140341095531
17.626857149115537     0.36588356386528487
17.671663805598683     0.35803801708271316
17.71647046208183     0.3406597213235833
17.76127711856497     0.3133981555725234
17.806083775048116     0.27924497290726497
17.850890431531262     0.2439220317293694
17.8956970880144     0.21444896717488326
17.940503744497548     0.19704281679944274
17.985310400980694     0.1947652202590594
18.03011705746384     0.20576937985530144
18.07492371394698     0.22319825974804233
18.119730370430126     0.23727951670168174
18.164537026913273     0.23900287562203126
18.209343683396412     0.22368188250232446
18.25415033987956     0.19257563678351414
18.298956996362705     0.15181556462646553
18.34376365284585     0.10943987517880256
18.38857030932899     0.0722808870284119
18.433376965812137     0.04420358333082878
18.478183622295283     0.02612568497610382
18.52299027877843     0.017225721433355937
18.56779693526157     0.016359837878003262
18.612603591744715     0.0229447102194376
18.657410248227862     0.03705401210208424
18.702216904711     0.058903364760184575
18.747023561194148     0.08813654764200525
18.791830217677294     0.12333355776874663
18.83663687416044     0.1619361727672462
18.88144353064358     0.2004634976669979
18.926250187126726     0.23475432461090334
18.971056843609873     0.2601979690209441
19.015863500093012     0.27226632262266076
19.06067015657616     0.2676428007063594
19.105476813059305     0.24568549704524306
19.15028346954245     0.20934850661036028
19.19509012602559     0.16472359799754932
19.239896782508737     0.11918296731018738
19.284703438991883     0.07904382077697007
19.329510095475023     0.047944222324364634
19.37431675195817     0.026559148045022653
19.419123408441315     0.01343633189439809
19.46393006492446     0.006238049334416893
19.5087367214076     0.002743547393659049
19.553543377890747     0.001348180924407786
19.598350034373894     0.001134887209034569
19.64315669085704     0.0017212535018318639
19.68796334734018     0.0030437628868687835
19.732770003823326     0.005153233271760171
19.777576660306472     0.008046296765817638
19.82238331678961     0.011556230821131552
19.867189973272758     0.015333831281682891
19.911996629755905     0.018927878012928973
19.95680328623905     0.0219262554244758
20.00160994272219     0.02408150616110673
20.046416599205337     0.025354835789515792
20.091223255688483     0.025866223063668505
20.136029912171622     0.025794980705289947
20.18083656865477     0.02529618144720658
20.225643225137915     0.024474602778915333
20.27044988162106     0.023408872197238646
20.3152565381042     0.022179968906553278
20.360063194587347     0.020863332898694534
20.404869851070494     0.019493254326595027
20.44967650755364     0.018054289924243898
20.49448316403678     0.016539452627557086
20.539289820519926     0.015040349540875013
20.584096477003072     0.013775464981168545
20.62890313348621     0.012993119573672426
20.673709789969358     0.012792281025243418
20.718516446452504     0.012992270105110289
20.76332310293565     0.013166042636975257
20.80812975941879     0.012837339751892194
20.852936415901937     0.011721559862147651
20.897743072385083     0.00985988291529996
20.942549728868222     0.007575577870229099
20.98735638535137     0.0053023150248888515
21.032163041834515     0.0034040378946986844
21.07696969831766     0.002084724153721416
21.1217763548008     0.0014086971667389143
21.166583011283947     0.0013826630236585232
21.211389667767094     0.00202806943348553
21.256196324250233     0.003393944617964435
21.30100298073338     0.005503813807419262
21.345809637216526     0.00827440656749593
21.390616293699672     0.011468331203574518
21.43542295018281     0.014727131411882519
21.480229606665958     0.017673855940667026
21.525036263149104     0.020014622062200962
21.56984291963225     0.021565724832230973
21.61464957611539     0.022202855962702862
21.659456232598536     0.021809612404278412
21.704262889081686     0.020306292850466645
