-21.930607185544005     3.4172925672378662
-21.885799998787725     3.731003853683726
-21.84099281203145     3.8236372577869777
-21.796185625275168     3.7411980138006915
-21.75137843851889     3.6062779941690337
-21.70657125176261     3.5913494005622884
-21.661764065006334     3.8657550248701082
-21.616956878250054     4.5315211391645285
-21.572149691493774     5.575659506677755
-21.527342504737497     6.867229792326453
-21.482535317981217     8.2090216313166
-21.43772813122494     9.423201645253055
-21.39292094446866     10.427255325419097
-21.348113757712383     11.258759207475945
-21.303306570956103     12.03541869677316
-21.258499384199823     12.872897161713347
-21.213692197443546     13.806021650778542
-21.168885010687266     14.757876609233879
-21.12407782393099     15.577457714429723
-21.07927063717471     16.130037800747278
-21.034463450418432     16.392197631387095
-20.98965626366215     16.49536939888575
-20.944849076905875     16.68735233132533
-20.900041890149595     17.227697637252696
-20.855234703393315     18.270217732635768
-20.810427516637038     19.790325996670692
-20.765620329880758     21.587332264346774
-20.72081314312448     23.353806018395595
-20.6760059563682     24.7781090804394
-20.63119876961192     25.64054990562974
-20.586391582855644     25.873332296516494
-20.541584396099363     25.5708045515674
-20.496777209343087     24.95356310065807
-20.451970022586806     24.30407929079034
-20.40716283583053     23.898189031966417
-20.36235564907425     23.952035137950144
-20.317548462317973     24.590474242066417
-20.272741275561692     25.83131748417441
-20.227934088805412     27.579587023438393
-20.183126902049136     29.63422926765879
-20.138319715292855     31.71390303661527
-20.09351252853658     33.502496435442325
-20.0487053417803     34.70677979398483
-20.00389815502402     35.117254567700456
-19.95909096826774     34.66493362311584
-19.91428378151146     33.461269586411845
-19.869476594755184     31.79852857501293
-19.824669407998904     30.091157184680302
-19.779862221242627     28.76450730524713
-19.735055034486347     28.12926961600127
-19.69024784773007     28.290410536885652
-19.64544066097379     29.120346572262626
-19.60063347421751     30.29770983040625
-19.555826287461233     31.398340058292234
-19.511019100704953     32.022995231516454
-19.466211913948676     31.937405681725934
-19.421404727192396     31.178356397327615
-19.37659754043612     30.06717984271464
-19.33179035367984     29.098561117779287
-19.286983166923562     28.73595582178383
-19.242175980167282     29.204333538328367
-19.197368793411     30.38101238978516
-19.152561606654725     31.837025583102218
-19.107754419898445     33.00761540276849
-19.062947233142168     33.41496065732205
-19.018140046385888     32.85180753224745
-18.973332859629608     31.457033717725007
-18.92852567287333     29.65748127880473
-18.88371848611705     28.00042271935128
-18.838911299360774     26.944406600445195
-18.794104112604494     26.695418451915415
-18.749296925848217     27.15493856831839
-18.704489739091937     27.99050409359627
-18.65968255233566     28.77865137671124
-18.61487536557938     29.143942240321145
-18.5700681788231     28.84071769003734
-18.525260992066823     27.771740067498882
-18.480453805310542     25.96970505692287
-18.435646618554266     23.566260829215544
-18.390839431797986     20.755981260904285
-18.346032245041705     17.755769343417285
-18.30122505828543     14.767589771666854
-18.25641787152915     11.957223390454743
-18.21161068477287     9.451953647382712
-18.16680349801659     7.34492763641814
-18.121996311260315     5.691324050709442
-18.077189124504034     4.495585050149718
-18.032381937747758     3.7049301769645164
-17.987574750991477     3.2244503477581343
-17.942767564235197     2.95164708399003
-17.89796037747892     2.8099049851023032
-17.85315319072264     2.7595201344039975
-17.808346003966363     2.7832933922857337
-17.763538817210083     2.864033575524967
-17.718731630453803     2.974295689015369
-17.673924443697526     3.082656276918722
-17.62911725694125     3.1634550335108687
-17.58431007018497     3.1963255964563033
-17.53950288342869     3.1571595659567637
-17.494695696672412     3.015012842392363
-17.449888509916132     2.7447906589433213
-17.405081323159855     2.3483034131049667
-17.360274136403575     1.865328095111212
-17.315466949647295     1.3632039804799982
-17.270659762891018     0.9108470952434575
-17.225852576134738     0.5541552117917554
-17.18104538937846     0.3062158527818653
-17.13623820262218     0.15354365377080312
-17.0914310158659     0.07019424408515221
-17.046623829109624     0.030631274430459526
-17.001816642353347     0.017043339817011192
-16.957009455597067     0.021864758699409646
-16.912202268840787     0.04827827892476882
-16.86739508208451     0.1104372526812559
-16.82258789532823     0.23257687960364748
-16.777780708571953     0.443954982325221
-16.732973521815673     0.7666965287216571
-16.688166335059393     1.197635753849618
-16.643359148303116     1.6921232209367951
-16.598551961546836     2.1624495708751255
-16.55374477479056     2.499623405942607
-16.50893758803428     2.6136516176614455
-16.464130401278002     2.472735835574167
-16.41932321452172     2.11877993174235
-16.374516027765445     1.6502230856582272
-16.329708841009165     1.1838486805304194
-16.284901654252884     0.818487514441218
-16.240094467496608     0.6173371460451783
-16.195287280740327     0.6088965705955033
-16.15048009398405     0.793766932025481
-16.10567290722777     1.1451227766671022
-16.06086572047149     1.6023249732389404
-16.016058533715213     2.0692292730872412
-15.971251346958935     2.4302730544669515
-15.926444160202657     2.5854981356964526
-15.881636973446376     2.488900595569523
-15.8368297866901     2.167304803542394
-15.79202259993382     1.7070578192867896
-15.74721541317754     1.2161394813895214
-15.702408226421262     0.7836517342995949
-15.657601039664984     0.45673756801957033
-15.612793852908705     0.24077651722187204
-15.567986666152425     0.11480617127907763
-15.523179479396148     0.04951309105232799
-15.478372292639868     0.019314280890440082
-15.43356510588359     0.006814605869890228
-15.388757919127311     0.002174736477902734
-15.343950732371033     0.0006277348376580049
-15.299143545614754     0.0001638888923757514
-15.254336358858474     3.870138478314459e-05
-15.209529172102197     8.266224307226918e-06
-15.164721985345917     1.5969508982875811e-06
-15.119914798589638     2.7904846403793335e-07
-15.07510761183336     4.4103332443540506e-08
-15.030300425077082     6.304735532776631e-09
-14.985493238320803     8.152038383174052e-10
-14.940686051564523     9.534212139570247e-11
-14.895878864808246     1.0117316274169482e-11
-14.851071678051966     1.235650381647456e-12
-14.80626449129569     2.1367016719329606e-12
-14.761457304539409     1.410682334159028e-11
-14.71665011778313     8.769911244366434e-11
-14.671842931026852     4.940546865782187e-10
-14.627035744270572     2.521321341221202e-09
-14.582228557514295     1.1657708027309779e-08
-14.537421370758015     4.884278134750175e-08
-14.492614184001738     1.8547073415951914e-07
-14.447806997245458     6.384805714915119e-07
-14.40299981048918     1.9932666634152354e-06
-14.3581926237329     5.64597980570359e-06
-14.313385436976622     1.4520498965752066e-05
-14.268578250220344     3.394427003098191e-05
-14.223771063464064     7.224770768658859e-05
-14.178963876707787     0.0001403703807409501
-14.134156689951507     0.00024992758069132423
-14.089349503195228     0.00041011977731663166
-14.04454231643895     0.0006251167348155493
-13.999735129682671     0.0008937368083799435
-13.954927942926393     0.0012112062739330453
-13.910120756170114     0.0015696264086332407
-13.865313569413834     0.0019532428645769664
-13.820506382657555     0.002329648994404689
-13.775699195901277     0.0026459419377199245
-13.730892009144998     0.0028413013199432326
-13.68608482238872     0.0028783846703902966
-13.641277635632441     0.0027796929767393216
-13.596470448876163     0.002644667985269897
-13.551663262119883     0.0026286353767510967
-13.506856075363604     0.0028836078098063212
-13.462048888607326     0.003482422839735508
-13.417241701851047     0.004361204042523688
-13.372434515094769     0.00531419173270103
-13.32762732833849     0.0060558721460962734
-13.282820141582212     0.006331118962867948
-13.238012954825932     0.006021787799362132
-13.193205768069653     0.005193058189852849
-13.148398581313375     0.004055488970154381
-13.103591394557096     0.002869179996570271
-13.058784207800818     0.0018475888349401741
-13.01397702104454     0.0011097143732012409
-12.96916983428826     0.0006932949663715907
-12.924362647531982     0.0006088530932695948
-12.879555460775702     0.0009050164742912737
-12.834748274019423     0.00172844417778627
-12.789941087263145     0.0033837236499209018
-12.745133900506866     0.00641376501572541
-12.700326713750588     0.011708198548524626
-12.65551952699431     0.02058288835876604
-12.610712340238031     0.03466805712681191
-12.56590515348175     0.05538813603515165
-12.521097966725472     0.08296606448363567
-12.476290779969194     0.11529226625428708
-12.431483593212915     0.14742945437042193
-12.386676406456637     0.1725122695155181
-12.341869219700358     0.18407534852321047
-12.29706203294408     0.17877618051898622
-12.2522548461878     0.1579468182615281
-12.207447659431521     0.12700180415551607
-12.162640472675243     0.09308033669720374
-12.117833285918964     0.06234394687644547
-12.073026099162686     0.038320890609309474
-12.028218912406407     0.021781899087401982
-11.983411725650129     0.011684041033685975
-11.93860453889385     0.006366279657803832
-11.89379735213757     0.004416748897057037
-11.848990165381291     0.0050497814243417715
-11.804182978625013     0.008091026930103426
-11.759375791868734     0.013717878328975489
-11.714568605112456     0.022071279143936685
-11.669761418356178     0.03286396905465482
-11.624954231599899     0.04515926778471212
-11.580147044843619     0.0574856583638734
-11.53533985808734     0.06830540002464938
-11.490532671331062     0.07662511437215544
-11.445725484574783     0.08240893074892854
-11.400918297818505     0.0865783109300088
-11.356111111062226     0.09068011218326233
-11.311303924305948     0.09650392299275155
-11.266496737549668     0.10583830863697773
-11.22168955079339     0.1202891903832679
-11.17688236403711     0.14095782196945367
-11.132075177280832     0.16794829124462604
-11.087267990524554     0.19995369306391933
-11.042460803768275     0.23423516574108094
-10.997653617011997     0.2670855569253388
-10.952846430255718     0.29460904456868653
-10.908039243499438     0.31360102289154407
-10.86323205674316     0.32242018764967606
-10.818424869986881     0.3217359497534497
-10.773617683230603     0.3148167926000227
-10.728810496474324     0.3068721911417876
-10.684003309718046     0.3032368590924853
-10.639196122961767     0.30690572612095957
-10.594388936205487     0.3166274226052199
-10.549581749449208     0.32683277256786214
-10.50477456269293     0.329868400173595
-10.459967375936651     0.31973336326880886
-10.415160189180373     0.2956500435332477
-10.370353002424094     0.26404335322007777
-10.325545815667816     0.23873051331001696
-10.280738628911536     0.24028506718360418
-10.235931442155257     0.29539649940093277
-10.191124255398979     0.43534801599544354
-10.1463170686427     0.6908707893839581
-10.101509881886422     1.0809728680929718
-10.056702695130143     1.5972531022867593
-10.011895508373865     2.1910684865570036
-9.967088321617585     2.774215466491812
-9.922281134861306     3.2402771707418525
-9.877473948105028     3.5036032252853717
-9.832666761348749     3.5415044478653424
-9.78785957459247     3.4198093530135414
-9.743052387836192     3.2861038933011093
-9.698245201079914     3.327051186438759
-9.653438014323635     3.7013996528724573
-9.608630827567355     4.473628902446247
-9.563823640811076     5.579417701569294
-9.519016454054798     6.847024395534795
-9.47420926729852     8.07479728345429
-9.429402080542241     9.1318705627576
-9.384594893785962     10.027539366624879
-9.339787707029684     10.90594218905313
-9.294980520273404     11.966089106662933
-9.250173333517125     13.35409041300219
-9.205366146760847     15.08888272075314
-9.160558960004568     17.05469948406733
-9.11575177324829     19.048531575424924
-9.070944586492011     20.845713208955242
-9.026137399735733     22.255693839409652
-8.981330212979453     23.164759302956135
-8.936523026223174     23.573975958134657
-8.891715839466896     23.628392398168838
-8.846908652710617     23.61409343054105
-8.802101465954339     23.899179490639362
-8.75729427919806     24.822835255601888
-8.712487092441782     26.57542899272602
-8.667679905685503     29.1297502815107
-8.622872718929223     32.25959976920995
-8.578065532172944     35.62951367629069
-8.533258345416666     38.89680754899279
-8.488451158660387     41.76891587458628
-8.443643971904109     44.005040537465696
-8.39883678514783     45.40250102962843
-8.354029598391552     45.81888709964376
-8.309222411635272     45.240429899463145
-8.264415224878993     43.8515506711732
-8.219608038122715     42.04071547760649
-8.174800851366436     40.310970528528344
-8.129993664610158     39.12203674581313
-8.08518647785388     38.73204415099376
-8.0403792910976     39.10920607226848
-7.995572104341321     39.95263842279945
-7.950764917585042     40.81458274122604
-7.905957730828764     41.27196784907511
-7.861150544072485     41.07254685785934
-7.816343357316207     40.19402708555272
-7.771536170559928     38.79991694625557
-7.72672898380365     37.12773393502697
-7.681921797047371     35.37323351448975
-7.637114610291091     33.62569340850123
-7.5923074235348125     31.875318584671486
-7.547500236778534     30.076311421065473
-7.5026930500222555     28.22419426285722
-7.457885863265977     26.400242167109017
-7.4130786765096985     24.75182371528898
-7.36827148975342     23.41334325073856
-7.32346430299714     22.41390458423805
-7.278657116240861     21.63618490986382
-7.233849929484583     20.863831810558988
-7.189042742728304     19.893594378530285
-7.144235555972026     18.639667378563185
-7.099428369215747     17.16358816726902
-7.054621182459469     15.61953284151153
-7.009813995703189     14.163382614136053
-6.96500680894691     12.887283404406709
-6.920199622190632     11.806680278520338
-6.875392435434353     10.88252650519228
-6.830585248678075     10.046535202496688
-6.785778061921796     9.21590235858432
-6.740970875165518     8.307664524534802
-6.696163688409239     7.264729455044401
-6.651356501652959     6.087040800334488
-6.6065493148966805     4.84648384004079
-6.561742128140402     3.6709750288591856
-6.5169349413841235     2.7046617410508835
-6.472127754627845     2.0656071801124734
-6.427320567871567     1.8179203824732666
-6.382513381115288     1.9604922762862333
-6.337706194359008     2.425949836102142
-6.292899007602729     3.0876560561063124
-6.248091820846451     3.7808954207888923
-6.203284634090172     4.343693890101647
-6.158477447333894     4.669553126910476
-6.113670260577615     4.748966720493567
-6.068863073821337     4.674045253894123
-6.024055887065057     4.597307229301085
-5.979248700308778     4.662747280956719
-5.9344415135525     4.946238444485812
-5.889634326796223     5.4387809818153
-5.844827140039943     6.0805105088357125
-5.8000199532836625     6.8213901490765965
-5.755212766527386     7.667075419880204
-5.7104055797711055     8.677800489883591
-5.665598393014829     9.918901281669987
-5.6207912062585486     11.393718590946488
-5.575984019502272     13.002320024458042
-5.531176832745992     14.555584040306252
-5.486369645989711     15.843326902427407
-5.441562459233435     16.724839484847163
-5.396755272477154     17.19534823148799
-5.351948085720878     17.390455844752477
-5.307140898964597     17.52156711780841
-5.262333712208321     17.7748659278112
-5.21752652545204     18.229677181551132
-5.17271933869576     18.83958416431096
-5.1279121519394835     19.478274266276827
-5.083104965183203     20.013907373473156
-5.0382977784269265     20.369339470828876
-4.993490591670646     20.54805575298166
-4.9486834049143695     20.62964235806219
-4.903876218158089     20.744468510602957
-4.859069031401809     21.03214556454439
-4.814261844645532     21.59022174887054
-4.769454657889252     22.43063654899806
-4.724647471132975     23.46604957359572
-4.679840284376695     24.53509714485581
-4.635033097620418     25.45370923466001
-4.590225910864138     26.067517411209653
-4.545418724107858     26.286138188117587
-4.500611537351581     26.09515154347754
-4.455804350595301     25.55252698048116
-4.410997163839024     24.777411103522258
-4.366189977082744     23.93384196174257
-4.321382790326467     23.206588335233697
-4.276575603570187     22.766165795849616
-4.231768416813907     22.726470339995558
-4.18696123005763     23.107085020408114
-4.14215404330135     23.816018388000654
-4.097346856545073     24.66432978993964
-4.052539669788793     25.414959650383846
-4.007732483032516     25.857603505931262
-3.962925296276236     25.88950356246462
-3.918118109519959     25.57070459550005
-3.873310922763679     25.121604062182268
-3.8285037360073986     24.850183096007324
-3.783696549251122     25.03093762188853
-3.7388893624948416     25.7865014859355
-3.694082175738565     27.026641380321983
-3.6492749889822846     28.474783623645187
-3.604467802226008     29.77333764189633
-3.5596606154697277     30.625413086979158
-3.5148534287134474     30.9164613688954
-3.4700462419571707     30.768201461951758
-3.4252390552008904     30.50217784790226
-3.3804318684446137     30.521683817689652
-3.3356246816883335     31.151191154182946
-3.2908174949320568     32.49436291129725
-3.2460103081757765     34.37372106656836
-3.2012031214194963     36.387545818817905
-3.1563959346632195     38.067651473913195
-3.1115887479069393     39.0694822896024
-3.0667815611506626     39.305184872063705
-3.0219743743943823     38.95877489751405
-2.9771671876381056     38.3869030450498
-2.9323600008818254     37.967337411377216
-2.887552814125545     37.97032148517835
-2.8427456273692684     38.494266727889986
-2.797938440612988     39.465578698691694
-2.7531312538567114     40.68750183124032
-2.708324067100431     41.926848338326764
-2.6635168803441545     43.01915299230794
-2.618709693587874     43.949309346623394
-2.573902506831594     44.86071358861413
-2.5290953200753172     45.98379370631954
-2.484288133319037     47.526843748746565
-2.4394809465627603     49.59007198639048
-2.39467375980648     52.13594994904347
-2.3498665730502033     55.0088456378172
-2.305059386293923     57.97903768926406
-2.260252199537643     60.791699628476096
-2.215445012781366     63.210942951928914
-2.170637826025086     65.05246891601101
-2.125830639268809     66.20087469878601
-2.081023452512529     66.61391370999819
-2.036216265756252     66.32194422285428
-1.9914090789999719     65.43051686005911
-1.9466018922436952     64.1273658412189
-1.901794705487415     62.686133708988784
-1.8569875187311347     61.45246665615576
-1.812180331974858     60.79801203865933
-1.7673731452185777     61.03799873579893
-1.722565958462301     62.3275751795207
-1.6777587717060207     64.57280232315469
-1.632951584949744     67.40201578800675
-1.5881443981934638     70.23199898721023
-1.5433372114371835     72.4278745714761
-1.4985300246809068     73.50562615777946
-1.4537228379246265     73.28877498578487
-1.4089156511683498     71.93940060597967
-1.3641084644120696     69.84783353638784
-1.3193012776557929     67.4476906371557
-1.2744940908995126     65.06084813293016
-1.2296869041432323     62.839765284100615
-1.1848797173869556     60.79736913249458
-1.1400725306306754     58.86559356722033
-1.0952653438743987     56.936598098482534
-1.0504581571181184     54.88695098522892
-1.0056509703618417     52.61055789822478
-0.9608437836055614     50.068715286263966
-0.9160365968492812     47.331901146892655
-0.8712294100930045     44.578465187438084
-0.8264222233367242     42.04122423511466
-0.7816150365804475     39.92781008436995
-0.7368078498241672     38.352854018060945
-0.6920006630678905     37.30541953789368
-0.6471934763116103     36.654247813431034
-0.60238628955533     36.18356571113409
-0.5575791027990533     35.65040485804343
-0.5127719160427731     34.84979893732474
-0.46796472928649635     33.667510923745816
-0.4231575425302161     32.10198790347067
-0.3783503557739394     30.25174497558303
-0.3335431690176591     28.279832135725833
-0.28873598226137887     26.36957910296714
-0.24392879550510216     24.676658482728993
-0.1991216087488219     23.277610626050414
-0.1543144219925452     22.12574641386056
-0.10950723523626493     21.04209932947522
-0.06470004847998823     19.7677405878214
-0.019892861723707966     18.071975362914685
0.02491432503256874     15.867252469290667
0.069721511788849     13.264046642584397
0.11452869854512926     10.529452452033357
0.15933588530140597     7.972904961034747
0.20414307205768623     5.82580199503862
0.24895025881396293     4.177475815603483
0.2937574455702432     2.9868055489181846
0.3385646323265199     2.143140747976418
0.38337181908280016     1.532170617207951
0.4281790058390804     1.075073736958583
0.4729861925953571     0.7349119874671749
0.5177933793516374     0.5029941734085782
0.5626005661079141     0.3814805506154147
0.6074077528641944     0.371032050032552
0.6522149396204711     0.4635205685307577
0.6970221263767513     0.6367879170193852
0.7418293131330316     0.8514748318022328
0.7866364998893083     1.0538580334915522
0.8314436866455885     1.1878913973959206
0.8762508734018652     1.2135199802337573
0.9210580601581455     1.1219539092315933
0.9658652469144222     0.9383846800945321
1.0106724336707025     0.7099244287555763
1.0554796204269827     0.48579533666643426
1.1002868071832594     0.3006769268350153
1.1450939939395397     0.16832595964337657
1.1899011806958164     0.08523264170565499
1.2347083674520967     0.039035930989971865
1.2795155542083734     0.01617062640475412
1.3243227409646536     0.006058886900802027
1.369129927720934     0.002053347932456618
1.4139371144772106     0.0006294133371477758
1.4587443012334909     0.00017450707277887777
1.5035514879897676     4.376166348267628e-05
1.5483586747460478     9.926092246974903e-06
1.5931658615023245     2.036415940535081e-06
1.6379730482586048     3.778838803430819e-07
1.682780235014885     6.342405715522511e-08
1.7275874217711618     9.628497308482145e-09
1.772394608527442     1.323127616037148e-09
1.8172017952837187     1.7271340539623074e-10
1.862008982039999     8.080512576458257e-11
1.9068161687962757     4.149350902686464e-10
1.951623355552556     2.4756342146747616e-09
1.9964305423088362     1.342416490378114e-08
2.041237729065113     6.588384726425826e-08
2.086044915821393     2.9270864269731715e-07
2.13085210257767     1.1776111956188262e-06
2.17565928933395     4.292238372481869e-06
2.220466476090227     1.4183166593401603e-05
2.265273662846507     4.2528951504824e-05
2.310080849602784     0.00011587949607159767
2.354888036359064     0.0002874553741580268
2.3996952231153443     0.0006509397087313183
2.444502409871621     0.0013505862565612366
2.4893095966279013     0.0025802790589334527
2.534116783384178     0.00456810655543559
2.5789239701404583     0.0075518027189176865
2.623731156896735     0.01175504295038533
2.6685383436530152     0.017364063060899448
2.7133455304092955     0.024481947598652583
2.758152717165572     0.03303094660570762
2.8029599039218525     0.042610601170371895
2.847767090678129     0.0523922015087628
2.8925742774344094     0.06117559954344231
2.937381464190686     0.06768257086549438
2.9821886509469664     0.07101157638825581
3.0269958377032467     0.07103043599884094
3.0718030244595234     0.06846594949269495
3.1166102112158036     0.06460750391482399
3.1614173979720803     0.06077754326947611
3.2062245847283606     0.05786332026063491
3.2510317714846373     0.05614576745435201
3.2958389582409175     0.05545054345674474
3.340646144997198     0.05544289430262678
3.3854533317534745     0.05583559519260334
3.4302605185097548     0.056400690510281924
3.4750677052660315     0.05686282095208332
3.5198748920223117     0.05685077975061729
3.5646820787785884     0.056018070092273234
3.6094892655348687     0.054278740460477856
3.654296452291149     0.051988987460482985
3.6991036390474257     0.0499273431066785
3.743910825803706     0.049046841880029904
3.7887180125599826     0.050091320987452344
3.833525199316263     0.05323222611969066
3.8783323860725396     0.05789518188792571
3.92313957282882     0.06289824737381182
3.9679467595851     0.06688885643806587
4.012753946341377     0.06888206656385198
4.057561133097657     0.06860535425926108
4.102368319853934     0.06646167862711279
4.147175506610214     0.06317888178991955
4.191982693366491     0.05941137587857936
4.236789880122771     0.05553494692011143
4.281597066879048     0.05167307385982965
4.326404253635328     0.04781613610631104
4.371211440391608     0.04389128636532517
4.416018627147885     0.0397674692856
4.460825813904165     0.035277140045750124
4.505633000660442     0.030308451007411065
4.550440187416722     0.02492270989892543
4.595247374172999     0.019400556911286376
4.640054560929279     0.014167177044117378
4.684861747685559     0.009637994017520711
4.729668934441836     0.0060769545320803545
4.774476121198116     0.0035375973429827706
4.819283307954393     0.001895640125792871
4.864090494710673     0.0009327570148824117
4.90889768146695     0.00042057140328988674
4.95370486822323     0.0001734485348029215
4.998512054979511     6.532035225783831e-05
5.043319241735787     2.243046097022885e-05
5.0881264284920675     7.014204212287555e-06
5.132933615248344     1.995166307591328e-06
5.1777408020046245     5.157246473992185e-07
5.222547988760901     1.210417139710747e-07
5.2673551755171815     2.5776719349452074e-08
5.312162362273462     4.977861100923705e-09
5.356969549029738     8.713067984243246e-10
5.401776735786019     1.3817847728549382e-10
5.446583922542295     1.9847679374425174e-11
5.491391109298576     2.581453197629642e-12
5.536198296054852     3.039559810896201e-13
5.581005482811133     3.239466605462268e-14
5.625812669567413     3.1245799443543848e-15
5.67061985632369     2.7271927177143504e-16
5.71542704307997     2.1538049429359346e-17
5.7602342298362466     1.5389740668311825e-18
5.805041416592527     9.948667455160379e-20
5.8498486033488035     5.81817174109398e-21
5.894655790105084     3.078077547859328e-22
5.939462976861364     1.4730945788554087e-23
5.984270163617641     6.377188481419518e-25
6.029077350373921     2.4983715495923538e-26
6.073884537130198     1.2343184962824684e-27
6.118691723886478     1.0109734040653933e-26
6.163498910642755     2.628915999947723e-25
6.208306097399035     6.2017219479725625e-24
6.253113284155312     1.3235202676999588e-22
6.297920470911592     2.5552272759883244e-21
6.342727657667872     4.462809480260788e-20
6.387534844424149     7.051252342255564e-19
6.432342031180429     1.0078652515344871e-17
6.477149217936706     1.303215344215945e-16
6.521956404692986     1.5244267955231648e-15
6.566763591449263     1.6131427776217672e-14
6.611570778205543     1.5442373327587608e-13
6.656377964961823     1.3373018609752545e-12
6.7011851517181     1.0476547108541778e-11
6.74599233847438     7.424707987942475e-11
6.790799525230657     4.760058134167791e-10
6.835606711986937     2.760679731427422e-09
6.880413898743214     1.4484048219425332e-08
6.925221085499494     6.874378235822118e-08
6.9700282722557745     2.951521203392221e-07
7.014835459012051     1.1463760736166536e-06
7.0596426457683314     4.027884934974852e-06
7.104449832524608     1.2802542826520201e-05
7.149257019280888     3.6811705288659476e-05
7.194064206037165     9.575218775288958e-05
7.238871392793445     0.0002253145803038054
7.283678579549726     0.00047964120371134944
7.328485766306002     0.0009237339281649008
7.373292953062283     0.0016095831966445272
7.418100139818559     0.0025379584210831994
7.46290732657484     0.0036225057127027152
7.507714513331116     0.004684071616367149
7.5525217000873965     0.005496749570384436
7.597328886843677     0.005878603454851497
7.6421360735999535     0.005785387238680614
7.686943260356234     0.0053526324290504405
7.7317504471125105     0.004854976138159484
7.776557633868791     0.004597528388892834
7.821364820625067     0.00479137145608879
7.866172007381348     0.0054721321231131935
7.910979194137628     0.00649702944086467
7.955786380893905     0.007616164648181425
8.000593567650185     0.008576584734726255
8.045400754406462     0.009202569503287666
8.090207941162742     0.009415808526496022
8.135015127919019     0.009204548600936495
8.179822314675299     0.008585912032701285
8.22462950143158     0.007599096767289467
8.269436688187856     0.006326650306471393
8.314243874944136     0.004908269226496642
8.359051061700413     0.0035184530641671004
8.403858248456693     0.0023149050511194315
8.44866543521297     0.0013910655209532492
8.49347262196925     0.0007608945354493368
8.538279808725527     0.00037799063428926773
8.583086995481807     0.00017028482405392586
8.627894182238087     6.95040084903661e-05
8.672701368994364     2.5699203379275934e-05
8.717508555750644     8.659431960206168e-06
8.762315742506921     2.885280941647408e-06
8.807122929263201     1.7840603598201463e-06
8.851930116019478     3.821483507297178e-06
8.896737302775758     1.1249173795396911e-05
8.941544489532038     3.1188033761834515e-05
8.986351676288315     7.844650154094343e-05
9.031158863044595     0.0001785095781123036
9.075966049800872     0.0003674234538736698
9.120773236557152     0.0006840576406875534
9.165580423313429     0.0011520241873857826
9.21038761006971     0.0017552110211018776
9.25519479682599     0.0024200856039940793
9.300001983582266     0.0030219752329541535
9.344809170338547     0.00342365946193536
9.389616357094823     0.0035341483801241257
9.434423543851103     0.003357163530425496
9.47923073060738     0.0029988061037061636
9.52403791736366     0.0026253782866387057
9.56884510411994     0.0023909727406892806
9.613652290876217     0.0023708606526830307
9.658459477632498     0.002532327657530127
9.703266664388774     0.0027549785664218672
9.748073851145055     0.0028890291907544634
9.792881037901331     0.0028228196909287403
9.837688224657612     0.0025272527522380685
9.882495411413892     0.002058130027705881
9.927302598170169     0.0015214190025012082
9.972109784926449     0.0010273773079147413
10.016916971682726     0.0006666397189686588
10.061724158439006     0.0005393307058257182
10.106531345195286     0.0008744894281159473
10.15133853195156     0.0023032301796680325
10.19614571870784     0.006373313320449764
10.24095290546412     0.0163391548960175
10.2857600922204     0.03802022520293238
10.33056727897668     0.08006314630414314
10.375374465732953     0.1525163922101908
10.420181652489234     0.2628338751846759
10.464988839245514     0.4098444186730407
10.509796026001794     0.5785628416646252
10.554603212758074     0.7402669220153504
10.599410399514348     0.8608243055701306
10.644217586270628     0.9154301202539363
10.689024773026908     0.9025851444390444
10.733831959783188     0.8487509733681202
10.778639146539462     0.7996672420187189
10.823446333295742     0.8020846682984358
10.868253520052022     0.8853177761066924
10.913060706808302     1.0519720279861002
10.957867893564583     1.281950956573094
11.002675080320856     1.546808840646406
11.047482267077136     1.8264295737672558
11.092289453833416     2.1191466187918824
11.137096640589697     2.4398969634812215
11.181903827345977     2.807075344824118
11.22671101410225     3.2247135925933677
11.27151820085853     3.669704880167773
11.31632538761481     4.092009628995211
11.36113257437109     4.429165150053722
11.405939761127364     4.628402160952677
11.450746947883644     4.665743172746457
11.495554134639924     4.554566493966705
11.540361321396205     4.3431853364834065
11.585168508152485     4.105491289565837
11.629975694908758     3.9274630978686456
11.674782881665038     3.8889532052980873
11.719590068421319     4.040909611417378
11.764397255177599     4.38453390679622
11.809204441933872     4.86468156482538
11.854011628690152     5.386791141516481
11.898818815446432     5.853471577955546
11.943626002202713     6.202813818399477
11.988433188958993     6.4280252886248395
12.033240375715266     6.570474253546589
12.078047562471546     6.695391253206912
12.122854749227827     6.866914396939699
12.167661935984107     7.132524693626682
12.212469122740387     7.5153677214187695
12.25727630949666     8.008656389217595
12.30208349625294     8.57188515803275
12.34689068300922     9.135544359358253
12.391697869765501     9.619892905384352
12.436505056521774     9.963638404113112
12.481312243278055     10.148965942189717
12.526119430034335     10.209395361072648
12.570926616790615     10.216621478354952
12.615733803546895     10.253147213010095
12.660540990303168     10.381158993513251
12.705348177059449     10.615744053717316
12.750155363815729     10.909348675399142
12.79496255057201     11.156598806740176
12.83976973732829     11.227039382072535
12.884576924084563     11.020744410227818
12.929384110840843     10.523486158252826
12.974191297597123     9.830697100189314
13.018998484353403     9.12344007172291
13.063805671109677     8.606505395339184
13.108612857865957     8.437928586541638
13.153420044622237     8.6782242680166
13.198227231378517     9.272954705653119
13.243034418134798     10.069133752425792
13.28784160489107     10.860711935810258
13.332648791647351     11.45438606637829
13.377455978403631     11.73771336702369
13.422263165159912     11.722666149138838
13.467070351916192     11.542042077711283
13.511877538672465     11.396850694498411
13.556684725428745     11.477198731991939
13.601491912185026     11.890647299850613
13.646299098941306     12.625831480332433
13.691106285697579     13.563292171859162
13.73591347245386     14.528388301761506
13.78072065921014     15.36526115203044
13.82552784596642     15.99903895624443
13.8703350327227     16.454533825535194
13.915142219478973     16.8199477178906
13.959949406235253     17.175557344857555
14.004756592991534     17.52969836620824
14.049563779747814     17.801237089239528
14.094370966504087     17.85994901774675
14.139178153260367     17.600985060465312
14.183985340016648     17.008998751001702
14.228792526772928     16.17506758838323
14.273599713529208     15.260673867334917
14.318406900285481     14.435954033398257
14.363214087041762     13.830358926274764
14.408021273798042     13.516595004535919
14.452828460554322     13.520152143287598
14.497635647310602     13.831065323621942
14.542442834066875     14.401719703725183
14.587250020823156     15.134258878394355
14.632057207579436     15.875857791708839
14.676864394335716     16.43972431979978
14.72167158109199     16.65545627598959
14.76647876784827     16.432413243271935
14.81128595460455     15.805270936582168
14.85609314136083     14.932961051587684
14.90090032811711     14.044163940938144
14.945707514873384     13.353043397421644
14.990514701629664     12.986590384300206
15.035321888385944     12.955701000890315
15.080129075142224     13.173194589577207
15.124936261898505     13.496676768195128
15.169743448654778     13.770720438221044
15.214550635411058     13.858233634103152
15.259357822167338     13.665816970959966
15.304165008923619     13.16755132538036
15.348972195679892     12.41992718302577
15.393779382436172     11.553749343528006
15.438586569192452     10.736937664967119
15.483393755948732     10.119522706572758
15.528200942705013     9.784667518729375
15.573008129461286     9.72808717315068
15.617815316217566     9.87434812880612
15.662622502973846     10.12071954796718
15.707429689730127     10.386705698004835
15.7522368764864     10.645837692179507
15.79704406324268     10.926081168217989
15.84185124999896     11.281327252126307
15.88665843675524     11.750836914753487
15.93146562351152     12.328792229064822
15.976272810267794     12.959238549863333
16.021079997024074     13.556544017411117
16.065887183780355     14.0376000177805
16.110694370536635     14.348079529453713
16.155501557292915     14.471856105141901
16.200308744049188     14.42298296816829
16.24511593080547     14.226700650772612
16.28992311756175     13.899546704163795
16.33473030431803     13.440753392437003
16.379537491074302     12.844610239138412
16.424344677830582     12.131146452530256
16.469151864586863     11.374602115629639
16.513959051343143     10.701785475318516
16.558766238099423     10.24825282009645
16.603573424855696     10.091603012495922
16.648380611611977     10.202984503034932
16.693187798368257     10.450334974664958
16.737994985124537     10.654296327467582
16.782802171880817     10.664984464308988
16.82760935863709     10.418350310486229
16.87241654539337     9.948391943754435
16.91722373214965     9.359761781107668
16.96203091890593     8.783829310801723
17.006838105662204     8.340822348137527
17.051645292418485     8.117220833876793
17.096452479174765     8.154488491188483
17.141259665931045     8.442321963917847
17.186066852687325     8.916307199798979
17.2308740394436     9.466604970292265
17.27568122619988     9.961954219517649
17.32048841295616     10.283339457622418
17.36529559971244     10.354949579634427
17.41010278646872     10.163580896919688
17.454909973224993     9.76533181032462
17.499717159981273     9.279387630871442
17.544524346737553     8.863265133880176
17.589331533493834     8.665039468656275
17.634138720250107     8.763661697064364
17.678945907006387     9.126890578903144
17.723753093762667     9.61609697160784
17.768560280518948     10.041363197407684
17.813367467275228     10.237538489571333
17.8581746540315     10.119748178068514
17.90298184078778     9.694760098562792
17.94778902754406     9.035500897326225
17.99259621430034     8.24415167843744
18.037403401056615     7.424355465474499
18.082210587812895     6.666206064971564
18.127017774569175     6.03649937595442
18.171824961325456     5.568428817714276
18.216632148081736     5.253364064538856
18.26143933483801     5.042557705810487
18.30624652159429     4.863869096507643
18.35105370835057     4.650009250443579
18.39586089510685     4.366170839339582
18.44066808186313     4.022402562305216
18.485475268619403     3.6630988013803836
18.530282455375684     3.33948960565647
18.575089642131964     3.0817443814315166
18.619896828888244     2.8866727616813983
18.664704015644517     2.72551331718753
18.709511202400797     2.563543712530804
18.754318389157078     2.3786258139659173
18.799125575913358     2.170120831834178
18.84393276266964     1.956568580185371
18.88873994942591     1.764882085762651
18.93354713618219     1.6157975619686895
18.978354322938472     1.5120827168337967
19.023161509694752     1.4364941541336609
19.067968696451032     1.3624447258769936
19.112775883207306     1.2720746162045864
19.157583069963586     1.1699191185074442
19.202390256719866     1.0821037726013765
19.247197443476146     1.0408493542721795
19.29200463023242     1.0645671160777983
19.3368118169887     1.1466517778874776
19.38161900374498     1.2592157335887417
19.42642619050126     1.3671676606881276
19.47123337725754     1.4418083624761397
19.516040564013814     1.4659695629209377
19.560847750770094     1.4313371903774785
19.605654937526374     1.334825831737137
19.650462124282654     1.1793471979932515
19.695269311038935     0.9776044041035423
19.740076497795208     0.7531231962971535
19.784883684551488     0.5349405994011696
19.82969087130777     0.34829737947258566
19.87449805806405     0.20713614058705074
19.919305244820322     0.11243258594627618
19.964112431576602     0.05593855118007987
20.008919618332882     0.025939214149687407
20.053726805089163     0.01177769554415921
20.098533991845443     0.005876836903546892
20.143341178601716     0.003751495320963012
20.188148365357996     0.003119302979021949
20.232955552114277     0.0029557056032072683
20.277762738870557     0.0028440424531828846
20.32256992562683     0.0026333112557080326
20.36737711238311     0.0022928392906880826
20.41218429913939     0.0018559555290516782
20.45699148589567     0.0013887513610630904
20.50179867265195     0.0009618405404554992
20.546605859408224     0.0006271934685837483
20.591413046164504     0.00040721618152839064
20.636220232920785     0.0002969135269815647
20.681027419677065     0.0002731379643627743
20.725834606433345     0.00030408257346557365
20.77064179318962     0.00035621459860158837
20.8154489799459     0.0003996604617912957
20.86025616670218     0.0004133556256355602
20.90506335345846     0.0003890664745091146
20.949870540214732     0.0003319559722619216
20.994677726971013     0.00025662303535939297
21.039484913727293     0.0001803918060038974
21.084292100483573     0.00011740927609240634
21.129099287239853     7.634720794235179e-05
21.173906473996126     6.202158004752413e-05
21.218713660752407     7.897582276889099e-05
21.263520847508687     0.00013429850080305688
21.308328034264967     0.0002377427685119877
21.353135221021248     0.00039902574011376705
21.39794240777752     0.0006241399855585048
21.4427495945338     0.0009132496934249826
21.48755678129008     0.0012610137566637968
21.53236396804636     0.0016567140202168248
21.577171154802635     0.0020800532251803606
21.621978341558915     0.002492564533449508
21.666785528315195     0.0028324023213192233
21.711592715071475     0.0030235997761414537
21.756399901827756     0.003002805269388592
