-21.930607185544005     2.3773121922469493
-21.885799998787725     2.609598113436003
-21.84099281203145     2.687640033914157
-21.796185625275168     2.6384777752884156
-21.75137843851889     2.54305836412547
-21.70657125176261     2.5189871607753367
-21.661764065006334     2.6841646670007613
-21.616956878250054     3.1119417102328812
-21.572149691493774     3.7974446673328495
-21.527342504737497     4.654930166031249
-21.482535317981217     5.552892660121717
-21.43772813122494     6.372457356606173
-21.39292094446866     7.058964120385213
-21.348113757712383     7.638455223160792
-21.303306570956103     8.190060374483249
-21.258499384199823     8.790098917284677
-21.213692197443546     9.459730150926521
-21.168885010687266     10.147326600327666
-21.12407782393099     10.759676172644207
-21.07927063717471     11.229229568706351
-21.034463450418432     11.580470675656544
-20.98965626366215     11.952637612421704
-20.944849076905875     12.556619896986202
-20.900041890149595     13.581438846072029
-20.855234703393315     15.096508945842459
-20.810427516637038     16.999406676566394
-20.765620329880758     19.033980241449882
-20.72081314312448     20.86796238893337
-20.6760059563682     22.19432381989171
-20.63119876961192     22.817051175175607
-20.586391582855644     22.695923080229
-20.541584396099363     21.944554836029383
-20.496777209343087     20.79152849202653
-20.451970022586806     19.522107711964896
-20.40716283583053     18.418589313521565
-20.36235564907425     17.71239639949203
-20.317548462317973     17.55284558373667
-20.272741275561692     17.990601884846463
-20.227934088805412     18.972633035511627
-20.183126902049136     20.349133066559567
-20.138319715292855     21.89515255405749
-20.09351252853658     23.346638266924604
-20.0487053417803     24.445913072962938
-20.00389815502402     24.990592214717687
-19.95909096826774     24.880550775515626
-19.91428378151146     24.153443709423343
-19.869476594755184     22.991755907861467
-19.824669407998904     21.68524809022132
-19.779862221242627     20.55024669531259
-19.735055034486347     19.832425949869034
-19.69024784773007     19.632235235628194
-19.64544066097379     19.881246438499673
-19.60063347421751     20.373324657755344
-19.555826287461233     20.835407946865494
-19.511019100704953     21.016710486192324
-19.466211913948676     20.774844054255155
-19.421404727192396     20.134092065012467
-19.37659754043612     19.289219566213923
-19.33179035367984     18.540653592267002
-19.286983166923562     18.176890446251807
-19.242175980167282     18.351502873156193
-19.197368793411     19.011478462258406
-19.152561606654725     19.911090519214245
-19.107754419898445     20.704244996971955
-19.062947233142168     21.073125337310074
-19.018140046385888     20.839689216235648
-18.973332859629608     20.01990610634885
-18.92852567287333     18.806827590826877
-18.88371848611705     17.494653070736028
-18.838911299360774     16.3744520992078
-18.794104112604494     15.639824503315415
-18.749296925848217     15.334972049059015
-18.704489739091937     15.358684150633731
-18.65968255233566     15.513566436026103
-18.61487536557938     15.57408738200445
-18.5700681788231     15.347989664854284
-18.525260992066823     14.718030005190457
-18.480453805310542     13.661752277801227
-18.435646618554266     12.249409498805663
-18.390839431797986     10.619812576825614
-18.346032245041705     8.938982833114327
-18.30122505828543     7.355627636872166
-18.25641787152915     5.970755686530998
-18.21161068477287     4.830394912484602
-18.16680349801659     3.9364886979669294
-18.121996311260315     3.2633654822402525
-18.077189124504034     2.7707102404505175
-18.032381937747758     2.41265306756162
-17.987574750991477     2.146723141197046
-17.942767564235197     1.9429186653003951
-17.89796037747892     1.7879527824290342
-17.85315319072264     1.6804448502646343
-17.808346003966363     1.6198157361801786
-17.763538817210083     1.5974564737594905
-17.718731630453803     1.5965386771954413
-17.673924443697526     1.5984851770811241
-17.62911725694125     1.5884196497554448
-17.58431007018497     1.5547524057615796
-17.53950288342869     1.4857885799203032
-17.494695696672412     1.3699707397171295
-17.449888509916132     1.202068285250859
-17.405081323159855     0.9903583954251438
-17.360274136403575     0.7576142098283919
-17.315466949647295     0.5336659199984491
-17.270659762891018     0.3441441179887412
-17.225852576134738     0.20239383581360712
-17.18104538937846     0.1082874219059019
-17.13623820262218     0.052634767692841894
-17.0914310158659     0.02325141666019649
-17.046623829109624     0.009440169838886413
-17.001816642353347     0.0038696774011704846
-16.957009455597067     0.0025479096408879557
-16.912202268840787     0.0040519936532133856
-16.86739508208451     0.00877809088230435
-16.82258789532823     0.018365131084930653
-16.777780708571953     0.03502968708786383
-16.732973521815673     0.0604899187106079
-16.688166335059393     0.09448885693195672
-16.643359148303116     0.13350265757409
-16.598551961546836     0.17061341140297012
-16.55374477479056     0.1972310294280882
-16.50893758803428     0.20628553624820176
-16.464130401278002     0.19535813865903126
-16.41932321452172     0.16799234220825046
-16.374516027765445     0.13250465937242537
-16.329708841009165     0.09921546777397078
-16.284901654252884     0.07782248269152564
-16.240094467496608     0.07600729716881033
-16.195287280740327     0.09894183532781217
-16.15048009398405     0.14847902383215567
-16.10567290722777     0.221343374498572
-16.06086572047149     0.3072389882914792
-16.016058533715213     0.3890551573339077
-15.971251346958935     0.44683077736688703
-15.926444160202657     0.46471065151475244
-15.881636973446376     0.4374981810105334
-15.8368297866901     0.3729243877368944
-15.79202259993382     0.2881963746781254
-15.74721541317754     0.2029854334624343
-15.702408226421262     0.13293450951206545
-15.657601039664984     0.0866970070941532
-15.612793852908705     0.06667920019635888
-15.567986666152425     0.07139866996218934
-15.523179479396148     0.0971180376306611
-15.478372292639868     0.13787313260187029
-15.43356510588359     0.18482713660961264
-15.388757919127311     0.22669590368753886
-15.343950732371033     0.25223869210504984
-15.299143545614754     0.2540463272724363
-15.254336358858474     0.23147422541832952
-15.209529172102197     0.19077367761602274
-15.164721985345917     0.14221468474517363
-15.119914798589638     0.09589071417593262
-15.07510761183336     0.05848085948218094
-15.030300425077082     0.03225936089380474
-14.985493238320803     0.016095427745056422
-14.940686051564523     0.0072636351472326515
-14.895878864808246     0.0029649015085565543
-14.851071678051966     0.00109464105778454
-14.80626449129569     0.000365551777436372
-14.761457304539409     0.00011047897384483128
-14.71665011778313     3.059311646880162e-05
-14.671842931026852     9.866574746910207e-06
-14.627035744270572     1.3943309193585745e-05
-14.582228557514295     5.692305481888214e-05
-14.537421370758015     0.00023634461885345463
-14.492614184001738     0.0008939967310653324
-14.447806997245458     0.0030652926079649014
-14.40299981048918     0.009526376972408244
-14.3581926237329     0.026840084963546146
-14.313385436976622     0.06857154075491292
-14.268578250220344     0.1589069723464026
-14.223771063464064     0.334170876882555
-14.178963876707787     0.6381114388287401
-14.134156689951507     1.1075164861581426
-14.089349503195228     1.7498430468236934
-14.04454231643895     2.522995648823448
-13.999735129682671     3.3328902971219563
-13.954927942926393     4.058951735407664
-13.910120756170114     4.600080494101859
-13.865313569413834     4.915336487473173
-13.820506382657555     5.03180217156747
-13.775699195901277     5.01303800295347
-13.730892009144998     4.9107655523366915
-13.68608482238872     4.735388752716405
-13.641277635632441     4.465815463209481
-13.596470448876163     4.0881067748981925
-13.551663262119883     3.6308579155316076
-13.506856075363604     3.168767355716234
-13.462048888607326     2.789873173848064
-13.417241701851047     2.5477938355766687
-13.372434515094769     2.4304762108924076
-13.32762732833849     2.365903275471961
-13.282820141582212     2.2612379502639257
-13.238012954825932     2.0511119591665783
-13.193205768069653     1.726802614934649
-13.148398581313375     1.3325778799115537
-13.103591394557096     0.9370401950597147
-13.058784207800818     0.600345976834892
-13.01397702104454     0.355529185194467
-12.96916983428826     0.20922699481132295
-12.924362647531982     0.1549788354892872
-12.879555460775702     0.18777452930872182
-12.834748274019423     0.3109387994072539
-12.789941087263145     0.5316843867868362
-12.745133900506866     0.8472960493109557
-12.700326713750588     1.2293981697170264
-12.65551952699431     1.6174315415293736
-12.610712340238031     1.930505388313167
-12.56590515348175     2.097135054026633
-12.521097966725472     2.0894779901056144
-12.476290779969194     1.9421996783733633
-12.431483593212915     1.7425932115956804
-12.386676406456637     1.5945071102874055
-12.341869219700358     1.5730783269410114
-12.29706203294408     1.6915781818367042
-12.2522548461878     1.8953267410098449
-12.207447659431521     2.0853751328342645
-12.162640472675243     2.1615139830922687
-12.117833285918964     2.064800066798916
-12.073026099162686     1.799395158848615
-12.028218912406407     1.424403556861076
-11.983411725650129     1.0231404799856487
-11.93860453889385     0.6686568155061547
-11.89379735213757     0.40280125130452993
-11.848990165381291     0.23447547798064233
-11.804182978625013     0.1509354894057997
-11.759375791868734     0.13165982683626076
-11.714568605112456     0.15756745314958404
-11.669761418356178     0.2142335947684892
-11.624954231599899     0.29156398744471557
-11.580147044843619     0.3827671789052812
-11.53533985808734     0.48375722513257235
-11.490532671331062     0.5924825599842958
-11.445725484574783     0.70752324903336
-11.400918297818505     0.8265086330216793
-11.356111111062226     0.9459840909126594
-11.311303924305948     1.06370844849328
-11.266496737549668     1.1820120237564646
-11.22168955079339     1.3088721823034077
-11.17688236403711     1.4541548363813406
-11.132075177280832     1.6221103912728396
-11.087267990524554     1.804818839181447
-11.042460803768275     1.981462962055394
-10.997653617011997     2.1245639324737473
-10.952846430255718     2.2097438358467683
-10.908039243499438     2.223979830332676
-10.86323205674316     2.1695682620041614
-10.818424869986881     2.06453469626656
-10.773617683230603     1.9417447558211118
-10.728810496474324     1.847544035276858
-10.684003309718046     1.8381606243331583
-10.639196122961767     1.9710376829126826
-10.594388936205487     2.290375999322221
-10.549581749449208     2.810923123640683
-10.50477456269293     3.5083610477167206
-10.459967375936651     4.324059249112398
-10.415160189180373     5.1843645168744334
-10.370353002424094     6.024244405602811
-10.325545815667816     6.8012006058345
-10.280738628911536     7.4933291277506555
-10.235931442155257     8.088887197512186
-10.191124255398979     8.579962291586227
-10.1463170686427     8.96377617632465
-10.101509881886422     9.242276641077101
-10.056702695130143     9.410411889302857
-10.011895508373865     9.438552955722198
-9.967088321617585     9.268830252692727
-9.922281134861306     8.840951132444623
-9.877473948105028     8.140995298860883
-9.832666761348749     7.245533834466861
-9.78785957459247     6.330968865401371
-9.743052387836192     5.635190410385641
-9.698245201079914     5.382489081868585
-9.653438014323635     5.700207202395589
-9.608630827567355     6.561893631625878
-9.563823640811076     7.786312868200806
-9.519016454054798     9.10353054444859
-9.47420926729852     10.26961884076471
-9.429402080542241     11.181053785475685
-9.384594893785962     11.928794550165517
-9.339787707029684     12.755911768819715
-9.294980520273404     13.934560497681055
-9.250173333517125     15.626436704062648
-9.205366146760847     17.800772272406377
-9.160558960004568     20.24669651080082
-9.11575177324829     22.6595126626299
-9.070944586492011     24.74484740172704
-9.026137399735733     26.29288187849974
-8.981330212979453     27.212380225144358
-8.936523026223174     27.544303762124542
-8.891715839466896     27.47182154431389
-8.846908652710617     27.315596777511402
-8.802101465954339     27.484067688613095
-8.75729427919806     28.365138232845162
-8.712487092441782     30.191042058899725
-8.667679905685503     32.94370118962044
-8.622872718929223     36.357111581959984
-8.578065532172944     40.0164447935951
-8.533258345416666     43.492575396009215
-8.488451158660387     46.43589847280556
-8.443643971904109     48.59793956080881
-8.39883678514783     49.81396540412602
-8.354029598391552     50.005775464430954
-8.309222411635272     49.228369006371544
-8.264415224878993     47.72334246508908
-8.219608038122715     45.91476933030353
-8.174800851366436     44.31434455092017
-8.129993664610158     43.36282409042761
-8.08518647785388     43.27679540619984
-8.0403792910976     43.97035674609883
-7.995572104341321     45.088500654174446
-7.950764917585042     46.1419064639738
-7.905957730828764     46.68833183613896
-7.861150544072485     46.48169291427324
-7.816343357316207     45.52309199193527
-7.771536170559928     43.998304416911694
-7.72672898380365     42.14666487998102
-7.681921797047371     40.13911071693738
-7.637114610291091     38.02901349907104
-7.5923074235348125     35.79111876032718
-7.547500236778534     33.41302558895478
-7.5026930500222555     30.976976910145396
-7.457885863265977     28.67685377684873
-7.4130786765096985     26.750981406441042
-7.36827148975342     25.360900130369878
-7.32346430299714     24.48580419770714
-7.278657116240861     23.90419792212787
-7.233849929484583     23.286700246792684
-7.189042742728304     22.351595456152715
-7.144235555972026     20.99027743532819
-7.099428369215747     19.290790608020103
-7.054621182459469     17.459094862023978
-7.009813995703189     15.702041308045445
-6.96500680894691     14.145550158355451
-6.920199622190632     12.818846079945782
-6.875392435434353     11.684746971790304
-6.830585248678075     10.677372032171236
-6.785778061921796     9.725851918921837
-6.740970875165518     8.768421133990246
-6.696163688409239     7.7694470610796005
-6.651356501652959     6.740750925992806
-6.6065493148966805     5.7555766596323465
-6.561742128140402     4.943226208546129
-6.5169349413841235     4.462602240762392
-6.472127754627845     4.4622041853907035
-6.427320567871567     5.036572913278121
-6.382513381115288     6.188634563640414
-6.337706194359008     7.809053838399745
-6.292899007602729     9.68558832818414
-6.248091820846451     11.549835083045682
-6.203284634090172     13.15179097940366
-6.158477447333894     14.3322921776513
-6.113670260577615     15.056757220903643
-6.068863073821337     15.392071799355673
-6.024055887065057     15.442875251840345
-5.979248700308778     15.288081332315187
-5.9344415135525     14.953521492598917
-5.889634326796223     14.427936739099138
-5.844827140039943     13.701929432639101
-5.8000199532836625     12.8019174800459
-5.755212766527386     11.801836099171336
-5.7104055797711055     10.810019615252617
-5.665598393014829     9.937858348492304
-5.6207912062585486     9.261630144898666
-5.575984019502272     8.793000870660864
-5.531176832745992     8.474603039057001
-5.486369645989711     8.208607924685834
-5.441562459233435     7.908289598452246
-5.396755272477154     7.546156205549218
-5.351948085720878     7.171276392768995
-5.307140898964597     6.886372538560086
-5.262333712208321     6.79969012846252
-5.21752652545204     6.979120048472302
-5.17271933869576     7.428453414701078
-5.1279121519394835     8.087605973072861
-5.083104965183203     8.847679447093928
-5.0382977784269265     9.575108884842107
-4.993490591670646     10.146431307276181
-4.9486834049143695     10.491059304140151
-4.903876218158089     10.623821428993462
-4.859069031401809     10.640699616644799
-4.814261844645532     10.66738386675603
-4.769454657889252     10.78413877737088
-4.724647471132975     10.97342408333618
-4.679840284376695     11.125594699084552
-4.635033097620418     11.099025024241621
-4.590225910864138     10.795053546484578
-4.545418724107858     10.202744659960425
-4.500611537351581     9.39435797241292
-4.455804350595301     8.485971001762955
-4.410997163839024     7.593723415894852
-4.366189977082744     6.807979408617175
-4.321382790326467     6.188060818304781
-4.276575603570187     5.766449277962058
-4.231768416813907     5.55111577088834
-4.18696123005763     5.523149029446846
-4.14215404330135     5.634669430878091
-4.097346856545073     5.813661404260835
-4.052539669788793     5.978620560964416
-4.007732483032516     6.0603090131228505
-3.962925296276236     6.023203586388269
-3.918118109519959     5.877272897383449
-3.873310922763679     5.6732375605970145
-3.8285037360073986     5.481533449442386
-3.783696549251122     5.363422083084279
-3.7388893624948416     5.346848145360615
-3.694082175738565     5.417036694491053
-3.6492749889822846     5.524493993368153
-3.604467802226008     5.605599962802689
-3.5596606154697277     5.606831130447397
-3.5148534287134474     5.503655145322362
-3.4700462419571707     5.308155280118713
-3.4252390552008904     5.063698683542561
-3.3804318684446137     4.829034576715439
-3.3356246816883335     4.657327744831011
-3.2908174949320568     4.577267462345562
-3.2460103081757765     4.582945838723916
-3.2012031214194963     4.636441220087553
-3.1563959346632195     4.682587328611436
-3.1115887479069393     4.670562705571518
-3.0667815611506626     4.573481178975795
-3.0219743743943823     4.3972640947829635
-2.9771671876381056     4.17497245256387
-2.9323600008818254     3.9504931286065315
-2.887552814125545     3.7608790792084523
-2.8427456273692684     3.625725090518828
-2.797938440612988     3.5460437672353597
-2.7531312538567114     3.5095043061371323
-2.708324067100431     3.4973493677895946
-2.6635168803441545     3.4900431522709683
-2.618709693587874     3.4709010272694836
-2.573902506831594     3.4281662983843164
-2.5290953200753172     3.356365147289663
-2.484288133319037     3.2574341222890677
-2.4394809465627603     3.1411599071890137
-2.39467375980648     3.023767020121534
-2.3498665730502033     2.924056263904938
-2.305059386293923     2.8579781232987025
-2.260252199537643     2.8334266297163913
-2.215445012781366     2.8467216372361746
-2.170637826025086     2.8816750758765757
-2.125830639268809     2.912156139261455
-2.081023452512529     2.9088574092456554
-2.036216265756252     2.8491951898307475
-1.9914090789999719     2.7265478837719703
-1.9466018922436952     2.5539531392320054
-1.901794705487415     2.3597391052375674
-1.8569875187311347     2.176998543229621
-1.812180331974858     2.0319628652843544
-1.7673731452185777     1.9361370383654468
-1.722565958462301     1.8844124994225622
-1.6777587717060207     1.8586280905701038
-1.632951584949744     1.8345746548647102
-1.5881443981934638     1.790025315841533
-1.5433372114371835     1.711388452033238
-1.4985300246809068     1.5969832747994737
-1.4537228379246265     1.4560359834016374
-1.4089156511683498     1.3041476652780268
-1.3641084644120696     1.1573994779131493
-1.3193012776557929     1.027585028639045
-1.2744940908995126     0.9201224345205674
-1.2296869041432323     0.8346735147102808
-1.1848797173869556     0.7673614794841961
-1.1400725306306754     0.7132511912076591
-1.0952653438743987     0.6682112089291856
-1.0504581571181184     0.6298350148983416
-1.0056509703618417     0.5974233999809704
-0.9608437836055614     0.5712019645300785
-0.9160365968492812     0.5511516937658391
-0.8712294100930045     0.5360266030672373
-0.8264222233367242     0.5230985934054376
-0.7816150365804475     0.5088022621742012
-0.7368078498241672     0.4899420115045766
-0.6920006630678905     0.4648157984362278
-0.6471934763116103     0.4337068136976075
-0.60238628955533     0.3985929119928012
-0.5575791027990533     0.3623233956429661
-0.5127719160427731     0.3276746515913379
-0.46796472928649635     0.2966091982535865
-0.4231575425302161     0.26988990097519494
-0.3783503557739394     0.2470879231461014
-0.3335431690176591     0.22696810055974662
-0.28873598226137887     0.20814478323866809
-0.24392879550510216     0.18975109052704428
-0.1991216087488219     0.1717781503809328
-0.1543144219925452     0.1548708666793039
-0.10950723523626493     0.139699077916421
-0.06470004847998823     0.12632839402567053
-0.019892861723707966     0.11403238997584589
0.02491432503256874     0.1016739528911714
0.069721511788849     0.0883766330360492
0.11452869854512926     0.07402595554487731
0.15933588530140597     0.059306593179777614
0.20414307205768623     0.045326036448138235
0.24895025881396293     0.0331165852709346
0.2937574455702432     0.023299375735368083
0.3385646323265199     0.01601360217181716
0.38337181908280016     0.011039234186269172
0.4281790058390804     0.007983350726526246
0.4729861925953571     0.006443433838920815
0.5177933793516374     0.006123267917923881
0.5626005661079141     0.006896958805101742
0.6074077528641944     0.00879654319851274
0.6522149396204711     0.011889509063745625
0.6970221263767513     0.016060090648830638
0.7418293131330316     0.02079993764172071
0.7866364998893083     0.025170991467062198
0.8314436866455885     0.028042899805639003
0.8762508734018652     0.02853356096776683
0.9210580601581455     0.026415631795208255
0.9658652469144222     0.02224039811758139
1.0106724336707025     0.017102358302222107
1.0554796204269827     0.012192139062320362
1.1002868071832594     0.008388017701452925
1.1450939939395397     0.00606028983661327
1.1899011806958164     0.005102822332291193
1.2347083674520967     0.005097074189659199
1.2795155542083734     0.00550614020700889
1.3243227409646536     0.00584245269381208
1.369129927720934     0.005786817989209763
1.4139371144772106     0.00524237582332925
1.4587443012334909     0.004312040376449123
1.5035514879897676     0.0032122333570236824
1.5483586747460478     0.00216534680662824
1.5931658615023245     0.0013204359302918243
1.6379730482586048     0.0007283394610075305
1.682780235014885     0.00036338122649547886
1.7275874217711618     0.0001639828263329807
1.772394608527442     6.693292887433605e-05
1.8172017952837187     2.4710777858852517e-05
1.862008982039999     8.251639672197746e-06
1.9068161687962757     2.4925980503065353e-06
1.951623355552556     6.828773065663741e-07
1.9964305423088362     1.7924320364057225e-07
2.041237729065113     9.180884227110507e-08
2.086044915821393     2.492724196373719e-07
2.13085210257767     9.769705930293025e-07
2.17565928933395     3.5677375228884657e-06
2.220466476090227     1.1824630900221687e-05
2.265273662846507     3.5553747191014454e-05
2.310080849602784     9.708720361431406e-05
2.354888036359064     0.00024116444137971607
2.3996952231153443     0.0005461404526767688
2.444502409871621     0.0011309838089335138
2.4893095966279013     0.002150516471639073
2.534116783384178     0.003774596178077226
2.5789239701404583     0.006156019526790518
2.623731156896735     0.009400103952027741
2.6685383436530152     0.013545590087512036
2.7133455304092955     0.01854983280770264
2.758152717165572     0.024257442548368913
2.8029599039218525     0.03034404782462176
2.847767090678129     0.03626836401202489
2.8925742774344094     0.04130274498301777
2.937381464190686     0.04469777166633434
2.9821886509469664     0.04595651606627678
3.0269958377032467     0.04509459923191156
3.0718030244595234     0.04272202923510577
3.1166102112158036     0.03985222871396209
3.1614173979720803     0.03749617036874402
3.2062245847283606     0.03624065803953657
3.2510317714846373     0.03603996828632531
3.2958389582409175     0.03633639215754887
3.340646144997198     0.03643061805045928
3.3854533317534745     0.035872192249626546
3.4302605185097548     0.03463971557794448
3.4750677052660315     0.033036460605105206
3.5198748920223117     0.03142737792590894
3.5646820787785884     0.030035794333118135
3.6094892655348687     0.028937070214410415
3.654296452291149     0.028210273087911283
3.6991036390474257     0.028084428786110685
3.743910825803706     0.02892891792834757
3.7887180125599826     0.03105851918989623
3.833525199316263     0.03445980529948549
3.8783323860725396     0.038616657653012795
3.92313957282882     0.042579882143289574
3.9679467595851     0.04529585018642416
4.012753946341377     0.04604499109242617
4.057561133097657     0.04475115817889351
4.102368319853934     0.04198746978500011
4.147175506610214     0.03869026114342192
4.191982693366491     0.03576207543167853
4.236789880122771     0.033772027171160006
4.281597066879048     0.03284973201984705
4.326404253635328     0.032735197101570454
4.371211440391608     0.03290059069600941
4.416018627147885     0.03269990019999281
4.460825813904165     0.03154429924495853
4.505633000660442     0.029084881469799748
4.550440187416722     0.02533849864497731
4.595247374172999     0.02068665035956498
4.640054560929279     0.015736155039285635
4.684861747685559     0.011107896891521989
4.729668934441836     0.007253582822107911
4.774476121198116     0.0043708017170250805
4.819283307954393     0.0024247954113295793
4.864090494710673     0.0012358671699285004
4.90889768146695     0.0005775261725767963
4.95370486822323     0.00024697018954525726
4.998512054979511     9.64769304114433e-05
5.043319241735787     3.4373021779483095e-05
5.0881264284920675     1.1153731135829183e-05
5.132933615248344     3.292372691079199e-06
5.1777408020046245     8.831692319772832e-07
5.222547988760901     2.1510937744516946e-07
5.2673551755171815     4.753957804278198e-08
5.312162362273462     9.52770495111927e-09
5.356969549029738     1.7308600152140734e-09
5.401776735786019     2.849173371916509e-10
5.446583922542295     4.2484782505958333e-11
5.491391109298576     5.737270630712359e-12
5.536198296054852     7.015439704319619e-13
5.581005482811133     7.766377023227331e-14
5.625812669567413     7.782967727464292e-15
5.67061985632369     7.059832670586493e-16
5.71542704307997     5.796063416546151e-17
5.7602342298362466     4.30660159287046e-18
5.805041416592527     2.8958579071372603e-19
5.8498486033488035     1.7621492700276996e-20
5.894655790105084     9.703220371225501e-22
5.939462976861364     4.83486125432922e-23
5.984270163617641     2.1799013351771677e-24
6.029077350373921     8.907567097125012e-26
6.073884537130198     7.799081792290163e-27
6.118691723886478     1.293288619996267e-25
6.163498910642755     3.344977508562167e-24
6.208306097399035     7.833789131569743e-23
6.253113284155312     1.6598368400275027e-21
6.297920470911592     3.1818103965075344e-20
6.342727657667872     5.518226075508332e-19
6.387534844424149     8.658484176121387e-18
6.432342031180429     1.229142679090344e-16
6.477149217936706     1.5786346699373663e-15
6.521956404692986     1.8343438127365825e-14
6.566763591449263     1.9284149776589338e-13
6.611570778205543     1.834179633365966e-12
6.656377964961823     1.5783595500570422e-11
6.7011851517181     1.2288363041284624e-10
6.74599233847438     8.65581177574052e-10
6.790799525230657     5.516320217214484e-09
6.835606711986937     3.1806954413749635e-08
6.880413898743214     1.6593194164867652e-07
6.925221085499494     7.832122190691274e-07
6.9700282722557745     3.344872728476625e-06
7.014835459012051     1.2925395423681884e-05
7.0596426457683314     4.5195161871192764e-05
7.104449832524608     0.00014300562196253332
7.149257019280888     0.000409515604100335
7.194064206037165     0.0010614698597208585
7.238871392793445     0.002490914098712914
7.283678579549726     0.0052937362453288105
7.328485766306002     0.010193477721978324
7.373292953062283     0.017796681858309862
7.418100139818559     0.02820024869657395
7.46290732657484     0.04061729507704363
7.507714513331116     0.05329226410035766
7.5525217000873965     0.06390229307368223
7.597328886843677     0.07036530596759001
7.6421360735999535     0.07167091451740246
7.686943260356234     0.06827681642465365
7.7317504471125105     0.06186200037861786
7.776557633868791     0.05460931365646671
7.821364820625067     0.048413592721858245
7.866172007381348     0.044360803778583896
7.910979194137628     0.042613088592751924
7.955786380893905     0.04263321697894709
8.000593567650185     0.043564345813241284
8.045400754406462     0.044556359533558645
8.090207941162742     0.04491001822913492
8.135015127919019     0.04406890006383196
8.179822314675299     0.041609768415866166
8.22462950143158     0.037344184757248586
8.269436688187856     0.03147810542001865
8.314243874944136     0.024658903169934493
8.359051061700413     0.017802225957360987
8.403858248456693     0.011771261279232012
8.44866543521297     0.007098111714379468
8.49347262196925     0.003891976518185602
8.538279808725527     0.0019367570397819558
8.583086995481807     0.0008736206766729575
8.627894182238087     0.00035694253587437955
8.672701368994364     0.00013215151370940054
8.717508555750644     4.486432471307157e-05
8.762315742506921     1.6215355703213947e-05
8.807122929263201     1.4321324136035011e-05
8.851930116019478     3.712943315378689e-05
8.896737302775758     0.00011156868050665562
8.941544489532038     0.0003097427034603324
8.986351676288315     0.0007790182561625307
9.031158863044595     0.0017723599873041753
9.075966049800872     0.003647313992167437
9.120773236557152     0.006789233971006567
9.165580423313429     0.011432091060578332
9.21038761006971     0.017416588681009766
9.25519479682599     0.024016786539124764
9.300001983582266     0.030006784793230407
9.344809170338547     0.03405079928167618
9.389616357094823     0.035295598176397956
9.434423543851103     0.03385868927307988
9.47923073060738     0.030900188718533755
9.52403791736366     0.02817667078522968
9.56884510411994     0.027266490104745935
9.613652290876217     0.028839517396395224
9.658459477632498     0.03232563790235859
9.703266664388774     0.036147456330624925
9.748073851145055     0.038417260018090205
9.792881037901331     0.03776770030334099
9.837688224657612     0.03390853526505811
9.882495411413892     0.027649389779262137
9.927302598170169     0.020435015744950297
9.972109784926449     0.013709286389493352
10.016916971682726     0.008487855773610208
10.061724158439006     0.005393320446299168
10.106531345195286     0.005275870614648641
10.15133853195156     0.010570638878521575
10.19614571870784     0.027665119347005152
10.24095290546412     0.07038877041434492
10.2857600922204     0.1637555463867385
10.33056727897668     0.34512926502511815
10.375374465732953     0.6581102806902468
10.420181652489234     1.1352826270382415
10.464988839245514     1.772058195023497
10.509796026001794     2.503985672242494
10.554603212758074     3.2066965944535846
10.599410399514348     3.731574355610186
10.644217586270628     3.9694230475844723
10.689024773026908     3.911239617902928
10.733831959783188     3.6689555219394725
10.778639146539462     3.4385529245694584
10.823446333295742     3.42158297350816
10.868253520052022     3.745641888217774
10.913060706808302     4.424198094086318
10.957867893564583     5.373494958163208
11.002675080320856     6.473917190139742
11.047482267077136     7.641387459360111
11.092289453833416     8.870708984510692
11.137096640589697     10.227737314701159
11.181903827345977     11.79329455321611
11.22671101410225     13.587141222017106
11.27151820085853     15.513322930932272
11.31632538761481     17.360439711113038
11.36113257437109     18.862385026697673
11.405939761127364     19.791482788037506
11.450746947883644     20.03963534153415
11.495554134639924     19.656111083954006
11.540361321396205     18.83984227145242
11.585168508152485     17.902334805702218
11.629975694908758     17.211574084620104
11.674782881665038     17.113346497609665
11.719590068421319     17.830847552049747
11.764397255177599     19.371979357456894
11.809204441933872     21.499163728231803
11.854011628690152     23.802659620639982
11.898818815446432     25.86004280318092
11.943626002202713     27.40273597384498
11.988433188958993     28.400218365432742
12.033240375715266     29.02806156236829
12.078047562471546     29.56151334241497
12.122854749227827     30.268639987912614
12.167661935984107     31.34707000365987
12.212469122740387     32.89663496847533
12.25727630949666     34.90043832759086
12.30208349625294     37.21113804372298
12.34689068300922     39.57082597650267
12.391697869765501     41.6891257478847
12.436505056521774     43.361513526102925
12.481312243278055     44.567829980841815
12.526119430034335     45.492396088263604
12.570926616790615     46.454508791031074
12.615733803546895     47.78947022606732
12.660540990303168     49.7325587033387
12.705348177059449     52.33277945452836
12.750155363815729     55.40074834102924
12.79496255057201     58.503639281230804
12.83976973732829     61.03813060624678
12.884576924084563     62.39622118762972
12.929384110840843     62.18276278423413
12.974191297597123     60.39376465706711
13.018998484353403     57.46845570795675
13.063805671109677     54.18293632969655
13.108612857865957     51.41657117705897
13.153420044622237     49.863513466280025
13.198227231378517     49.783459978047865
13.243034418134798     50.89297763715197
13.28784160489107     52.47077613487241
13.332648791647351     53.66515510600592
13.377455978403631     53.87726873536565
13.422263165159912     53.030405232202156
13.467070351916192     51.58748588807582
13.511877538672465     50.321682588081345
13.556684725428745     49.976051413248214
13.601491912185026     50.98053485074706
13.646299098941306     53.33179164330234
13.691106285697579     56.65226383006867
13.73591347245386     60.38207983535238
13.78072065921014     64.02041615696592
13.82552784596642     67.31041924719008
13.8703350327227     70.27336227030625
13.915142219478973     73.06832441921856
13.959949406235253     75.75935243378659
14.004756592991534     78.14055704971783
14.049563779747814     79.74309682078695
14.094370966504087     80.03655776678576
14.139178153260367     78.71222519052864
14.183985340016648     75.87964735319498
14.228792526772928     72.0606881196755
14.273599713529208     67.99467451518277
14.318406900285481     64.38396839926685
14.363214087041762     61.72613877577648
14.408021273798042     60.28858263914219
14.452828460554322     60.1645405995269
14.497635647310602     61.30524637373841
14.542442834066875     63.48014093616963
14.587250020823156     66.21377139984811
14.632057207579436     68.79632619986737
14.676864394335716     70.42838094699013
14.72167158109199     70.47190512792548
14.76647876784827     68.70058057743086
14.81128595460455     65.42053317403128
14.85609314136083     61.383394127881814
14.90090032811711     57.51656881432381
14.945707514873384     54.595179007937745
14.990514701629664     53.010534573673326
15.035321888385944     52.72430871960735
15.080129075142224     53.38062828772746
15.124936261898505     54.46875824449015
15.169743448654778     55.44422275567727
15.214550635411058     55.798446692141795
15.259357822167338     55.129748855958084
15.304165008923619     53.25098050195017
15.348972195679892     50.29521304980775
15.393779382436172     46.7320170813731
15.438586569192452     43.238930745470995
15.483393755948732     40.4641972890506
15.528200942705013     38.794474893205994
15.573008129461286     38.24665215695594
15.617815316217566     38.53455631662228
15.662622502973846     39.265612247286
15.707429689730127     40.15655605699034
15.7522368764864     41.15501850893487
15.79704406324268     42.41142217182137
15.84185124999896     44.12890215191209
15.88665843675524     46.38337987731645
15.93146562351152     49.01815357644449
15.976272810267794     51.67072030649919
16.021079997024074     53.91055078017979
16.065887183780355     55.40434054196598
16.110694370536635     56.01941705228373
16.155501557292915     55.82401739099349
16.200308744049188     55.00363527115876
16.24511593080547     53.74635885086307
16.28992311756175     52.15295998298129
16.33473030431803     50.216171430844824
16.379537491074302     47.89026306989859
16.424344677830582     45.2248420531573
16.469151864586863     42.47856294959668
16.513959051343143     40.110492012342704
16.558766238099423     38.610496387422515
16.603573424855696     38.246375994313695
16.648380611611977     38.88396266730163
16.693187798368257     40.00517361251316
16.737994985124537     40.92497454358859
16.782802171880817     41.08458936044312
16.82760935863709     40.263762653643646
16.87241654539337     38.62310481084762
16.91722373214965     36.59646181212882
16.96203091890593     34.723663011716816
17.006838105662204     33.50959825841109
17.051645292418485     33.339240006058034
17.096452479174765     34.42491156134688
17.141259665931045     36.75545420896007
17.186066852687325     40.05604483427119
17.2308740394436     43.805918727714214
17.27568122619988     47.34947012108705
17.32048841295616     50.075977316352194
17.36529559971244     51.59268687094435
17.41010278646872     51.82536244909656
17.454909973224993     51.030904175299874
17.499717159981273     49.736027802964244
17.544524346737553     48.603350709096034
17.589331533493834     48.221106629689174
17.634138720250107     48.86207796246816
17.678945907006387     50.32638529066901
17.723753093762667     51.98257263482127
17.768560280518948     53.0174640202196
17.813367467275228     52.771549994496816
17.8581746540315     50.985368854506376
17.90298184078778     47.85075388594559
17.94778902754406     43.882394978730645
17.99259621430034     39.70553857903626
18.037403401056615     35.858718166396464
18.082210587812895     32.66801524020127
18.127017774569175     30.20748465811701
18.171824961325456     28.335693711930897
18.216632148081736     26.783714714365175
18.26143933483801     25.26118514532106
18.30624652159429     23.549038480368164
18.35105370835057     21.55940701946223
18.39586089510685     19.353991282013485
18.44066808186313     17.116403698572213
18.485475268619403     15.081436836110216
18.530282455375684     13.443715664673572
18.575089642131964     12.28735253355931
18.619896828888244     11.572836048674272
18.664704015644517     11.183088620271342
18.709511202400797     10.994088118363454
18.754318389157078     10.927267231981066
18.799125575913358     10.962944528135086
18.84393276266964     11.120754282783569
18.88873994942591     11.422720764849306
18.93354713618219     11.851192578630547
18.978354322938472     12.31478167222158
19.023161509694752     12.644024562393533
19.067968696451032     12.636867007712112
19.112775883207306     12.147274357293856
19.157583069963586     11.171972539690314
19.202390256719866     9.876372987786795
19.247197443476146     8.532809725674515
19.29200463023242     7.402809915964982
19.3368118169887     6.633356508813214
19.38161900374498     6.223396245074255
19.42642619050126     6.064117694257064
19.47123337725754     6.009856468956139
19.516040564013814     5.9317041677968
19.560847750770094     5.738408686616868
19.605654937526374     5.382081442623431
19.650462124282654     4.8688055041581
19.695269311038935     4.271026531804727
19.740076497795208     3.72022472203219
19.784883684551488     3.366606778705321
19.82969087130777     3.319182998750581
19.87449805806405     3.598542227876148
19.919305244820322     4.129166741959482
19.964112431576602     4.773810995046371
20.008919618332882     5.388479945632484
20.053726805089163     5.868757940406152
20.098533991845443     6.16878480505318
20.143341178601716     6.292748470445493
20.188148365357996     6.272376551415826
20.232955552114277     6.146228444093284
20.277762738870557     5.949538537949261
20.32256992562683     5.712950873570784
20.36737711238311     5.461648471879247
20.41218429913939     5.208800681685458
20.45699148589567     4.948024972123667
20.50179867265195     4.657741372728324
20.546605859408224     4.323607512576565
20.591413046164504     3.9659091977656793
20.636220232920785     3.6460379218726113
20.681027419677065     3.4371099916959538
20.725834606433345     3.3729501967940445
20.77064179318962     3.4117915530841803
20.8154489799459     3.4449172549732885
20.86025616670218     3.3492161507625697
20.90506335345846     3.0510079445471967
20.949870540214732     2.561311951196898
20.994677726971013     1.9642516226484354
21.039484913727293     1.3720859969717347
21.084292100483573     0.8782730282105212
21.129099287239853     0.5340494326839458
21.173906473996126     0.35365307572086613
21.218713660752407     0.3354301775741467
21.263520847508687     0.48052316991210553
21.308328034264967     0.7965795884512747
21.353135221021248     1.2849534234394029
21.39794240777752     1.9207888301593035
21.4427495945338     2.641424743136647
21.48755678129008     3.3549701210983334
21.53236396804636     3.9671574240276697
21.577171154802635     4.409548450138566
21.621978341558915     4.649864327285646
21.666785528315195     4.680539120711507
21.711592715071475     4.5014208882666775
21.756399901827756     4.116689489939622
