-21.982227181984136     4.049901495959884e-06
-21.937420525500993     5.990293799115231e-06
-21.892613869017847     8.900778368326371e-06
-21.847807212534704     1.3629246239452522e-05
-21.803000556051558     2.1464668378319098e-05
-21.758193899568415     3.380970688639485e-05
-21.71338724308527     5.146470210127396e-05
-21.668580586602125     7.381128969198226e-05
-21.62377393011898     9.853551619164915e-05
-21.578967273635836     0.00012259355978793464
-21.534160617152693     0.00014474758221019098
-21.489353960669547     0.00016960492953437895
-21.444547304186404     0.0002139713864569942
-21.399740647703258     0.0003207099035039034
-21.354933991220115     0.0005960282004716135
-21.31012733473697     0.0013047744545809069
-21.265320678253826     0.0030792801645316745
-21.220514021770683     0.007297716201477795
-21.175707365287536     0.016623947448041344
-21.130900708804393     0.035532846748900344
-21.086094052321247     0.07040475411516614
-21.041287395838104     0.1286292706847178
-20.996480739354958     0.2163728600721255
-20.951674082871815     0.33536232247185943
-20.90686742638867     0.47993536571064777
-20.862060769905526     0.6360413186733682
-20.81725411342238     0.7832765393005404
-20.772447456939236     0.899569901318722
-20.727640800456093     0.966735975866402
-20.682834143972947     0.9747748540442105
-20.638027487489804     0.9236639893450111
-20.593220831006658     0.8226561818211364
-20.548414174523515     0.6878366162515587
-20.50360751804037     0.5387083343702177
-20.458800861557226     0.3944051203239225
-20.413994205074083     0.27023669046567583
-20.369187548590936     0.17546080132954392
-20.324380892107794     0.11292482349141857
-20.279574235624647     0.08042908289250977
-20.234767579141504     0.07288158158395497
-20.189960922658358     0.08414997133721128
-20.145154266175215     0.1080238967545694
-20.10034760969207     0.1384027286069933
-20.055540953208926     0.16924285912406772
-20.010734296725783     0.19480920899485038
-19.965927640242636     0.21049197988000512
-19.921120983759494     0.2139959573962245
-19.876314327276347     0.20624553329609027
-19.831507670793204     0.19120039087336593
-19.786701014310058     0.17425532493131296
-19.741894357826915     0.15985269455246423
-19.69708770134377     0.14965163368766807
-19.652281044860626     0.14237237658535887
-19.607474388377483     0.13531956191235223
-19.562667731894336     0.12644876764634094
-19.517861075411194     0.11558845767709265
-19.473054418928047     0.10420905429669573
-19.428247762444904     0.09423913961555015
-19.383441105961758     0.08698259315436127
-19.338634449478615     0.08285823064481071
-19.293827792995472     0.0818660948406133
-19.249021136512326     0.08410162660945587
-19.204214480029183     0.08973608708436027
-19.159407823546037     0.09851167378467533
-19.114601167062894     0.10937364254211727
-19.069794510579747     0.12083712115666435
-19.024987854096604     0.13203245239367895
-18.980181197613458     0.1436393991196176
-18.935374541130315     0.1578032964559128
-18.89056788464717     0.17683697725636388
-18.845761228164026     0.2015053343955589
-18.800954571680883     0.230082792453571
-18.756147915197737     0.25877364692791593
-18.711341258714594     0.2830259906631386
-18.666534602231447     0.2987404241568447
-18.621727945748304     0.30281836331864886
-18.576921289265158     0.29333947987748316
-18.532114632782015     0.26994918376427735
-18.487307976298872     0.23450474612081523
-18.442501319815726     0.19135967794543213
-18.397694663332583     0.14667397393777007
-18.352888006849437     0.10683799237283645
-18.308081350366294     0.07675976767084977
-18.263274693883147     0.05878258946601564
-18.218468037400005     0.052492491572087796
-18.17366138091686     0.05521423342831392
-18.128854724433715     0.0629102884409297
-18.084048067950572     0.07131049929589191
-18.039241411467426     0.0770761650792601
-17.994434754984283     0.07862073764664729
-17.949628098501137     0.07618199184149525
-17.904821442017994     0.07109069569597608
-17.86001478553485     0.06470262639395694
-17.815208129051705     0.057683213662906345
-17.770401472568558     0.05002125041569208
-17.725594816085415     0.04156823063822457
-17.680788159602272     0.03255832783034366
-17.635981503119126     0.023705560895212807
-17.591174846635983     0.01589124232050183
-17.546368190152837     0.009752452659177931
-17.501561533669694     0.0054651736033398705
-17.456754877186548     0.0027965441034895973
-17.411948220703405     0.0013097577704015426
-17.367141564220262     0.0005642065506577037
-17.322334907737115     0.00022527462110731692
-17.277528251253973     8.424542438039049e-05
-17.232721594770826     2.986354573994966e-05
-17.187914938287683     1.0142624356788586e-05
-17.143108281804537     3.319395669988363e-06
-17.098301625321394     1.0450163230582091e-06
-17.05349496883825     3.1382422618497285e-07
-17.008688312355105     8.884118774683027e-08
-16.96388165587196     2.3431773675780688e-08
-16.919074999388815     5.702538864586904e-09
-16.874268342905673     1.271577786871141e-09
-16.829461686422526     2.585556052274514e-10
-16.784655029939383     4.779616531343018e-11
-16.739848373456237     8.03972940741021e-12
-16.695041716973094     1.34406039125951e-12
-16.650235060489948     7.452570696012813e-13
-16.605428404006805     2.4155431140909997e-12
-16.560621747523662     8.98154538289105e-12
-16.515815091040515     3.0453544927777264e-11
-16.471008434557373     9.341925970762801e-11
-16.426201778074226     2.5920473995137146e-10
-16.381395121591083     6.505104724675167e-10
-16.336588465107937     1.4766256978801044e-09
-16.291781808624794     3.031736567299173e-09
-16.24697515214165     5.630124064609277e-09
-16.202168495658505     9.45697335307764e-09
-16.15736183917536     1.4368223891955843e-08
-16.112555182692216     1.9747274931142127e-08
-16.067748526209073     2.455904863802039e-08
-16.022941869725926     2.7676363317306393e-08
-15.978135213242783     2.841657278908658e-08
-15.933328556759639     2.7153576847446577e-08
-15.888521900276494     2.6009633114299514e-08
-15.84371524379335     2.99676072858854e-08
-15.798908587310205     4.897610595914441e-08
-15.754101930827062     1.0121217391997445e-07
-15.709295274343916     2.1617054566963828e-07
-15.664488617860773     4.339554061732032e-07
-15.619681961377626     7.957919685360796e-07
-15.574875304894483     1.3232277889149488e-06
-15.530068648411339     1.9913218004240795e-06
-15.485261991928194     2.7109353943553642e-06
-15.44045533544505     3.3382433808375185e-06
-15.395648678961905     3.7181388932293333e-06
-15.350842022478762     3.745751427975254e-06
-15.306035365995616     3.4131649337119845e-06
-15.261228709512473     2.8130690081760313e-06
-15.216422053029326     2.0970473679759636e-06
-15.171615396546184     1.413972056037551e-06
-15.126808740063039     8.623392336857563e-07
-15.082002083579894     4.7568589382051306e-07
-15.03719542709675     2.3733890563655045e-07
-14.992388770613605     1.0711816218079837e-07
-14.947582114130462     4.38209935078446e-08
-14.902775457647316     1.69887379643565e-08
-14.857968801164173     1.1794945938431119e-08
-14.813162144681028     4.545331435891386e-08
-14.768355488197884     2.720056083585793e-07
-14.723548831714739     1.5241012990294622e-06
-14.678742175231594     7.746845112369957e-06
-14.63393551874845     3.567358272406714e-05
-14.589128862265305     0.00014883759610650693
-14.544322205782162     0.0005627126817237669
-14.499515549299016     0.0019281463504737643
-14.454708892815873     0.005988965061411784
-14.409902236332728     0.016866051739817006
-14.365095579849584     0.043076010348700934
-14.320288923366439     0.09980672818097264
-14.275482266883294     0.2098846402416721
-14.230675610400151     0.400848139301158
-14.185868953917005     0.6959632888908687
-14.141062297433862     1.100204951903752
-14.096255640950716     1.5875110029648842
-14.051448984467573     2.0990963797705597
-14.006642327984428     2.5592549919736634
-13.961835671501284     2.9041106279424325
-13.917029015018139     3.107275327535162
-13.872222358534994     3.185085408015479
-13.82741570205185     3.1770518063994984
-13.782609045568705     3.1155094185336702
-13.737802389085562     3.006831842587861
-13.692995732602418     2.8373279107177796
-13.648189076119273     2.597535463463869
-13.603382419636128     2.304803403571943
-13.558575763152984     2.0060035606669686
-13.513769106669839     1.757226810040209
-13.468962450186694     1.5937048049439038
-13.42415579370355     1.509782876146719
-13.379349137220405     1.4619484145109054
-13.334542480737262     1.392898637609591
-13.289735824254118     1.2615830115437172
-13.244929167770973     1.061598080682501
-13.200122511287828     0.8192918209872677
-13.155315854804684     0.5762999096273316
-13.11050919832154     0.3693668500459335
-13.065702541838395     0.21873695881850233
-13.02089588535525     0.12845501133710624
-12.976089228872107     0.09443074637091588
-12.931282572388962     0.11332762570261108
-12.886475915905818     0.18681018915754274
-12.841669259422673     0.3189103006495505
-12.796862602939528     0.5077122057751018
-12.752055946456384     0.7358716192274323
-12.70724928997324     0.9666819612089185
-12.662442633490095     1.1512138838122428
-12.61763597700695     1.2462510698285336
-12.572829320523807     1.234986278024782
-12.528022664040662     1.1385095077406497
-12.483216007557518     1.0099669616004139
-12.438409351074373     0.9128284105868915
-12.393602694591229     0.8934510946236824
-12.348796038108084     0.9608374762494382
-12.30398938162494     1.0827244920756456
-12.259182725141795     1.1997147961693402
-12.214376068658652     1.2511511091112162
-12.169569412175507     1.2007608224201791
-12.124762755692363     1.0498992171363317
-12.079956099209218     0.8328001839235121
-12.035149442726073     0.5982693302623665
-11.990342786242929     0.38904574591421676
-11.945536129759784     0.22915899417580618
-11.90072947327664     0.12274692635757276
-11.855922816793495     0.06082201171284968
-11.811116160310352     0.02984475078300281
-11.766309503827207     0.017724906948604992
-11.721502847344063     0.01614633219901588
-11.676696190860918     0.02032238011071152
-11.631889534377773     0.02776936639662902
-11.587082877894629     0.03714300955076671
-11.542276221411484     0.047504896063091454
-11.49746956492834     0.058001905967575436
-11.452662908445197     0.06784370760340695
-11.407856251962052     0.0764725359474596
-11.363049595478907     0.0837987190091681
-11.318242938995763     0.09032076506151407
-11.273436282512618     0.09695723013874549
-11.228629626029473     0.1045670002420063
-11.183822969546329     0.11337024790989529
-11.139016313063184     0.12262425176647558
-11.09420965658004     0.13080289837595124
-11.049403000096897     0.13621585316829188
-11.004596343613752     0.13771922865167804
-10.959789687130607     0.13514746692294152
-10.914983030647463     0.12934805094431226
-10.870176374164318     0.122004419584398
-10.825369717681173     0.11553607592162304
-10.780563061198029     0.11319369621618401
-10.735756404714884     0.11915604816498976
-10.690949748231741     0.13822222461769357
-10.646143091748597     0.17479070653193113
-10.601336435265452     0.23128540431027
-10.556529778782307     0.30678859381976037
-10.511723122299163     0.39684591249320744
-10.466916465816018     0.49480258663594445
-10.422109809332873     0.5938826587571211
-10.377303152849729     0.6885332607537402
-10.332496496366584     0.7741539591905506
-10.287689839883441     0.8458241944240876
-10.242883183400297     0.8975806514958485
-10.198076526917152     0.923196979968718
-10.153269870434007     0.9179428037088504
-10.108463213950863     0.8800411186504387
-10.063656557467718     0.8111746733675834
-10.018849900984574     0.7164499511135739
-9.974043244501429     0.6043959399879804
-9.929236588018286     0.48677880193886486
-9.884429931535141     0.3773721513565082
-9.839623275051997     0.2892160717265413
-9.794816618568852     0.23102179758649682
-9.750009962085707     0.20424742328862666
-9.705203305602563     0.20235517830126332
-9.660396649119418     0.21293344558750346
-9.615589992636274     0.22214073257214462
-9.570783336153129     0.21979068631541554
-9.525976679669986     0.20291190227055045
-9.481170023186841     0.17621624830168403
-9.436363366703697     0.1494014950592716
-9.391556710220552     0.13270252813411654
-9.346750053737408     0.13270022365527223
-9.301943397254263     0.14997373291932303
-9.257136740771118     0.17928060241268753
-9.212330084287974     0.21203671370737598
-9.16752342780483     0.2400193774336891
-9.122716771321686     0.2585636709552346
-9.077910114838541     0.26759866229965884
-9.033103458355397     0.2700787781373621
-8.988296801872252     0.2691349703874665
-8.943490145389108     0.2661828820940729
-8.898683488905963     0.26132055427936846
-8.853876832422818     0.2552600151749288
-8.809070175939674     0.2505968991199609
-8.76426351945653     0.25078436531230014
-8.719456862973386     0.257309124381974
-8.674650206490242     0.26739455302155885
-8.629843550007097     0.2744396508928809
-8.585036893523952     0.27139913289876444
-8.540230237040808     0.25510992170860974
-8.495423580557663     0.2289847924642446
-8.450616924074518     0.20287050669440365
-8.405810267591376     0.1908802195471599
-8.36100361110823     0.20897290813201633
-8.316196954625086     0.27338884727011653
-8.271390298141942     0.3995378051449232
-8.226583641658797     0.5998276666554302
-8.181776985175652     0.8791138043684839
-8.136970328692508     1.2282487874192312
-8.092163672209363     1.6190423034765518
-8.047357015726218     2.0058156667008524
-8.002550359243076     2.3368768931214237
-7.957743702759931     2.5728669795879884
-7.912937046276786     2.701895165706799
-7.868130389793642     2.7404777155968008
-7.823323733310497     2.7177969880844923
-7.778517076827352     2.6534741894761065
-7.733710420344208     2.545245044902281
-7.688903763861063     2.3762335039055147
-7.64409710737792     2.136553512850028
-7.599290450894776     1.842832513340737
-7.554483794411631     1.5407430503936097
-7.509677137928486     1.2878371376478501
-7.464870481445342     1.1270202851351117
-7.420063824962197     1.066091687590501
-7.375257168479052     1.0742856605977176
-7.330450511995908     1.0970088225404422
-7.285643855512763     1.0806832199249174
-7.24083719902962     0.9950331876443869
-7.196030542546476     0.8423080816218946
-7.151223886063331     0.6506905084016583
-7.106417229580186     0.45790059606265443
-7.061610573097042     0.29523084073513506
-7.016803916613897     0.17973945334543998
-6.9719972601307525     0.11589022516841495
-6.927190603647608     0.10245940685621457
-6.882383947164463     0.1389142840331772
-6.83757729068132     0.22731641066210745
-6.792770634198176     0.36925400547885373
-6.747963977715031     0.5607925884255431
-6.7031573212318865     0.7905760427256615
-6.658350664748742     1.0453015737003053
-6.613544008265597     1.3219705254659722
-6.5687373517824525     1.639790439805858
-6.523930695299308     2.041536926397725
-6.479124038816165     2.578639564403051
-6.43431738233302     3.2846232581668042
-6.389510725849876     4.150731639375732
-6.344704069366731     5.118511875036104
-6.2998974128835865     6.095336553364382
-6.255090756400442     6.985324346923541
-6.210284099917297     7.718391181148675
-6.165477443434153     8.261325225771003
-6.120670786951008     8.607352015573843
-6.075864130467865     8.756072456145116
-6.0310574739847205     8.701402270527113
-5.986250817501576     8.436114713399807
-5.941444161018431     7.96627422893295
-5.896637504535288     7.3214838337232715
-5.851830848052142     6.552939109590661
-5.807024191568999     5.722684527810455
-5.762217535085853     4.892420104385264
-5.71741087860271     4.115859123675291
-5.672604222119563     3.4325046637731553
-5.6277975656364205     2.860762015433746
-5.582990909153274     2.393754091111382
-5.538184252670131     2.004113415586107
-5.493377596186988     1.6591810924665775
-5.448570939703842     1.3394708697465414
-5.403764283220699     1.0497596294488207
-5.358957626737553     0.8173509868210613
-5.31415097025441     0.6805642612076213
-5.269344313771263     0.6744179886976633
-5.224537657288121     0.8179630072045286
-5.179731000804974     1.1040470419982658
-5.134924344321831     1.492900879095957
-5.0901176878386885     1.9147277044982178
-5.045311031355542     2.286740350236329
-5.000504374872399     2.542297559152878
-4.955697718389253     2.6582525217014354
-4.91089106190611     2.6622939248464177
-4.8660844054229635     2.612124714187809
-4.821277748939821     2.557521794787148
-4.776471092456674     2.5096709526149623
-4.731664435973531     2.437919037922154
-4.6868577794903885     2.2947450224212367
-4.642051123007242     2.050414353641161
-4.597244466524099     1.714097991710348
-4.552437810040953     1.3302364000399434
-4.50763115355781     0.9565549561396248
-4.4628244970746636     0.6398996625622597
-4.418017840591521     0.4030726361042432
-4.373211184108378     0.24562692564749639
-4.328404527625231     0.1530651727612426
-4.283597871142089     0.10680072681053236
-4.238791214658942     0.09027329823094116
-4.193984558175799     0.0907562795610056
-4.149177901692653     0.0987752457159234
-4.10437124520951     0.1072062524886361
-4.059564588726364     0.11104755718638935
-4.014757932243221     0.10772689244816613
-3.969951275760078     0.09727575307874631
-3.9251446192769315     0.08185795049083863
-3.8803379627937886     0.06467169222176108
-3.835531306310642     0.04869951759882355
-3.7907246498274993     0.03585160463471323
-3.745917993344353     0.02675689648337109
-3.70111133686121     0.02107796752717587
-3.6563046803780637     0.01802509549308094
-3.611498023894921     0.016784645902307962
-3.566691367411778     0.016741063447414124
-3.5218847109286315     0.017519371165943168
-3.4770780544454887     0.01893975624523039
-3.4322713979623423     0.020961668450009827
-3.3874647414791994     0.02363740118313918
-3.342658084996053     0.027043595074296375
-3.29785142851291     0.0311616735503888
-3.2530447720297637     0.03574358075138115
-3.208238115546621     0.04026770139845744
-3.163431459063478     0.04407319089122654
-3.1186248025803316     0.04663847253488536
-3.0738181460971887     0.04783691900768847
-3.0290114896140423     0.047991482575044
-2.9842048331308995     0.047687362302750634
-2.939398176647753     0.047470605154367414
-2.89459152016461     0.047617657220903636
-2.8497848636814673     0.048079169557586565
-2.804978207198321     0.048576868794465905
-2.760171550715178     0.04876782772724835
-2.7153648942320316     0.04840232419107315
-2.670558237748889     0.04743757424281745
-2.6257515812657424     0.046085995954552844
-2.5809449247825995     0.044777465991026
-2.536138268299453     0.04402973222789538
-2.4913316118163102     0.04426094992286677
-2.4465249553331674     0.04561986134851413
-2.401718298850021     0.04791633922068311
-2.356911642366878     0.05069296216722108
-2.3121049858837317     0.05340705617116274
-2.267298329400589     0.05563338216524108
-2.2224916729174424     0.05718720699693549
-2.1776850164342996     0.05811637738113612
-2.132878359951153     0.058592097739955
-2.0880717034680103     0.058787326469226395
-2.0432650469848674     0.05882604319226909
-1.998458390501721     0.05882245212054636
-1.9536517340185782     0.05895819920860999
-1.9088450775354318     0.05951816255617713
-1.864038421052289     0.060832190252539775
-1.8192317645691425     0.06312958174193813
-1.7744251080859996     0.06637583955179947
-1.7296184516028532     0.07019580928492591
-1.6848117951197104     0.07396094929306868
-1.6400051386365675     0.07702586913897991
-1.595198482153421     0.07899452388107514
-1.5503918256702782     0.07986583975263588
-1.5055851691871318     0.07998821092667942
-1.460778512703989     0.0798802049477218
-1.4159718562208425     0.08004330790732543
-1.3711651997376997     0.08085252043145535
-1.3263585432545568     0.08251598061720021
-1.2815518867714104     0.08504269201572909
-1.2367452302882675     0.0881912814700814
-1.1919385738051211     0.09144619349557095
-1.1471319173219783     0.09409751674977589
-1.1023252608388319     0.09544813290325467
-1.057518604355689     0.09507618577762766
-1.0127119478725426     0.09302044447507231
-0.9679052913893997     0.08978151397798759
-0.9230986349062569     0.08612820028279952
-0.8782919784231105     0.08280181041445489
-0.8334853219399676     0.08025779065087173
-0.7886786654568212     0.07855157786877234
-0.7438720089736783     0.07739192845533463
-0.6990653524905319     0.0763048132427634
-0.6542586960073891     0.07481783039770583
-0.6094520395242427     0.0725952155472055
-0.5646453830410998     0.06949780630120476
-0.5198387265579569     0.06557528713474486
-0.4750320700748105     0.06100829016432422
-0.43022541359166766     0.056020332335601754
-0.38541875710852125     0.05078902192564204
-0.3406121006253784     0.045395344041987806
-0.295805444142232     0.03983921336631646
-0.2509987876590891     0.03411405665972968
-0.2061921311759427     0.02829473820316759
-0.16138547469279985     0.022581554281812813
-0.11657881820965699     0.01726903598837182
-0.07177216172651057     0.012654533149354087
-0.026965505243367716     0.008936894202980482
0.017841151239778696     0.006158086070293867
0.06264780772292156     0.004211755137848742
0.10745446420606797     0.0029041824685014568
0.15226112068921083     0.0020297319384435172
0.1970677771723537     0.0014254178969123619
0.2418744336555001     0.000989623017370534
0.28668109013864296     0.0006714924514725349
0.33148774662178937     0.00044805006443417
0.37629440310493223     0.0003042465933559241
0.42110105958807864     0.00022298801641351389
0.4659077160712215     0.00018448335150964178
0.5107143725543679     0.00017035989466133013
0.5555210290375108     0.00016778094845369004
0.6003276855206536     0.00017065439816644706
0.6451343420038     0.0001774895722801666
0.6899409984869429     0.00018755297967562774
0.7347476549700893     0.00019788820342165876
0.7795543114532322     0.00020304870096806658
0.8243609679363786     0.0001974680970305117
0.8691676244195214     0.0001785812295611307
0.9139742809026679     0.0001484281320226036
0.9587809373858107     0.00011272959343877606
1.0035875938689536     7.822700555025929e-05
1.0483942503521     5.003283845569426e-05
1.0932009068352428     3.0330503673383795e-05
1.1380075633183893     1.862400709748679e-05
1.1828142198015321     1.2861260632225269e-05
1.2276208762846785     1.061150060962115e-05
1.2724275327678214     9.841444339562917e-06
1.3172341892509678     9.237398259887032e-06
1.3620408457341107     8.207377306130156e-06
1.4068475022172535     6.7054631315925866e-06
1.4516541587004     4.983664091006346e-06
1.4964608151835428     3.356808516642646e-06
1.5412674716666892     2.046443571744881e-06
1.586074128149832     1.1286949263787939e-06
1.6308807846329785     5.631080124145263e-07
1.6756874411161213     2.5411072985923106e-07
1.7204940975992677     1.037201653401201e-07
1.7653007540824106     3.829268901375961e-08
1.8101074105655535     1.2791322570360673e-08
1.8549140670486999     3.892576154921955e-09
1.8997207235318427     1.2393227095731335e-09
1.9445273800149891     1.2662272126421959e-09
1.989334036498132     5.021813889264995e-09
2.0341406929812784     2.2176036990784703e-08
2.0789473494644213     8.95388451442035e-08
2.123754005947564     3.272444711630658e-07
2.1685606624307106     1.0822286377809333e-06
2.2133673189138534     3.239084882142252e-06
2.258173975397      8.776119242368936e-06
2.3029806318801427     2.153496229055227e-05
2.347787288363289     4.788862738672779e-05
2.392593944846432     9.660783582789712e-05
2.4374006013295784     0.0001770853732567003
2.4822072578127212     0.00029569358009165145
2.527013914295864     0.000451549584641223
2.5718205707790105     0.0006344535450204204
2.6166272272621534     0.0008275367167344403
2.6614338837452998     0.001014266057352753
2.7062405402284426     0.00118549721004098
2.751047196711589     0.0013409314972075122
2.795853853194732     0.001483004569237999
2.8406605096778783     0.001607734347674692
2.885467166161021     0.0017006307767172598
2.930273822644164     0.001742428393669001
2.9750804791273104     0.0017213642025929068
3.0198871356104533     0.0016428988739286175
3.0646937920935997     0.0015293628035431485
3.1095004485767426     0.0014096146990751793
3.154307105059889     0.001305986728775409
3.199113761543032     0.0012270779384237177
3.2439204180261783     0.0011701863433400028
3.288727074509321     0.0011305713749203354
3.333533730992464     0.001110813256494114
3.3783403874756104     0.0011240592579965087
3.4231470439587532     0.0011888532906555766
3.4679537004418997     0.0013181135360959193
3.5127603569250425     0.001508291846658864
3.557567013408189     0.0017352665412299743
3.602373669891332     0.0019605686975824117
3.6471803263744746     0.002145902135883755
3.691986982857621     0.0022682419221473405
3.736793639340764     0.002326223873432134
3.7816002958239103     0.0023337172651172453
3.826406952307053     0.0023057488767280264
3.8712136087901996     0.002247835356893811
3.9160202652733425     0.0021565432861027863
3.960826921756489     0.002029175771551788
4.005633578239632     0.0018728705132705114
4.050440234722775     0.0017047921938514886
4.095246891205921     0.0015434936953413626
4.140053547689064     0.0013988701590165015
4.18486020417221     0.0012684803923786018
4.229666860655353     0.0011422444073636978
4.2744735171384995     0.0010111874089802724
4.319280173621642     0.0008737808032991444
4.364086830104789     0.0007362037940823044
4.408893486587932     0.000607599427403682
4.4537001430710745     0.0004944715328873423
4.498506799554221     0.00039801812635174806
4.543313456037364     0.0003153788037000972
4.58812011252051     0.00024294813397003254
4.632926769003653     0.00017901974512204137
4.6777334254867995     0.00012422780870795808
4.722540081969942     8.016897073555042e-05
4.767346738453089     4.767651922216896e-05
4.812153394936232     2.5966307122684938e-05
4.8569600514193745     1.2898254524776517e-05
4.901766707902521     5.827610376158019e-06
4.946573364385664     2.3906475074784683e-06
4.99138002086881     8.893920253705468e-07
5.036186677351953     2.998329221170481e-07
5.080993333835099     9.154603558443176e-08
5.125799990318242     2.530534578480523e-08
5.170606646801385     6.331178154632865e-09
5.215413303284532     1.4334296401316375e-09
5.260219959767674     2.936504356790237e-10
5.305026616250821     5.4425956970609477e-11
5.349833272733964     9.125835110497589e-12
5.39463992921711     1.384230020788506e-12
5.439446585700253     1.8993140376839413e-13
5.484253242183399     2.3573611766751706e-14
5.529059898666542     2.6465941757136343e-15
5.573866555149685     2.6876564982349757e-16
5.6186732116328315     2.4687683418803644e-17
5.663479868115974     2.051177841653568e-18
5.708286524599121     1.5414869550641287e-19
5.753093181082264     1.0478227199115224e-20
5.79789983756541     6.442368609353917e-22
5.842706494048553     3.582712085758518e-23
5.887513150531699     1.8021361247124378e-24
5.932319807014842     8.226224096582754e-26
5.977126463497985     1.2811798896132236e-26
6.0219331199811315     2.9734766849415693e-25
6.066739776464274     8.468430751904449e-24
6.111546432947421     2.1829038283671477e-22
6.156353089430564     5.090716134129564e-21
6.20115974591371     1.0740827265428524e-19
6.245966402396853     2.0502807213536663e-18
6.290773058879999     3.540852535723905e-17
6.335579715363142     5.532525788319918e-16
6.380386371846285     7.821001002568252e-15
6.425193028329431     1.0002918924069173e-13
6.469999684812574     1.1574945364059074e-12
6.514806341295721     1.2118289455018253e-11
6.5596129977788635     1.1478797615630287e-10
6.60441965426201     9.837550255986544e-10
6.649226310745153     7.628096669550603e-09
6.694032967228296     5.351651673636524e-08
6.738839623711442     3.397086378619134e-07
6.783646280194585     1.9510953298348384e-06
6.828452936677731     1.013938575551145e-05
6.873259593160874     4.767791529511959e-05
6.918066249644021     0.0002028668705344187
6.9628729061271635     0.0007811167078968878
7.00767956261031     0.002721851962005905
7.052486219093453     0.008584298049092056
7.097292875576596     0.02450795194812241
7.142099532059742     0.06335403310497857
7.186906188542885     0.14833983319069893
7.231712845026031     0.3147597447209925
7.276519501509174     0.6057062803666272
7.321326157992321     1.0582216554195725
7.366132814475463     1.6811292817374286
7.41093947095861     2.4339093780187424
7.455746127441753     3.221468047887958
7.5005527839248956     3.915171240152304
7.545359440408042     4.395388877846211
7.590166096891185     4.595158267712235
7.634972753374331     4.521951452785118
7.679779409857474     4.248087521724096
7.7245860663406205     3.8786618079535335
7.769392722823763     3.5147658283757783
7.81419937930691     3.226274955495138
7.859006035790053     3.0403279791194517
7.9038126922731955     2.945374667546144
7.948619348756342     2.9060290638670865
7.993426005239485     2.880014450567822
8.038232661722631     2.8287523134350936
8.083039318205774     2.720031953726632
8.12784597468892     2.5290998846029127
8.172652631172063     2.244578572274433
8.21745928765521     1.8772867007614198
8.262265944138353     1.4629610999098235
8.307072600621495     1.052662531817108
8.351879257104642     0.6946447479377729
8.396685913587785     0.4183984430956381
8.441492570070931     0.22928529492993185
8.486299226554074     0.11407812771266189
8.53110588303722     0.05146063247703482
8.575912539520363     0.021029897396112225
8.620719196003506     0.007787119678066927
8.665525852486653     0.002639044344706775
8.710332508969795     0.0009312211145650556
8.755139165452942     0.0007500295241893883
8.799945821936085     0.0018675146965504586
8.844752478419231     0.005587841274290849
8.889559134902374     0.015505337361856074
8.93436579138552     0.038987800249495524
8.979172447868663     0.0886835525675361
9.023979104351806     0.18246290219466108
9.068785760834952     0.33957116594609976
9.113592417318095     0.5716621839680253
9.158399073801242     0.8706994650605755
9.203205730284385     1.2002758457664606
9.248012386767531     1.498901568833686
9.292819043250674     1.6993903682944647
9.33762569973382     1.7582855719006698
9.382432356216963     1.680081022240202
9.427239012700106     1.5208437896399247
9.472045669183252     1.3664164999444373
9.516852325666395     1.294771728746102
9.561658982149542     1.3408366188710321
9.606465638632685     1.4807042117291804
9.651272295115831     1.6426338478016338
9.696078951598974     1.7396283228873262
9.74088560808212     1.7079632093554318
9.785692264565263     1.5329241098701885
9.830498921048406     1.2499956580895084
9.875305577531552     0.9236525920032139
9.920112234014695     0.6178001829196269
9.964918890497842     0.37387846952581305
10.009725546980984     0.20467976053741643
10.054532203464127     0.10135584504944074
10.099338859947274     0.04539887995568428
10.14414551643042     0.018395276689150548
10.18895217291356     0.006747897817885791
10.233758829396706     0.0022532034420875537
10.278565485879852     0.0007106547920878799
10.323372142362999     0.00025985232926495794
10.368178798846138     0.00017974188243395612
10.412985455329284     0.00022129947687321962
10.45779211181243     0.0003015419537839446
10.502598768295577     0.0003858642367547327
10.547405424778717     0.0004530419862622032
10.592212081261863     0.0004916765171335536
10.63701873774501     0.0005047630649644486
10.681825394228149     0.000511026034463278
10.726632050711295     0.0005384610744858676
10.771438707194442     0.0006114850135559962
10.816245363677588     0.0007376989095467787
10.861052020160727     0.0009015937201254093
10.905858676643874     0.001069644890562841
10.95066533312702     0.0012052454497066256
10.99547198961016     0.0012860077135139047
11.040278646093306     0.0013141015361364207
11.085085302576452     0.0013144505405951277
11.129891959059599     0.0013234692812896043
11.174698615542738     0.001377050077598538
11.219505272025884     0.0015060030953952023
11.26431192850903     0.0017400636174286406
11.30911858499217     0.002112975476743721
11.353925241475316     0.0026580034062887027
11.398731897958463     0.003389276312422521
11.44353855444161     0.004276506625097403
11.488345210924749     0.005230081936991196
11.533151867407895     0.006112042850086286
11.577958523891041     0.006774964796762807
11.622765180374188     0.007112944257520704
11.667571836857327     0.007098675744026399
11.712378493340474     0.006786346065309088
11.75718514982362     0.006279777414983174
11.80199180630676     0.005686004304694281
11.846798462789906     0.0050812129189444525
11.891605119273052     0.004504312025797543
11.936411775756198     0.0039738130121125806
11.981218432239338     0.00351146318111059
12.026025088722484     0.0031574714421279937
12.07083174520563     0.002971419631441244
12.11563840168877     0.0030211047458086637
12.160445058171916     0.0033653820529577524
12.205251714655063     0.00403914257256994
12.25005837113821     0.005050780524140369
12.294865027621348     0.006401496377838485
12.339671684104495     0.008125680617778576
12.384478340587641     0.010333270580557868
12.429284997070788     0.01322229739006499
12.474091653553927     0.017041881936104834
12.518898310037073     0.022024551723731658
12.56370496652022     0.028341375525382222
12.60851162300336     0.036119773429173475
12.653318279486506     0.0454926170358218
12.698124935969652     0.05657458052394288
12.742931592452798     0.06927380790814938
12.787738248935938     0.08297460259130399
12.832544905419084     0.09629201529079245
12.87735156190223     0.10715899825946977
12.92215821838537     0.11336895108985799
12.966964874868516     0.11341125046920211
13.011771531351663     0.10718683015530797
13.056578187834809     0.09617249255232017
13.101384844317948     0.08287799651088747
13.146191500801095     0.06985801792877756
13.190998157284241     0.058816974133034494
13.23580481376738     0.050267906552092595
13.280611470250527     0.04382365852093937
13.325418126733673     0.03879754245612282
13.37022478321682     0.0346704579426137
13.415031439699959     0.031199047024240183
13.459838096183105     0.02827239933182708
13.504644752666252     0.025785846003041946
13.549451409149398     0.02369356861849669
13.594258065632538     0.022175487707993213
13.639064722115684     0.021726442452279032
13.68387137859883     0.023032951533922923
13.72867803508197     0.026661019170206753
13.773484691565116     0.032703638599787845
13.818291348048263     0.040564266596735496
13.863098004531409     0.04899770930207869
13.907904661014548     0.056428778292066585
13.952711317497695     0.06144923461789881
13.997517973980841     0.063294496935022
14.04232463046398     0.06208452375149469
14.087131286947127     0.05871633219128386
14.131937943430273     0.054476989622148406
14.17674459991342     0.05059124648473253
14.221551256396559     0.04792524422657957
14.266357912879705     0.046934282713470034
14.311164569362852     0.04776967098078804
14.355971225845991     0.050371808199108636
14.400777882329137     0.05443143531151988
14.445584538812284     0.05925486148721283
14.49039119529543     0.06370636541628161
14.53519785177857     0.06640523397764807
14.580004508261716     0.06619442605565895
14.624811164744862     0.06267364583615184
14.669617821228009     0.05647876407508262
14.714424477711148     0.04910052568257063
14.759231134194295     0.0423037545331504
14.804037790677441     0.037444291509923976
14.84884444716058     0.035027491138459224
14.893651103643727     0.034697605428314814
14.938457760126873     0.03560626078676703
14.98326441661002     0.03692110417724005
15.028071073093159     0.03818931095171494
15.072877729576305     0.03937574403575253
15.117684386059452     0.04059629870831694
15.162491042542591     0.041758290694876195
15.207297699025737     0.04238403169434092
15.252104355508884     0.04177062971132567
15.29691101199203     0.03939331840965165
15.34171766847517     0.0352678299586981
15.386524324958316     0.030009197571183033
15.431330981441462     0.024552961957530445
15.476137637924609     0.019753780737691025
15.520944294407748     0.016142769576323716
15.565750950890894     0.013970652070350455
15.61055760737404     0.013434384947947282
15.65536426385718     0.014860756191978006
15.700170920340327     0.018668801514812153
15.744977576823473     0.02509197712660554
15.78978423330662     0.033804560405261495
15.834590889789759     0.043684379218317276
15.879397546272905     0.05291241142167927
15.924204202756052     0.05945401111190043
15.96901085923919     0.061747305341908997
16.013817515722337     0.059272456548188274
16.058624172205484     0.05271208115770537
16.10343082868863     0.04363434505375384
16.14823748517177     0.0338870844551183
16.193044141654916     0.025010082097643778
16.237850798138062     0.017899862983788168
16.2826574546212     0.012786362683788714
16.327464111104348     0.009432763430890537
16.372270767587494     0.007413481592804175
16.41707742407064     0.0063467830356250705
16.46188408055378     0.006014948651007979
16.506690737036926     0.006364960705215704
16.551497393520073     0.007430407762017555
16.59630405000322     0.009241454768669864
16.64111070648636     0.011792816785735568
16.685917362969505     0.01513340633968962
16.73072401945265     0.019653929841545056
16.77553067593579     0.026703833607653528
16.820337332418937     0.03974107119916499
16.865143988902084     0.0661739000039073
16.90995064538523     0.119654533058833
16.95475730186837     0.22168444943180268
16.999563958351516     0.4003554368810634
17.044370614834662     0.6840066157824765
17.0891772713178     1.0897865482593536
17.133983927800948     1.6113200867380466
17.178790584284094     2.2129741556470055
17.22359724076724     2.836645321369834
17.26840389725038     3.419821066970812
17.313210553733526     3.9158183386228083
17.358017210216673     4.3054447902204585
17.402823866699812     4.595474189796333
17.44763052318296     4.807502285764588
17.492437179666105     4.964186845399691
17.53724383614925     5.077999723228289
17.58205049263239     5.144921090103012
17.626857149115537     5.144642514542686
17.671663805598683     5.048092350006451
17.71647046208183     4.8306395233654245
17.76127711856497     4.486570332157093
17.806083775048116     4.0394989305405575
17.850890431531262     3.5440415130757192
17.8956970880144     3.075425675937428
17.940503744497548     2.7069102446051514
17.985310400980694     2.4813470662885715
18.03011705746384     2.3900300098305034
18.07492371394698     2.372430206036854
18.119730370430126     2.3407766658598512
18.164537026913273     2.2185759468928015
18.209343683396412     1.9728341692258642
18.25415033987956     1.623453519120873
18.298956996362705     1.2275064455888873
18.34376365284585     0.8504071856202309
18.38857030932899     0.5408572571797359
18.433376965812137     0.3204356810240051
18.478183622295283     0.18816060687122146
18.52299027877843     0.1328685976599837
18.56779693526157     0.14496833862021666
18.612603591744715     0.22221129230860284
18.657410248227862     0.36827437964004844
18.702216904711     0.5862787355249981
18.747023561194148     0.8713802195108212
18.791830217677294     1.2067204107375176
18.83663687416044     1.564688421402206
18.88144353064358     1.9115983157773642
18.926250187126726     2.211738034638506
18.971056843609873     2.428904111940677
19.015863500093012     2.5282381313916353
19.06067015657616     2.482923276976055
19.105476813059305     2.2858285923475337
19.15028346954245     1.9592250794552029
19.19509012602559     1.5537959685878056
19.239896782508737     1.1344289435482475
19.284703438991883     0.7595799529003168
19.329510095475023     0.46521119623736246
19.37431675195817     0.26041284438130946
19.419123408441315     0.13401875276700448
19.46393006492446     0.0661963762554832
19.5087367214076     0.03888200488272881
19.553543377890747     0.04211605130595952
19.598350034373894     0.07629655502059407
19.64315669085704     0.15123408683216286
19.68796334734018     0.2822485425071586
19.732770003823326     0.4832475933325197
19.777576660306472     0.7580288921961027
19.82238331678961     1.093311495354704
19.867189973272758     1.4578956023906762
19.911996629755905     1.809950533871548
19.95680328623905     2.1096389152237567
20.00160994272219     2.330718288884863
20.046416599205337     2.4654810993378824
20.091223255688483     2.52181879968585
20.136029912171622     2.5157809052946734
20.18083656865477     2.4646402417629325
20.225643225137915     2.383637186520269
20.27044988162106     2.2859020656072166
20.3152565381042     2.1823231172573223
20.360063194587347     2.0789530206066957
20.404869851070494     1.9738280274198794
20.44967650755364     1.8584601311111322
20.49448316403678     1.7266959381463292
20.539289820519926     1.5858570421261942
20.584096477003072     1.4597563101647584
20.62890313348621     1.377338938832979
20.673709789969358     1.3523596107712865
20.718516446452504     1.368586110113925
20.76332310293565     1.382840559040597
20.80812975941879     1.345776511265358
20.852936415901937     1.2274901355407155
20.897743072385083     1.0319363898208864
20.942549728868222     0.7925816721728187
20.98735638535137     0.5545007825671371
21.032163041834515     0.35547264696649633
21.07696969831766     0.21640506969392917
21.1217763548008     0.14328583340333403
21.166583011283947     0.13561137153689956
21.211389667767094     0.19392634003207396
21.256196324250233     0.3213668831396839
21.30100298073338     0.518539162507183
21.345809637216526     0.77548962793591
21.390616293699672     1.066993608884545
21.43542295018281     1.355966521645269
21.480229606665958     1.6042682719877477
21.525036263149104     1.7840946208543076
21.56984291963225     1.8821938333263621
21.61464957611539     1.8953101769775653
21.659456232598536     1.8232542061723733
21.704262889081686     1.6676864032877559
