-21.930607185544005     4.49952014336153e-06
-21.885799998787725     5.044431169079083e-06
-21.84099281203145     5.351014978322579e-06
-21.796185625275168     5.495949709398618e-06
-21.75137843851889     5.681473438248908e-06
-21.70657125176261     6.1992027137882995e-06
-21.661764065006334     7.341328438086167e-06
-21.616956878250054     9.289537089481132e-06
-21.572149691493774     1.2045682833444702e-05
-21.527342504737497     1.5474268562243243e-05
-21.482535317981217     1.9483628295753867e-05
-21.43772813122494     2.428765114140365e-05
-21.39292094446866     3.0605297221413614e-05
-21.348113757712383     3.963157058889772e-05
-21.303306570956103     5.269908098329492e-05
-21.258499384199823     7.074472879838915e-05
-21.213692197443546     9.392069408095528e-05
-21.168885010687266     0.0001217723189014863
-21.12407782393099     0.00015416445130527203
-21.07927063717471     0.0001925564879425739
-21.034463450418432     0.00024061620785303565
-20.98965626366215     0.00030308514806585204
-20.944849076905875     0.0003826697877257031
-20.900041890149595     0.00047627542816033235
-20.855234703393315     0.0005730736935994551
-20.810427516637038     0.0006564844339118713
-20.765620329880758     0.0007099138735840794
-20.72081314312448     0.000723393563107235
-20.6760059563682     0.0006972784972869155
-20.63119876961192     0.0006409451958970687
-20.586391582855644     0.0005677353665280928
-20.541584396099363     0.000489623776781987
-20.496777209343087     0.0004146267397796775
-20.451970022586806     0.000347522830151115
-20.40716283583053     0.0002922071209519545
-20.36235564907425     0.00025353683864333724
-20.317548462317973     0.00023767044672650973
-20.272741275561692     0.00025124853235293135
-20.227934088805412     0.00030012467563000564
-20.183126902049136     0.00038772525876688705
-20.138319715292855     0.0005125358872481475
-20.09351252853658     0.0006647605078755301
-20.0487053417803     0.0008238736636432944
-20.00389815502402     0.0009600927141974508
-19.95909096826774     0.0010417685326234377
-19.91428378151146     0.0010469664940788049
-19.869476594755184     0.0009735252015005554
-19.824669407998904     0.0008413003148824058
-19.779862221242627     0.0006844811478986187
-19.735055034486347     0.0005379998499734621
-19.69024784773007     0.00042541251238885033
-19.64544066097379     0.0003538783108775339
-19.60063347421751     0.0003169247866089947
-19.555826287461233     0.00030153155450693436
-19.511019100704953     0.000295098234015359
-19.466211913948676     0.00028955406361853354
-19.421404727192396     0.0002821769026483058
-19.37659754043612     0.00027413309406677995
-19.33179035367984     0.00026811930344225476
-19.286983166923562     0.0002662444138226277
-19.242175980167282     0.00026882216762186983
-19.197368793411     0.0002742235602104021
-19.152561606654725     0.00027951045859858875
-19.107754419898445     0.00028140315291577656
-19.062947233142168     0.00027724592944570277
-19.018140046385888     0.00026583857107193444
-18.973332859629608     0.00024806084526471557
-18.92852567287333     0.00022707864714535003
-18.88371848611705     0.00020779541126846138
-18.838911299360774     0.00019539274449273766
-18.794104112604494     0.00019333691315944883
-18.749296925848217     0.00020176075309258078
-18.704489739091937     0.000217161691606074
-18.65968255233566     0.00023371334517881408
-18.61487536557938     0.0002455609553267424
-18.5700681788231     0.0002489233638710719
-18.525260992066823     0.0002430340393370963
-18.480453805310542     0.00022971505972342056
-18.435646618554266     0.0002121179373543311
-18.390839431797986     0.00019342157889655774
-18.346032245041705     0.00017600617667514227
-18.30122505828543     0.000161146189138266
-18.25641787152915     0.0001489860069154671
-18.21161068477287     0.00013863928233169497
-18.16680349801659     0.00012848754393791532
-18.121996311260315     0.00011679648015611226
-18.077189124504034     0.00010251141277065081
-18.032381937747758     8.581528045535191e-05
-17.987574750991477     6.808342897358921e-05
-17.942767564235197     5.1255735033421725e-05
-17.89796037747892     3.702094174410215e-05
-17.85315319072264     2.626006014115512e-05
-17.808346003966363     1.8948028982854103e-05
-17.763538817210083     1.4420422182535378e-05
-17.718731630453803     1.1773207336931692e-05
-17.673924443697526     1.019143267652267e-05
-17.62911725694125     9.108759166778715e-06
-17.58431007018497     8.206517069790948e-06
-17.53950288342869     7.32860581213736e-06
-17.494695696672412     6.398849260171223e-06
-17.449888509916132     5.38627785227589e-06
-17.405081323159855     4.30772617067563e-06
-17.360274136403575     3.2296277424914464e-06
-17.315466949647295     2.2453060752377643e-06
-17.270659762891018     1.4359602292533632e-06
-17.225852576134738     8.401747213859788e-07
-17.18104538937846     4.481514608414475e-07
-17.13623820262218     2.1758785819356642e-07
-17.0914310158659     9.666221762086654e-08
-17.046623829109624     4.1484719952348475e-08
-17.001816642353347     2.4034803629504295e-08
-16.957009455597067     3.356922699899798e-08
-16.912202268840787     7.62268740036924e-08
-16.86739508208451     1.7511071696772158e-07
-16.82258789532823     3.689794811819567e-07
-16.777780708571953     7.043761808085827e-07
-16.732973521815673     1.2164465115430298e-06
-16.688166335059393     1.9001807561189312e-06
-16.643359148303116     2.6847436710029346e-06
-16.598551961546836     3.4309863182550043e-06
-16.55374477479056     3.966020695582862e-06
-16.50893758803428     4.147185259488332e-06
-16.464130401278002     3.924369511148538e-06
-16.41932321452172     3.3648885987473466e-06
-16.374516027765445     2.626668453054865e-06
-16.329708841009165     1.8980825440352093e-06
-16.284901654252884     1.3403602898445947e-06
-16.240094467496608     1.0583958088501474e-06
-16.195287280740327     1.099472738706023e-06
-16.15048009398405     1.4602944922920995e-06
-16.10567290722777     2.085245988793511e-06
-16.06086572047149     2.8580912604223233e-06
-16.016058533715213     3.606705930875865e-06
-15.971251346958935     4.13876337949164e-06
-15.926444160202657     4.3040383398113365e-06
-15.881636973446376     4.053567921381965e-06
-15.8368297866901     3.4604678370267775e-06
-15.79202259993382     2.6894773140030264e-06
-15.74721541317754     1.935533246019136e-06
-15.702408226421262     1.3688328522965277e-06
-15.657601039664984     1.112034802470981e-06
-15.612793852908705     1.245929226245877e-06
-15.567986666152425     1.8171811537606757e-06
-15.523179479396148     2.8229684776276826e-06
-15.478372292639868     4.172134235640288e-06
-15.43356510588359     5.653437577638203e-06
-15.388757919127311     6.95335540182292e-06
-15.343950732371033     7.742303099274769e-06
-15.299143545614754     7.799196829450345e-06
-15.254336358858474     7.106563179246832e-06
-15.209529172102197     5.857071722668827e-06
-15.164721985345917     4.366242345010743e-06
-15.119914798589638     2.944016776453881e-06
-15.07510761183336     1.7954675447251485e-06
-15.030300425077082     9.904204369696828e-07
-14.985493238320803     4.941586060481011e-07
-14.940686051564523     2.230066838378255e-07
-14.895878864808246     9.10278947438205e-08
-14.851071678051966     3.3608124270994135e-08
-14.80626449129569     1.122816506093853e-08
-14.761457304539409     3.4264256579178067e-09
-14.71665011778313     1.1521270665190617e-09
-14.671842931026852     1.4909307139614192e-09
-14.627035744270572     6.429971964196193e-09
-14.582228557514295     2.919745417248459e-08
-14.537421370758015     1.20917311849632e-07
-14.492614184001738     4.535811211079748e-07
-14.447806997245458     1.540836092282136e-06
-14.40299981048918     4.740653505068234e-06
-14.3581926237329     1.321166965861422e-05
-14.313385436976622     3.335659298798636e-05
-14.268578250220344     7.631161825592404e-05
-14.223771063464064     0.00015822934687913725
-14.178963876707787     0.00029744689683807265
-14.134156689951507     0.0005071752888078662
-14.089349503195228     0.0007849452533002627
-14.04454231643895     0.0011039371754630318
-13.999735129682671     0.0014134659039514931
-13.954927942926393     0.0016528290581030764
-13.910120756170114     0.0017744620753588878
-13.865313569413834     0.0017642996628948484
-13.820506382657555     0.0016467123569790724
-13.775699195901277     0.001470498231682484
-13.730892009144998     0.0012848693890819478
-13.68608482238872     0.0011204126551331915
-13.641277635632441     0.000985125012926663
-13.596470448876163     0.0008743126353709231
-13.551663262119883     0.0007843039084515878
-13.506856075363604     0.0007193228249718477
-13.462048888607326     0.0006875479710013502
-13.417241701851047     0.000690777482612472
-13.372434515094769     0.0007165278509414791
-13.32762732833849     0.0007393446896638222
-13.282820141582212     0.0007313906499026284
-13.238012954825932     0.0006757842251661013
-13.193205768069653     0.0005743421271141361
-13.148398581313375     0.00044546257968281313
-13.103591394557096     0.00031455904572305713
-13.058784207800818     0.00020370146264077463
-13.01397702104454     0.00012640196446819313
-12.96916983428826     8.934671617435675e-05
-12.924362647531982     9.882228972603835e-05
-12.879555460775702     0.00016786818298851242
-12.834748274019423     0.0003208536710386705
-12.789941087263145     0.0005943929146129238
-12.745133900506866     0.0010364941013138662
-12.700326713750588     0.0017077761701333855
-12.65551952699431     0.002685790330552048
-12.610712340238031     0.004063799088600962
-12.56590515348175     0.0059250966004715825
-12.521097966725472     0.008278810311846897
-12.476290779969194     0.010973777981388929
-12.431483593212915     0.013647913244534914
-12.386676406456637     0.015779785363428698
-12.341869219700358     0.016857017554534715
-12.29706203294408     0.01658832275753659
-12.2522548461878     0.015036748050316092
-12.207447659431521     0.012595398761200704
-12.162640472675243     0.00983820003538743
-12.117833285918964     0.007373441888444247
-12.073026099162686     0.005847650147332273
-12.028218912406407     0.006204185807460762
-11.983411725650129     0.010237577943663041
-11.93860453889385     0.02140061559910456
-11.89379735213757     0.04566899003104935
-11.848990165381291     0.09204548659106813
-11.804182978625013     0.1721356060270007
-11.759375791868734     0.29839733581955197
-11.714568605112456     0.48127067454549355
-11.669761418356178     0.7261343815901157
-11.624954231599899     1.0312921135759314
-11.580147044843619     1.387558306426818
-11.53533985808734     1.7789151025949588
-11.490532671331062     2.1832238858507154
-11.445725484574783     2.572787788479837
-11.400918297818505     2.9160362642166597
-11.356111111062226     3.182126457378245
-11.311303924305948     3.3487632691076827
-11.266496737549668     3.410720656903128
-11.22168955079339     3.3845040816244056
-11.17688236403711     3.305240903247361
-11.132075177280832     3.215420155357638
-11.087267990524554     3.1496704397687196
-11.042460803768275     3.1225191220179376
-10.997653617011997     3.12503060146953
-10.952846430255718     3.131712382254973
-10.908039243499438     3.1137298194449796
-10.86323205674316     3.051514378491415
-10.818424869986881     2.9409378941207933
-10.773617683230603     2.7913579796728616
-10.728810496474324     2.618201173218444
-10.684003309718046     2.4347894584050773
-10.639196122961767     2.2472515876386145
-10.594388936205487     2.0539755929234644
-10.549581749449208     1.8489416090383386
-10.50477456269293     1.6271331068173809
-10.459967375936651     1.3897187722940887
-10.415160189180373     1.1466054943147799
-10.370353002424094     0.9147544846307607
-10.325545815667816     0.7126316542799773
-10.280738628911536     0.5534280818057429
-10.235931442155257     0.44054854471272575
-10.191124255398979     0.36749060862078164
-10.1463170686427     0.32160412124832205
-10.101509881886422     0.2892706431450456
-10.056702695130143     0.25994866723952537
-10.011895508373865     0.22788343268958675
-9.967088321617585     0.19177443811755313
-9.922281134861306     0.1533814782107864
-9.877473948105028     0.11592143108321007
-9.832666761348749     0.08270554392190246
-9.78785957459247     0.056199886310255465
-9.743052387836192     0.037576521528071755
-9.698245201079914     0.026715718520659616
-9.653438014323635     0.022495552834219355
-9.608630827567355     0.023163809349529906
-9.563823640811076     0.026677186331109028
-9.519016454054798     0.031026499490734827
-9.47420926729852     0.03460971414699693
-9.429402080542241     0.03662674743850497
-9.384594893785962     0.03734168147661168
-9.339787707029684     0.03802187665267031
-9.294980520273404     0.04047526613259464
-9.250173333517125     0.04630540188416177
-9.205366146760847     0.05616824152614735
-9.160558960004568     0.06935289992306401
-9.11575177324829     0.08389919686349484
-9.070944586492011     0.09725190498183965
-9.026137399735733     0.10722470611805723
-8.981330212979453     0.11290915463037784
-8.936523026223174     0.11517665771028375
-8.891715839466896     0.11656264572391303
-8.846908652710617     0.12051812558814609
-8.802101465954339     0.13021691834050814
-8.75729427919806     0.14730830072369022
-8.712487092441782     0.17114798386951208
-8.667679905685503     0.19896795705321108
-8.622872718929223     0.22703148052213368
-8.578065532172944     0.25220811943037047
-8.533258345416666     0.2730505643282647
-8.488451158660387     0.28977875387125973
-8.443643971904109     0.3034891684141626
-8.39883678514783     0.3157569811641494
-8.354029598391552     0.32991808081295726
-8.309222411635272     0.35466296792925694
-8.264415224878993     0.40973227104913396
-8.219608038122715     0.5329634652288158
-8.174800851366436     0.7873921027912771
-8.129993664610158     1.2656843603468215
-8.08518647785388     2.086670838923647
-8.0403792910976     3.376889955704394
-7.995572104341321     5.232309655414195
-7.950764917585042     7.664568661336566
-7.905957730828764     10.550422488106799
-7.861150544072485     13.614169146808159
-7.816343357316207     16.468927446635725
-7.771536170559928     18.718024676468524
-7.72672898380365     20.081648067465807
-7.681921797047371     20.489200086001375
-7.637114610291091     20.086060545095588
-7.5923074235348125     19.14633584464545
-7.547500236778534     17.936639493394246
-7.5026930500222555     16.605106810203345
-7.457885863265977     15.153972070547336
-7.4130786765096985     13.502307754916774
-7.36827148975342     11.591495793166093
-7.32346430299714     9.464733452316807
-7.278657116240861     7.275528758817236
-7.233849929484583     5.229455786364424
-7.189042742728304     3.5027062384926424
-7.144235555972026     2.185709117672258
-7.099428369215747     1.27420671975475
-7.054621182459469     0.6981899463741978
-7.009813995703189     0.3630902147802882
-6.96500680894691     0.18173798027591037
-6.920199622190632     0.08925263179094686
-6.875392435434353     0.04415956823736121
-6.830585248678075     0.02285482171531868
-6.785778061921796     0.013022401626666347
-6.740970875165518     0.008593535832476774
-6.696163688409239     0.0066583220921242825
-6.651356501652959     0.005833099680159694
-6.6065493148966805     0.005481596119718681
-6.561742128140402     0.005365442161604306
-6.5169349413841235     0.005483108157106937
-6.472127754627845     0.005971654118056431
-6.427320567871567     0.007010541886960784
-6.382513381115288     0.008712623361611636
-6.337706194359008     0.011026407151801828
-6.292899007602729     0.013696515002994385
-6.248091820846451     0.016319670373665968
-6.203284634090172     0.018488093767118734
-6.158477447333894     0.01995380597392219
-6.113670260577615     0.020719634493914136
-6.068863073821337     0.020998013589414673
-6.024055887065057     0.02106255759472219
-5.979248700308778     0.02108985782882383
-5.9344415135525     0.0210926127785924
-5.889634326796223     0.020976991330555864
-5.844827140039943     0.020670596671835677
-5.8000199532836625     0.020224942534261343
-5.755212766527386     0.019821062284455168
-5.7104055797711055     0.01967452349991064
-5.665598393014829     0.019901268285322703
-5.6207912062585486     0.020430996048966428
-5.575984019502272     0.021026947317963347
-5.531176832745992     0.021405700874828335
-5.486369645989711     0.0213872678122728
-5.441562459233435     0.02098558514487526
-5.396755272477154     0.020386493440599982
-5.351948085720878     0.01982985837284219
-5.307140898964597     0.01947010847809814
-5.262333712208321     0.019300797985281212
-5.21752652545204     0.019187685170376396
-5.17271933869576     0.018985179383182935
-5.1279121519394835     0.018657329606539257
-5.083104965183203     0.018326346939511226
-5.0382977784269265     0.018228929498010166
-4.993490591670646     0.01862465206987069
-4.9486834049143695     0.0197153172709961
-4.903876218158089     0.02159416088820703
-4.859069031401809     0.024202580072568883
-4.814261844645532     0.027282394209303992
-4.769454657889252     0.03036291532293169
-4.724647471132975     0.03284766870782825
-4.679840284376695     0.034216452281504564
-4.635033097620418     0.03426315997229089
-4.590225910864138     0.03323366039134387
-4.545418724107858     0.031769913529228214
-4.500611537351581     0.030679603812466358
-4.455804350595301     0.030647366299891468
-4.410997163839024     0.03201720886173556
-4.366189977082744     0.03471352586595504
-4.321382790326467     0.038291898602516514
-4.276575603570187     0.042073577607742274
-4.231768416813907     0.04532216453676286
-4.18696123005763     0.04743321213342534
-4.14215404330135     0.04810064734091597
-4.097346856545073     0.047409848340104185
-4.052539669788793     0.04582032253866429
-4.007732483032516     0.04405284462583865
-3.962925296276236     0.04295350255718304
-3.918118109519959     0.043423244957880705
-3.873310922763679     0.04646084688086688
-3.8285037360073986     0.053290267911965256
-3.783696549251122     0.065455224236614
-3.7388893624948416     0.08468886461321343
-3.694082175738565     0.11236776206232468
-3.6492749889822846     0.14854110353070996
-3.604467802226008     0.19091430156440037
-3.5596606154697277     0.2345483492877348
-3.5148534287134474     0.27300240512372204
-3.4700462419571707     0.3009625238921844
-3.4252390552008904     0.31739837248988784
-3.3804318684446137     0.3277517888692758
-3.3356246816883335     0.3441040099746073
-3.2908174949320568     0.3833761066760789
-3.2460103081757765     0.4645239546726657
-3.2012031214194963     0.6058398588119889
-3.1563959346632195     0.8230439230205907
-3.1115887479069393     1.1283214140604871
-3.0667815611506626     1.530057426738531
-3.0219743743943823     2.0327109517830313
-2.9771671876381056     2.636138321597522
-2.9323600008818254     3.333942539026043
-2.887552814125545     4.11115174490822
-2.8427456273692684     4.942453881113251
-2.797938440612988     5.7928213145552405
-2.7531312538567114     6.622005810363897
-2.708324067100431     7.39261764108697
-2.6635168803441545     8.078752828638386
-2.618709693587874     8.670165174355308
-2.573902506831594     9.16807274785275
-2.5290953200753172     9.573531202959144
-2.484288133319037     9.875330476499947
-2.4394809465627603     10.046745464752464
-2.39467375980648     10.05602524175685
-2.3498665730502033     9.886390370419358
-2.305059386293923     9.554118020734418
-2.260252199537643     9.113528371332627
-2.215445012781366     8.644947421259666
-2.170637826025086     8.230639141650503
-2.125830639268809     7.929002910791589
-2.081023452512529     7.757324069371447
-2.036216265756252     7.689250028023389
-1.9914090789999719     7.666978787308847
-1.9466018922436952     7.622224554138198
-1.901794705487415     7.497088426714753
-1.8569875187311347     7.257687310551857
-1.812180331974858     6.8983942021732085
-1.7673731452185777     6.438920816437019
-1.722565958462301     5.917368488317765
-1.6777587717060207     5.380703490164572
-1.632951584949744     4.87317248535697
-1.5881443981934638     4.424676336047237
-1.5433372114371835     4.043298067709601
-1.4985300246809068     3.715930763922155
-1.4537228379246265     3.417355697308389
-1.4089156511683498     3.123508708020487
-1.3641084644120696     2.822431982616986
-1.3193012776557929     2.518051197464506
-1.2744940908995126     2.2261114736626064
-1.2296869041432323     1.9655619724973867
-1.1848797173869556     1.7502582158901911
-1.1400725306306754     1.584687172304526
-1.0952653438743987     1.4646748475078242
-1.0504581571181184     1.3814227738509661
-1.0056509703618417     1.3260393804381674
-0.9608437836055614     1.2923067615102681
-0.9160365968492812     1.2770609071653727
-0.8712294100930045     1.2790669394916225
-0.8264222233367242     1.2977476593581634
-0.7816150365804475     1.3325528139695773
-0.7368078498241672     1.3828583925914684
-0.6920006630678905     1.44783119713422
-0.6471934763116103     1.5259102619769513
-0.60238628955533     1.614102527417732
-0.5575791027990533     1.7076561201800518
-0.5127719160427731     1.8005601409333838
-0.46796472928649635     1.8867912813842218
-0.4231575425302161     1.9616844212235418
-0.3783503557739394     2.0227302625828734
-0.3335431690176591     2.069632918169771
-0.28873598226137887     2.1041128932354964
-0.24392879550510216     2.129944403472463
-0.1991216087488219     2.1528311627482193
-0.1543144219925452     2.1787876442171523
-0.10950723523626493     2.2100800546916677
-0.06470004847998823     2.239947132696158
-0.019892861723707966     2.2497688008510437
0.02491432503256874     2.212494044931457
0.069721511788849     2.102785834270042
0.11452869854512926     1.9094430042623685
0.15933588530140597     1.6431253502643912
0.20414307205768623     1.3346585412284582
0.24895025881396293     1.024773544536608
0.2937574455702432     0.7508750516537923
0.3385646323265199     0.5371005701242009
0.38337181908280016     0.3908104012999059
0.4281790058390804     0.3047646623430666
0.4729861925953571     0.2623360865120336
0.5177933793516374     0.24346950060464526
0.5626005661079141     0.23013306668649752
0.6074077528641944     0.21038956790595195
0.6522149396204711     0.1801479990575661
0.6970221263767513     0.14209420697991906
0.7418293131330316     0.1024693602385985
0.7866364998893083     0.06740547407919935
0.8314436866455885     0.04051509805627431
0.8762508734018652     0.022403974250395135
0.9210580601581455     0.011608355152967369
0.9658652469144222     0.0059482925240459264
1.0106724336707025     0.0035227430993674687
1.0554796204269827     0.0031027414698035407
1.1002868071832594     0.004061817521539174
1.1450939939395397     0.006091205050373689
1.1899011806958164     0.008896826813293573
1.2347083674520967     0.01200366958658269
1.2795155542083734     0.014739416304026025
1.3243227409646536     0.016401322318865007
1.369129927720934     0.016517619042786483
1.4139371144772106     0.015049007231574941
1.4587443012334909     0.012402292686018146
1.5035514879897676     0.009245077445674906
1.5483586747460478     0.006233430674750228
1.5931658615023245     0.0038014523175408065
1.6379730482586048     0.002096896827418122
1.682780235014885     0.0010461872771404324
1.7275874217711618     0.0004721137196299666
1.772394608527442     0.00019270346910554048
1.8172017952837187     7.1147359013212e-05
1.862008982039999     2.3785253678676776e-05
1.9068161687962757     7.364988909223082e-06
1.951623355552556     3.1004537371665093e-06
1.9964305423088362     6.687136421423627e-06
2.041237729065113     3.064130293839046e-05
2.086044915821393     0.00013604744256147768
2.13085210257767     0.0005485809228173216
2.17565928933395     0.0020033764867326297
2.220466476090227     0.006628179245761945
2.265273662846507     0.019879901285825043
2.310080849602784     0.054102898504475604
2.354888036359064     0.1337755896369086
2.3996952231153443     0.3010782760365599
2.444502409871621     0.6183654637042362
2.4893095966279013     1.1631104589317522
2.534116783384178     2.013256542528115
2.5789239701404583     3.2270495685944542
2.623731156896735     4.8271264816304384
2.6685383436530152     6.796904497161069
2.7133455304092955     9.086092076899869
2.758152717165572     11.610645189692633
2.8029599039218525     14.235631245389238
2.847767090678129     16.751125993997157
2.8925742774344094     18.873986361575597
2.937381464190686     20.30558219503243
2.9821886509469664     20.838981951562175
3.0269958377032467     20.462859460244758
3.0718030244595234     19.393469181067793
3.1166102112158036     18.00093284854594
3.1614173979720803     16.661629886848004
3.2062245847283606     15.617443521382313
3.2510317714846373     14.918260301321338
3.2958389582409175     14.469389984453102
3.340646144997198     14.13988897110897
3.3854533317534745     13.85652549729856
3.4302605185097548     13.629984411987639
3.4750677052660315     13.514781467190073
3.5198748920223117     13.549504144715922
3.5646820787785884     13.727633213788287
3.6094892655348687     14.015415849069061
3.654296452291149     14.394732014273199
3.6991036390474257     14.894200079412082
3.743910825803706     15.583037627368785
3.7887180125599826     16.524899720801237
3.833525199316263     17.712723385379576
3.8783323860725396     19.02481742480197
3.92313957282882     20.24313994622782
3.9679467595851     21.141915915132426
4.012753946341377     21.600332783745284
4.057561133097657     21.661699725558265
4.102368319853934     21.490758468500168
4.147175506610214     21.255346434656204
4.191982693366491     21.016211053375283
4.236789880122771     20.699194807263716
4.281597066879048     20.157552241932713
4.326404253635328     19.267741145793714
4.371211440391608     17.990351776304493
4.416018627147885     16.368607858667318
4.460825813904165     14.48758459078583
4.505633000660442     12.436852583918194
4.550440187416722     10.301089267099965
4.595247374172999     8.171730686318565
4.640054560929279     6.155913863192224
4.684861747685559     4.365976551486175
4.729668934441836     2.8924693562282853
4.774476121198116     1.7780282751713847
4.819283307954393     1.0085626116300441
4.864090494710673     0.5256014447391466
4.90889768146695     0.25078676332541433
4.95370486822323     0.1092658902034721
4.998512054979511     0.04338081779209518
5.043319241735787     0.01566935651272657
5.0881264284920675     0.005142942301626494
5.132933615248344     0.001532388841706792
5.1777408020046245     0.00041419746879332614
5.222547988760901     0.00010150415114552165
5.2673551755171815     2.2542930190154695e-05
5.312162362273462     4.535675091652286e-06
5.356969549029738     8.265438049850016e-07
5.401776735786019     1.363937505122359e-07
5.446583922542295     2.0377885664728645e-08
5.491391109298576     2.7561691608783996e-09
5.536198296054852     3.3743645805731057e-10
5.581005482811133     3.7392409453015053e-11
5.625812669567413     3.7501857178696536e-12
5.67061985632369     3.403906764274662e-13
5.71542704307997     2.7960163655960332e-14
5.7602342298362466     2.0783734866585395e-15
5.805041416592527     1.398029449558104e-16
5.8498486033488035     8.509552508240033e-18
5.894655790105084     4.686893161345034e-19
5.939462976861364     2.3358377599465454e-20
5.984270163617641     1.0533478576918078e-21
6.029077350373921     4.297990829208744e-23
6.073884537130198     1.5870498196775212e-24
6.118691723886478     6.062953337488319e-26
6.163498910642755     1.9691534773710903e-25
6.208306097399035     4.525896090711752e-24
6.253113284155312     9.486284135443326e-23
6.297920470911592     1.798538853380498e-21
6.342727657667872     3.084410838432729e-20
6.387534844424149     4.784693187482466e-19
6.432342031180429     6.713767160911882e-18
6.477149217936706     8.521374575362076e-17
6.521956404692986     9.783296444115282e-16
6.566763591449263     1.0160007816140523e-14
6.611570778205543     9.544153259205018e-14
6.656377964961823     8.109924383856758e-13
6.7011851517181     6.2335306697086686e-12
6.74599233847438     4.33402758066118e-11
6.790799525230657     2.7257917228259164e-10
6.835606711986937     1.550748608969604e-09
6.880413898743214     7.980753494996382e-09
6.925221085499494     3.715427310043306e-08
6.9700282722557745     1.5647627368654378e-07
7.014835459012051     5.96185420459679e-07
7.0596426457683314     2.055106357817751e-06
7.104449832524608     6.409842143944704e-06
7.149257019280888     1.809172211460568e-05
7.194064206037165     4.6219003226256135e-05
7.238871392793445     0.00010690577972969538
7.283678579549726     0.0002239843940774115
7.328485766306002     0.0004253640421996873
7.373292953062283     0.0007329230126696188
7.418100139818559     0.0011474568475938357
7.46290732657484     0.001635681267252704
7.507714513331116     0.0021292586495241777
7.5525217000873965     0.002541579968505573
7.597328886843677     0.002797119466615505
7.6421360735999535     0.0028584100120043923
7.686943260356234     0.0027360520677696598
7.7317504471125105     0.0024783170581229408
7.776557633868791     0.0021494001828709433
7.821364820625067     0.001809133918610551
7.866172007381348     0.0015013088199056657
7.910979194137628     0.0012503005079539011
7.955786380893905     0.0010627431549050086
8.000593567650185     0.0009318402459543272
8.045400754406462     0.000842807303717806
8.090207941162742     0.0007778800208168469
8.135015127919019     0.0007198699015476947
8.179822314675299     0.0006546975066219747
8.22462950143158     0.0005738697488180085
8.269436688187856     0.00047659692909406327
8.314243874944136     0.00036987391652451725
8.359051061700413     0.0002654538481486889
8.403858248456693     0.00017487055834830171
8.44866543521297     0.00010519919433910524
8.49347262196925     5.759612653712394e-05
8.538279808725527     2.8634554225762415e-05
8.583086995481807     1.290865998556209e-05
8.627894182238087     5.27222837308688e-06
8.672701368994364     1.9514589896459004e-06
8.717508555750644     6.622683573056694e-07
8.762315742506921     2.3878130040550715e-07
8.807122929263201     2.0912050654573088e-07
8.851930116019478     5.403091915692592e-07
8.896737302775758     1.623008061792126e-06
8.941544489532038     4.505762952314723e-06
8.986351676288315     1.1332178502544373e-05
9.031158863044595     2.5781959382953285e-05
9.075966049800872     5.305580212596774e-05
9.120773236557152     9.875751914254123e-05
9.165580423313429     0.0001662838235300142
9.21038761006971     0.00025329506153441407
9.25519479682599     0.00034916584898833983
9.300001983582266     0.0004358954033442546
9.344809170338547     0.000493674273398004
9.389616357094823     0.0005093534856332068
9.434423543851103     0.0004834221986356246
9.47923073060738     0.00043110677696637476
9.52403791736366     0.0003763074275412046
9.56884510411994     0.0003412090619476157
9.613652290876217     0.00033674332941710224
9.658459477632498     0.0003584209269463047
9.703266664388774     0.00038922312177096035
9.748073851145055     0.00040789107187757167
9.792881037901331     0.0003985158507472112
9.837688224657612     0.00035685091457435605
9.882495411413892     0.0002906419736186073
9.927302598170169     0.00021461341976859472
9.972109784926449     0.0001435027202250738
10.016916971682726     8.693818802560751e-05
10.061724158439006     4.808554245961138e-05
10.106531345195286     2.558175057745529e-05
10.15133853195156     1.705952161792257e-05
10.19614571870784     2.287861997156809e-05
10.24095290546412     4.9530819634989676e-05
10.2857600922204     0.00011231847911582781
10.33056727897668     0.00023584754671181153
10.375374465732953     0.00044949311039617205
10.420181652489234     0.0007753626420586509
10.464988839245514     0.0012103058795620188
10.509796026001794     0.0017103905457747915
10.554603212758074     0.002190907161682524
10.599410399514348     0.0025507932279137963
10.644217586270628     0.0027160759126743945
10.689024773026908     0.0026809479066989177
10.733831959783188     0.002520682568629312
10.778639146539462     0.002364053523795503
10.823446333295742     0.0023365903624022657
10.868253520052022     0.002504059902581208
10.913060706808302     0.0028465928809306715
10.957867893564583     0.003277933741874189
11.002675080320856     0.003700611937401288
11.047482267077136     0.004068684292793338
11.092289453833416     0.004424933684846418
11.137096640589697     0.004891886771700925
11.181903827345977     0.005619319870397679
11.22671101410225     0.006712619918070246
11.27151820085853     0.008175377882692288
11.31632538761481     0.009891925208405396
11.36113257437109     0.011655600041296888
11.405939761127364     0.01322737667856182
11.450746947883644     0.014399471168939765
11.495554134639924     0.015044351719001103
11.540361321396205     0.015142783691962359
11.585168508152485     0.014790971349969942
11.629975694908758     0.014182580947248006
11.674782881665038     0.013558429974842478
11.719590068421319     0.013128641710318207
11.764397255177599     0.012995430615155405
11.809204441933872     0.013117566604289456
11.854011628690152     0.013341167501719143
11.898818815446432     0.013481977209420182
11.943626002202713     0.0134115643767075
11.988433188958993     0.013101238359723998
12.033240375715266     0.012611200230276454
12.078047562471546     0.012048690451651856
12.122854749227827     0.01152853871674159
12.167661935984107     0.01115115467157268
12.212469122740387     0.01099049093285287
12.25727630949666     0.01108020566686236
12.30208349625294     0.011399638148499015
12.34689068300922     0.011873450145054486
12.391697869765501     0.012394692427148125
12.436505056521774     0.012864299146021049
12.481312243278055     0.013227376549526718
12.526119430034335     0.013489369675657396
12.570926616790615     0.013707901736624832
12.615733803546895     0.013965219692418998
12.660540990303168     0.014327413489235163
12.705348177059449     0.014798990878868105
12.750155363815729     0.015291616265465763
12.79496255057201     0.015633094778851685
12.83976973732829     0.015628730348955452
12.884576924084563     0.015152824474333065
12.929384110840843     0.014221152312432562
12.974191297597123     0.013003438266064458
13.018998484353403     0.011773022690739043
13.063805671109677     0.010824533916177674
13.108612857865957     0.01039351256910165
13.153420044622237     0.010594131641490435
13.198227231378517     0.011380974237039815
13.243034418134798     0.0125480179426053
13.28784160489107     0.013782100865842712
13.332648791647351     0.014767185047285417
13.377455978403631     0.015298444073009055
13.422263165159912     0.015346797767677245
13.467070351916192     0.015039148083234945
13.511877538672465     0.014571994147532122
13.556684725428745     0.014114500808498402
13.601491912185026     0.0137531723772041
13.646299098941306     0.013494023752939784
13.691106285697579     0.013303247245630045
13.73591347245386     0.013156565685652006
13.78072065921014     0.01307570638685896
13.82552784596642     0.013139839252917274
13.8703350327227     0.013463515359380554
13.915142219478973     0.014139251790262167
13.959949406235253     0.015160692947486856
14.004756592991534     0.01636449288620383
14.049563779747814     0.017436366755703335
14.094370966504087     0.018003446718103874
14.139178153260367     0.017785930526778283
14.183985340016648     0.016735218310910738
14.228792526772928     0.015079641153869219
14.273599713529208     0.013245370114596249
14.318406900285481     0.01169136230676721
14.363214087041762     0.010743193658588494
14.408021273798042     0.010500797014588994
14.452828460554322     0.010843565318495013
14.497635647310602     0.011505354919497942
14.542442834066875     0.012172845045685728
14.587250020823156     0.012571587538778293
14.632057207579436     0.012523049406377669
14.676864394335716     0.011968061297593265
14.72167158109199     0.01095877094004918
14.76647876784827     0.00962799014993309
14.81128595460455     0.008149681084817399
14.85609314136083     0.006702174220008666
14.90090032811711     0.005438522637594429
14.945707514873384     0.004463864984891786
14.990514701629664     0.0038209967429454293
15.035321888385944     0.0034878583515501396
15.080129075142224     0.0033891275416700205
15.124936261898505     0.0034192996159486642
15.169743448654778     0.0034708365480249073
15.214550635411058     0.0034602002293147513
15.259357822167338     0.00334569795720748
15.304165008923619     0.0031328815029495797
15.348972195679892     0.002866052746922869
15.393779382436172     0.0026083861601487357
15.438586569192452     0.0024170014078500925
15.483393755948732     0.002321312345251217
15.528200942705013     0.0023123730213166415
15.573008129461286     0.0023477322661989335
15.617815316217566     0.0023707568655833974
15.662622502973846     0.0023367978910122087
15.707429689730127     0.002234157450070679
15.7522368764864     0.0020891383597726083
15.79704406324268     0.0019521358802970083
15.84185124999896     0.0018718676027270685
15.88665843675524     0.001871410209205435
15.93146562351152     0.0019387160731966365
15.976272810267794     0.0020361736213992737
16.021079997024074     0.002123029779661037
16.065887183780355     0.002177255356328873
16.110694370536635     0.0022042396795603917
16.155501557292915     0.002228384473769811
16.200308744049188     0.002274669882332909
16.24511593080547     0.0023530034324011472
16.28992311756175     0.002454705281222395
16.33473030431803     0.0025608454695302593
16.379537491074302     0.002653951365920685
16.424344677830582     0.002723854729056909
16.469151864586863     0.002764826883300991
16.513959051343143     0.002768782483465123
16.558766238099423     0.002722053166426307
16.603573424855696     0.002609528477041317
16.648380611611977     0.002423546791915257
16.693187798368257     0.0021710921099107514
16.737994985124537     0.0018742028724819612
16.782802171880817     0.0015633962583773602
16.82760935863709     0.0012683894739889115
16.87241654539337     0.001011417121404394
16.91722373214965     0.0008059158117691169
16.96203091890593     0.0006596363315742031
17.006838105662204     0.0005788859939414802
17.051645292418485     0.0005704743725057871
17.096452479174765     0.0006394180791513973
17.141259665931045     0.0007828091478193991
17.186066852687325     0.0009829962806675789
17.2308740394436     0.0012051890157410688
17.27568122619988     0.0014036717745859622
17.32048841295616     0.0015360969682027513
17.36529559971244     0.0015793845548748792
17.41010278646872     0.0015384259101698958
17.454909973224993     0.001442596856889399
17.499717159981273     0.0013322842373130546
17.544524346737553     0.0012427033746023036
17.589331533493834     0.0011922146669235392
17.634138720250107     0.0011786995653854018
17.678945907006387     0.0011836978316068104
17.723753093762667     0.0011816777707312413
17.768560280518948     0.0011508057327054792
17.813367467275228     0.001081481445369111
17.8581746540315     0.000979804929753463
17.90298184078778     0.0008649547315238684
17.94778902754406     0.0007615502224209072
17.99259621430034     0.0006897767807269397
18.037403401056615     0.0006570159418653315
18.082210587812895     0.0006545685010993316
18.127017774569175     0.0006613067405126577
18.171824961325456     0.0006529244830608858
18.216632148081736     0.0006123966069565201
18.26143933483801     0.0005364539356861135
18.30624652159429     0.00043521064497380863
18.35105370835057     0.00032607834822322287
18.39586089510685     0.00022599314049281266
18.44066808186313     0.00014601462521437032
18.485475268619403     9.008094869233177e-05
18.530282455375684     5.71224963487386e-05
18.575089642131964     4.443271018738924e-05
18.619896828888244     5.033923245934132e-05
18.664704015644517     7.505893774805676e-05
18.709511202400797     0.00011951274393467352
18.754318389157078     0.0001827127144340175
18.799125575913358     0.00025913530699513224
18.84393276266964     0.00033788029612732387
18.88873994942591     0.00040476229020472914
18.93354713618219     0.00044676061557586045
18.978354322938472     0.0004565444999151953
19.023161509694752     0.00043455931108109247
19.067968696451032     0.0003877674083853053
19.112775883207306     0.000326277041609247
19.157583069963586     0.0002600106631539256
19.202390256719866     0.00019678542339990226
19.247197443476146     0.00014178637945546572
19.29200463023242     9.770515241891802e-05
19.3368118169887     6.504395479403682e-05
19.38161900374498     4.256949539439275e-05
19.42642619050126     2.802846074940307e-05
19.47123337725754     1.9027056671690343e-05
19.516040564013814     1.381388627261863e-05
19.560847750770094     1.1800178732119486e-05
19.605654937526374     1.3876032060490395e-05
19.650462124282654     2.268569354221095e-05
19.695269311038935     4.2902535036283334e-05
19.740076497795208     8.130285927201533e-05
19.784883684551488     0.0001462710693223873
19.82969087130777     0.00024637527376474255
19.87449805806405     0.0003877860995580104
19.919305244820322     0.0005705685638949865
19.964112431576602     0.0007844939276285863
20.008919618332882     0.0010061884161190833
20.053726805089163     0.0012005285809381433
20.098533991845443     0.001328580196260276
20.143341178601716     0.0013609646677865768
20.188148365357996     0.001290903976257654
20.232955552114277     0.0011393097965936797
20.277762738870557     0.0009478377582963482
20.32256992562683     0.0007628855489309362
20.36737711238311     0.0006187986967670282
20.41218429913939     0.0005283694381537748
20.45699148589567     0.0004839756269521792
20.50179867265195     0.00046711781459004176
20.546605859408224     0.0004606149808762482
20.591413046164504     0.00045719141971645573
20.636220232920785     0.0004603936769013289
20.681027419677065     0.0004779579799679138
20.725834606433345     0.000512148834851301
20.77064179318962     0.0005536065251364133
20.8154489799459     0.0005831419298482624
20.86025616670218     0.0005806777451108473
20.90506335345846     0.000535687578681536
20.949870540214732     0.0004525777044851959
20.994677726971013     0.0003481159224390485
21.039484913727293     0.00024331765234851302
21.084292100483573     0.00015517460865120973
21.129099287239853     9.255398297144596e-05
21.173906473996126     5.709157624840377e-05
21.218713660752407     4.687037295166406e-05
21.263520847508687     5.9811201726584466e-05
21.308328034264967     9.47418946730823e-05
21.353135221021248     0.00014990277357596396
21.39794240777752     0.00022026009757612191
21.4427495945338     0.0002958516618548294
21.48755678129008     0.0003629818317243596
21.53236396804636     0.0004083206268882094
21.577171154802635     0.0004237853019675151
21.621978341558915     0.0004092087602365354
21.666785528315195     0.00037120424418545195
21.711592715071475     0.0003193062351916494
21.756399901827756     0.00026212841180929064
