-21.430516360780313     0.009022321587364164
-21.34619976581669     0.04905807638912038
-21.261883170853064     0.22820785320060344
-21.177566575889436     0.7655389478897441
-21.093249980925812     1.807745839570277
-21.008933385962187     3.006411554272397
-20.924616790998563     3.5882405794038688
-20.840300196034935     3.3763531923445766
-20.75598360107131     3.380825563251045
-20.671667006107686     4.598688533192841
-20.58735041114406     6.385769079857054
-20.503033816180434     6.904241537509603
-20.41871722121681     5.418324215066819
-20.334400626253185     3.1212149182192803
-20.25008403128956     1.4201936154557049
-20.165767436325932     0.6112944797168024
-20.081450841362308     0.33579262624217365
-19.997134246398684     0.30254847261322404
-19.91281765143506     0.40824634026630535
-19.82850105647143     0.6095463658155054
-19.744184461507807     0.8834955020104511
-19.659867866544182     1.3331183932534594
-19.575551271580558     2.172204860963342
-19.49123467661693     3.3382575301619273
-19.406918081653306     4.234433535870056
-19.32260148668968     4.312544243065552
-19.238284891726057     3.876468162640316
-19.15396829676243     3.8266933009310726
-19.069651701798804     4.611995689116519
-18.98533510683518     5.636691386824218
-18.901018511871555     5.826549029416144
-18.816701916907927     4.9259240509675095
-18.732385321944303     3.688932841804191
-18.64806872698068     2.661317632413512
-18.563752132017054     1.7565904587234185
-18.479435537053426     0.9339629890129263
-18.395118942089802     0.3674222834503298
-18.310802347126177     0.10320154059189376
-18.226485752162553     0.020439831380548855
-18.142169157198925     0.0028429857689942577
-18.0578525622353     0.0002773555625722636
-17.973535967271676     1.897312568795017e-05
-17.88921937230805     9.1018342982196e-07
-17.804902777344424     3.063259526177701e-08
-17.7205861823808     7.238608025676075e-10
-17.636269587417175     1.2027967586050451e-11
-17.55195299245355     1.4091940473833253e-13
-17.467636397489922     1.1697000462305966e-15
-17.383319802526298     6.935339092631352e-18
-17.299003207562674     2.9762140371246845e-20
-17.21468661259905     9.419458981451291e-23
-17.13037001763542     2.247390414495561e-25
-17.046053422671797     4.113817135457344e-28
-16.961736827708172     5.80045612313878e-31
-16.877420232744548     6.224792284337711e-34
-16.793103637780924     4.978711856720256e-37
-16.708787042817296     2.9066643682907667e-40
-16.62447044785367     1.2192412535669581e-43
-16.540153852890047     3.63673911152629e-47
-16.45583725792642     7.665968220794004e-51
-16.371520662962794     1.1379110087439595e-54
-16.28720406799917     1.1870493015699124e-58
-16.202887473035545     9.668759251696217e-63
-16.11857087807192     2.1183688692515474e-59
-16.034254283108293     3.2228911849710036e-55
-15.949937688144669     3.4364827150488817e-51
-15.865621093181044     2.568073856802144e-47
-15.781304498217418     1.3450122806536508e-43
-15.696987903253792     4.937092469953545e-40
-15.612671308290167     1.270117498170019e-36
-15.528354713326543     2.290056800847752e-33
-15.444038118362917     2.8938869436907374e-30
-15.35972152339929     2.56303669364676e-27
-15.275404928435666     1.5910132937675449e-24
-15.191088333472042     6.922302543899956e-22
-15.106771738508415     2.1110761908159177e-19
-15.02245514354479     4.512976884420053e-17
-14.938138548581165     6.763539556294179e-15
-14.85382195361754     7.107365038012029e-13
-14.769505358653914     5.238175412247225e-11
-14.685188763690288     2.708736360849382e-09
-14.600872168726664     9.834461782923735e-08
-14.51655557376304     2.509440470584934e-06
-14.432238978799413     4.507618555861822e-05
-14.347922383835787     0.0005714237390058146
-14.263605788872162     0.005132144303914385
-14.179289193908538     0.032846951749874065
-14.094972598944912     0.15105830624071215
-14.010656003981286     0.5046276913511177
-13.926339409017661     1.2399726100276345
-13.842022814054037     2.2672770010523045
-13.75770621909041     3.106657558937706
-13.673389624126784     3.1890415052271015
-13.58907302916316     2.4348260639121526
-13.504756434199535     1.3678157235010353
-13.42043983923591     0.5630741825043534
-13.336123244272285     0.1931110099270001
-13.251806649308659     0.15621935327689118
-13.167490054345034     0.36682218489990703
-13.083173459381408     0.7779815551230018
-12.998856864417784     1.2803722422361785
-12.914540269454157     1.811780748725097
-12.830223674490533     2.4614933499150347
-12.745907079526907     3.116689298566283
-12.661590484563282     3.248140536037941
-12.577273889599656     2.5546826059054437
-12.492957294636032     1.4722234829792682
-12.408640699672405     0.6319617621906766
-12.324324104708781     0.22110340615068982
-12.240007509745155     0.07625728596297135
-12.15569091478153     0.02866343332048409
-12.071374319817904     0.010161881792302653
-11.98705772485428     0.00403541491907756
-11.902741129890654     0.007418018235143143
-11.81842453492703     0.025713654815727155
-11.734107939963403     0.06939817296591598
-11.649791344999779     0.14092379635450808
-11.565474750036152     0.23329434264916096
-11.481158155072528     0.36316343880298174
-11.396841560108902     0.5769361536659678
-11.312524965145277     0.8631401631171851
-11.228208370181651     1.1082959381703152
-11.143891775218027     1.242293366353532
-11.0595751802544     1.3694746436811485
-10.975258585290776     1.677717012625156
-10.89094199032715     2.3118559152124396
-10.806625395363525     3.300930290159344
-10.7223088003999     4.383123953055184
-10.637992205436275     5.057960437680551
-10.55367561047265     5.112177244740347
-10.469359015509024     4.83754120851251
-10.3850424205454     4.778519003332302
-10.300725825581774     5.656764843889519
-10.216409230618149     7.753772115160766
-10.132092635654523     9.83856205784652
-10.047776040690898     9.9919723986381
-9.963459445727272     7.838576353969855
-9.879142850763648     4.779535882725749
-9.794826255800022     2.2881383804045576
-9.710509660836397     0.9139962578901667
-9.626193065872771     0.5861676989265736
-9.541876470909147     1.2536742311648912
-9.45755987594552     3.0381040273715496
-9.373243280981896     5.709526552917442
-9.28892668601827     8.349209231330953
-9.204610091054645     10.100460214094188
-9.12029349609102     11.080060174844215
-9.035976901127395     11.815851695774604
-8.951660306163769     11.960135649188317
-8.867343711200144     10.65100214176904
-8.783027116236518     8.13985694652617
-8.698710521272893     5.70808056594768
-8.614393926309267     3.9928883946468323
-8.530077331345643     2.6931287825846812
-8.445760736382017     1.6000072225837152
-8.361444141418392     0.8554381961633908
-8.277127546454766     0.5318481428217672
-8.192810951491142     0.5200166772001651
-8.108494356527515     0.7103630752163594
-8.024177761563891     1.205651710260652
-7.939861166600265     2.3236972569254117
-7.85554457163664     4.132250965946296
-7.771227976673014     5.909813255501489
-7.68691138170939     6.463577703076879
-7.6025947867457635     5.3102551994092675
-7.518278191782139     3.257867232188037
-7.433961596818513     1.5193615728407606
-7.3496450018548884     0.6210047903384435
-7.265328406891262     0.4252726009461094
-7.181011811927638     0.7431993592766521
-7.096695216964012     1.4925834562515907
-7.012378622000387     2.4182951025435093
-6.928062027036761     3.2164232306363365
-6.843745432073137     4.104995175369442
-6.75942883710951     5.50481180828967
-6.675112242145886     6.853324358710626
-6.59079564718226     6.820740421516063
-6.506479052218635     5.0769523871100395
-6.422162457255009     2.7834135712173795
-6.337845862291385     1.1810497083157514
-6.2535292673277585     0.5833855054945684
-6.169212672364134     0.677582113348262
-6.084896077400508     1.0322809650548364
-6.000579482436883     1.2582252015321782
-5.916262887473257     1.146207926938331
-5.831946292509633     0.7953777806241931
-5.747629697546007     0.46568931542009645
-5.663313102582382     0.31597804071399527
-5.578996507618756     0.3511851286385699
-5.494679912655132     0.5062793422834149
-5.410363317691505     0.6921308247997624
-5.326046722727881     0.8548496427704801
-5.2417301277642565     1.0168701791144357
-5.157413532800632     1.1680299408651194
-5.073096937837004     1.1924607859592053
-4.98878034287338     1.0200147854133466
-4.904463747909755     0.736697169210929
-4.820147152946131     0.4748002653142661
-4.735830557982503     0.3061280140035694
-4.651513963018878     0.25574386273355865
-4.567197368055254     0.3106886747223917
-4.48288077309163     0.39436897961194817
-4.398564178128002     0.4056050347579431
-4.314247583164377     0.3132592859777966
-4.229930988200753     0.18024673373736924
-4.145614393237128     0.0901400294470967
-4.0612977982735     0.09087593134413849
-3.976981203309876     0.20170042807637545
-3.8926646083462515     0.396989057010384
-3.808348013382627     0.5671052544268096
-3.724031418418999     0.6032720986105635
-3.6397148234553747     0.5640512471394641
-3.5553982284917502     0.6375828121388805
-3.471081633528126     0.893973727679479
-3.386765038564498     1.1671943001557332
-3.3024484436008734     1.2165821343189562
-3.218131848637249     0.9792207185997708
-3.1338152536736246     0.6433832480112696
-3.0494986587099966     0.46419668652047297
-2.965182063746372     0.5482171450194155
-2.8808654687827477     0.8156458018047055
-2.7965488738191233     1.0754057332569216
-2.7122322788554953     1.1490128829672623
-2.627915683891871     1.0243495229152693
-2.5435990889282465     0.8554420376108864
-2.459282493964622     0.779477902767961
-2.374965899000994     0.8145576158612349
-2.2906493040373697     0.8933750514531571
-2.2063327090737452     0.907259462980124
-2.122016114110121     0.7819574778825656
-2.037699519146493     0.5630428226506506
-1.9533829241828684     0.3821302647288457
-1.869066329219244     0.32881256672276976
-1.7847497342556196     0.3785236609254366
-1.7004331392919916     0.43470875544497434
-1.6161165443283672     0.4282072331359537
-1.5317999493647427     0.37059640784713277
-1.4474833544011183     0.3178137142838611
-1.3631667594374903     0.30950657179813423
-1.278850164473866     0.34163712209735697
-1.1945335695102415     0.37769603157312637
-1.110216974546617     0.38789726792150875
-1.025900379582989     0.3767483045575326
-0.9415837846193646     0.367757607933481
-0.8572671896557402     0.3713778703589048
-0.7729505946921158     0.37807014405454187
-0.6886339997284878     0.37435569226108145
-0.6043174047648634     0.35223653335920196
-0.520000809801239     0.30849928559771433
-0.43568421483761455     0.24782239855846966
-0.35136761987398657     0.1836914182149229
-0.26705102491036214     0.12850156845758712
-0.18273442994673772     0.08556303722468414
-0.0984178349831133     0.053126182670047
-0.014101240019485317     0.030202428146001173
0.07021535494413911     0.016057233315608516
0.15453194990776353     0.008481079558906415
0.23884854487138796     0.004622393214491566
0.3231651398350124     0.00244871017248735
0.40748173479864036     0.001117134940554076
0.4917983297622648     0.00039807389266808255
0.5761149247258892     0.00010639408150733404
0.6604315196895136     3.0448128241400318e-05
0.7447481146531416     5.104924554355022e-05
0.829064709616766     0.0001567265497180155
0.9133813045803905     0.0003629603514414328
0.9976978995440149     0.0006179364439049472
1.0820144945076429     0.000802212570269824
1.1663310894712673     0.0008307859693586309
1.2506476844348917     0.0007041277763375962
1.3349642793985161     0.00048070855736776874
1.4192808743621441     0.00025317474235965595
1.5035974693257685     9.870068495422736e-05
1.587914064289393     2.7727455890212334e-05
1.6722306592530174     5.532570759781449e-06
1.7565472542166454     7.785967299012238e-07
1.8408638491802698     7.702618073279315e-08
1.9251804441438942     5.348730345301827e-09
2.0094970391075186     2.60528621452078e-10
2.0938136340711466     8.979392775833317e-12
2.178130229034771     3.562147906931595e-12
2.2624468239983955     9.720005189797273e-11
2.34676341896202     1.9826474427458593e-09
2.431080013925648     2.8500533449170287e-08
2.5153966088892723     2.9024420438400084e-07
2.5997132038528967     2.1166517177450824e-06
2.684029798816521     1.1299059422594424e-05
2.768346393780149     4.605708179327635e-05
2.8526629887437736     0.00015336919869795922
2.936979583707398     0.000447203758119415
3.0212961786710224     0.0011640619824998125
3.1056127736346504     0.0026054834385111064
3.189929368598275     0.004819400847173511
3.2742459635618992     0.007314627820846664
3.3585625585255237     0.009267355189336362
3.4428791534891516     0.009990993086810394
3.527195748452776     0.009333826552987798
3.6115123434164005     0.007873216684611242
3.695828938380025     0.0064555451950304285
3.780145533343653     0.005502280608153906
3.8644621283072773     0.0050011806656702785
3.9487787232709017     0.004834362218981401
4.033095318234526     0.004841059420730268
4.117411913198154     0.004830158339665629
4.201728508161779     0.004759082411220694
4.286045103125403     0.00477851098261743
4.370361698089027     0.005069034162863308
4.454678293052655     0.005758828812677085
4.53899488801628     0.006642439136869674
4.623311482979904     0.006859431704130061
4.707628077943529     0.0056496220403092715
4.791944672907157     0.003477253677248566
4.876261267870781     0.0015529916926111309
4.9605778628344055     0.0004971194903789976
5.04489445779803     0.00011347626225358447
5.129211052761658     1.843321736939228e-05
5.213527647725282     2.1289885308487414e-06
5.297844242688907     1.7475421255157823e-07
5.382160837652531     1.0190505917585153e-08
5.466477432616159     4.2195379524295414e-10
5.550794027579784     1.2398039936617452e-11
5.635110622543408     2.5829059006122193e-13
5.719427217507032     3.811748317448757e-15
5.803743812470657     3.9806771109482976e-17
5.888060407434285     2.938661783254241e-19
5.972377002397909     1.5319696435997274e-21
6.056693597361534     5.704906210484413e-24
6.141010192325158     3.7694123631358164e-23
6.225326787288786     1.4059176283316932e-20
6.3096433822524105     3.676530448818296e-18
6.393959977216035     6.738143086846822e-16
6.478276572179659     8.654979888188663e-14
6.562593167143287     7.791403095801072e-12
6.646909762106912     4.915741958353726e-10
6.731226357070536     2.1736335693138272e-08
6.815542952034161     6.736086291572361e-07
6.899859546997789     1.4630316270163247e-05
6.984176141961413     0.00022270349692684373
7.068492736925037     0.002375944829548525
7.152809331888662     0.017766936692811583
7.23712592685229     0.0931462636284544
7.321442521815914     0.3426793993323701
7.405759116779539     0.8875568137252312
7.490075711743163     1.637495602324019
7.574392306706791     2.240773462839898
7.6587089016704155     2.5562324373962375
7.74302549663404     2.9584400519076826
7.827342091597664     3.6593882494155077
7.911658686561292     4.077896007701678
7.995975281524917     3.542959630792644
8.080291876488541     2.269006737758103
8.164608471452166     1.0523250143894165
8.248925066415794     0.35288786479627177
8.333241661379418     0.10063640719570087
8.417558256343042     0.10523672242689402
8.501874851306667     0.34267687289921267
8.586191446270295     0.8973534707723677
8.67050804123392     1.670205829326498
8.754824636197544     2.2540817283764953
8.839141231161168     2.385138814865676
8.923457826124796     2.361673503299687
9.00777442108842     2.577371347167654
9.092091016052045     2.9805700507341326
9.17640761101567     3.425011086582932
9.260724205979297     3.938274067787976
9.345040800942922     4.271681001912613
9.429357395906546     3.9068459063708083
9.51367399087017     2.785365622937523
9.597990585833799     1.4882039420551707
9.682307180797423     0.5833209004885762
9.766623775761047     0.16537323767702555
9.850940370724672     0.03356440989842199
9.9352569656883     0.004841377296528098
10.019573560651924     0.0004938085442119252
10.103890155615549     3.5498765190294846e-05
10.188206750579173     1.794784216063235e-06
10.272523345542801     6.373462298830261e-08
10.356839940506426     1.5883323309858432e-09
10.44115653547005     2.7764294114971313e-11
10.525473130433674     3.406826497268673e-13
10.609789725397302     4.19633646265763e-14
10.694106320360927     2.858975275377281e-12
10.778422915324551     1.4674152609840602e-10
10.862739510288176     5.278884336680384e-09
10.9470561052518     1.3310204289312024e-07
11.031372700215424     2.3523137384907243e-06
11.115689295179049     2.9140435641676713e-05
11.20000589014268     0.0002530601365478127
11.284322485106305     0.0015408027470531918
11.36863908006993     0.006579995891022317
11.452955675033554     0.019729984247070495
11.537272269997178     0.041692275421622654
11.621588864960803     0.06293894175038811
11.705905459924427     0.07127154632730967
11.790222054888051     0.06982228027236481
11.874538649851683     0.07380294165120152
11.958855244815307     0.0864442223415996
12.043171839778932     0.09512980235143884
12.127488434742556     0.09069440705973059
12.21180502970618     0.07718440998716425
12.296121624669805     0.07822807405323332
12.38043821963343     0.1673271354066294
12.464754814597054     0.4959692527971966
12.549071409560685     1.2154776716060467
12.63338800452431     2.2676795383669637
12.717704599487934     3.345373669993781
12.802021194451559     4.24688697897653
12.886337789415183     5.107389736025605
12.970654384378808     5.98067406454507
13.054970979342432     6.433336252551402
13.139287574306056     6.020968675045497
13.223604169269688     4.905520769205889
13.307920764233312     3.6298344656777446
13.392237359196937     2.6672648002716968
13.476553954160561     2.283053282947879
13.560870549124186     2.3917737830868955
13.64518714408781     2.526704417335582
13.729503739051435     2.2668815931827666
13.813820334015059     1.7408626942165515
13.89813692897869     1.4791237397004506
13.982453523942315     1.800633896609619
14.06677011890594     2.6121311080256513
14.151086713869564     3.7612923189647507
14.235403308833188     5.121231938481976
14.319719903796813     6.2178342873438925
14.404036498760437     6.500953954155015
14.488353093724061     6.12761663777768
14.572669688687693     5.7198579170425035
14.656986283651317     5.531567874604006
14.741302878614942     5.376173794257607
14.825619473578566     4.970637011217031
14.90993606854219     4.178018111030063
14.994252663505815     3.1859992258725516
15.07856925846944     2.4359244016391797
15.162885853433064     2.3035259524384424
15.247202448396695     2.7390701965181687
15.33151904336032     3.130170681838594
15.415835638323944     2.8176950819744984
15.500152233287569     1.856823769900633
15.584468828251193     0.8794266622627589
15.668785423214818     0.31094013806131504
15.753102018178442     0.1340301805616534
15.837418613142066     0.20319372985422118
15.921735208105698     0.4308084455456551
16.006051803069322     0.7252653177124379
16.090368398032947     0.9449204263400478
16.17468499299657     0.9778921687945207
16.259001587960196     0.8467808682805875
16.34331818292382     0.7227370015785719
16.427634777887445     0.7912530593340206
16.51195137285107     1.0612861121965098
16.596267967814693     1.353390420649246
16.680584562778325     1.50652786973211
16.76490115774195     1.514112537251437
16.849217752705574     1.4149346574258912
16.933534347669198     1.1786066589339743
17.017850942632823     0.8093952194716949
17.102167537596447     0.4544655470697231
17.18648413256007     0.28594299906155884
17.270800727523696     0.34279362855744555
17.355117322487327     0.524248127761858
17.439433917450952     0.6910289068702735
17.523750512414576     0.783557637748991
17.6080671073782     0.8345190640773528
17.692383702341825     0.8620021183307517
17.77670029730545     0.8161705578139251
17.861016892269074     0.6603959597898564
17.9453334872327     0.4601619898009033
18.02965008219633     0.3416848925715213
18.113966677159954     0.3719289396029971
18.19828327212358     0.5213571437207318
18.282599867087203     0.7328638565539694
18.366916462050828     0.9729975040240282
18.451233057014452     1.1980301497309547
18.535549651978076     1.3151112573085073
18.6198662469417     1.2284315486102515
18.704182841905332     0.9346333422983895
18.788499436868957     0.5562683896754922
18.87281603183258     0.25013014600733674
18.957132626796206     0.08275165714202104
19.04144922175983     0.019780689503140443
19.125765816723455     0.003376976612078093
19.21008241168708     0.0004088179234664744
19.294399006650703     3.49426321964014e-05
19.378715601614335     2.1134341376739803e-06
19.46303219657796     3.17916539217268e-07
19.547348791541584     3.5348787951267535e-06
19.631665386505208     3.848751816657614e-05
19.715981981468833     0.0002970234140399552
19.800298576432457     0.0016301594558555392
19.88461517139608     0.006400259357232211
19.968931766359706     0.018135945681710626
20.053248361323337     0.03759763591542453
20.137564956286962     0.05819057500530195
20.221881551250586     0.0690544688097641
20.30619814621421     0.0645075701930346
20.390514741177835     0.048037202128284995
20.47483133614146     0.0283050775114905
20.559147931105084     0.013403208572658476
20.64346452606871     0.007264594998221026
20.72778112103234     0.009934789166879811
20.812097715995964     0.01886929932490087
20.89641431095959     0.029115157527962246
20.980730905923213     0.03778688723685507
21.065047500886838     0.04987826245283114
21.149364095850462     0.07012227151962859
21.233680690814086     0.08796909483843915
21.317997285777707     0.08516105521579641
