-21.37173977021063     0.0012179656359077482
-21.287423175247007     0.001651044402499274
-21.203106580283382     0.002053554758995853
-21.118789985319754     0.0030743496132052237
-21.03447339035613     0.0056153439484253305
-20.950156795392505     0.009572425094167482
-20.86584020042888     0.01324029471031736
-20.781523605465253     0.014846542927409875
-20.69720701050163     0.01458846263714473
-20.612890415538004     0.01406309512480663
-20.52857382057438     0.013771413062459787
-20.44425722561075     0.012663596965855797
-20.359940630647127     0.010272544872591952
-20.275624035683503     0.00804970317120384
-20.19130744071988     0.008838049303361318
-20.10699084575625     0.015403541017345396
-20.022674250792626     0.027032580831731275
-19.938357655829     0.03659425952456103
-19.854041060865377     0.0358276713751565
-19.76972446590175     0.025328322910341754
-19.685407870938125     0.013803887883268662
-19.6010912759745     0.007859382956140616
-19.516774681010876     0.007657311373976552
-19.432458086047248     0.010329029242918182
-19.348141491083624     0.014272703179146029
-19.26382489612     0.022197974563985
-19.179508301156375     0.03958905288122993
-19.09519170619275     0.06467229267524291
-19.010875111229122     0.08170705747066886
-18.926558516265498     0.07554415597570685
-18.842241921301873     0.05106729143248283
-18.757925326338245     0.026118576058524638
-18.67360873137462     0.011024529534191838
-18.589292136410997     0.004530874679853074
-18.504975541447372     0.002121006525609982
-18.420658946483748     0.0010780600392812634
-18.33634235152012     0.0005006363072026411
-18.252025756556495     0.00018871652243949844
-18.16770916159287     5.464531044365188e-05
-18.083392566629243     1.1827555736232307e-05
-17.99907597166562     1.8813283378358698e-06
-17.914759376701994     2.172382843130002e-07
-17.83044278173837     1.8043804369684707e-08
-17.746126186774745     1.0707733605918123e-09
-17.661809591811117     4.5175466403561464e-11
-17.577492996847493     1.350177266519874e-12
-17.49317640188387     2.851216692381941e-14
-17.408859806920244     4.246060601854725e-16
-17.324543211956616     4.452814697511568e-18
-17.24022661699299     3.2847565659721087e-20
-17.155910022029367     1.7030636078289873e-22
-17.071593427065743     6.202114686681395e-25
-16.98727683210212     1.5856784651742244e-27
-16.90296023713849     2.8450528709172884e-30
-16.818643642174866     3.5812626464881946e-33
-16.73432704721124     3.1619299911929004e-36
-16.650010452247614     1.957765349882739e-39
-16.56569385728399     8.499646144976784e-43
-16.481377262320365     2.587175831491885e-46
-16.39706066735674     5.520768676773546e-50
-16.312744072393116     8.258353342421998e-54
-16.228427477429488     8.659360749704638e-58
-16.144110882465863     6.364786300969095e-62
-16.05979428750224     7.659002552040925e-62
-15.975477692538613     1.1651936099562807e-57
-15.891161097574987     1.2424165945423483e-53
-15.806844502611362     9.284565040359735e-50
-15.722527907647738     4.862748566585532e-46
-15.638211312684112     1.7849628357146162e-42
-15.553894717720485     4.592038111414438e-39
-15.469578122756861     8.279680427414308e-36
-15.385261527793237     1.0463039817250962e-32
-15.30094493282961     9.267131100869125e-30
-15.216628337865984     5.752898157774693e-27
-15.13231174290236     2.5032200097325996e-24
-15.047995147938735     7.635001655687403e-22
-14.963678552975109     1.632523721515508e-19
-14.879361958011483     2.447471663383958e-17
-14.795045363047858     2.5733069051472107e-15
-14.710728768084234     1.898254457377126e-13
-14.626412173120608     9.83071442865786e-12
-14.542095578156983     3.5779435667013703e-10
-14.457778983193357     9.166949308150603e-09
-14.373462388229733     1.657755950502384e-07
-14.289145793266108     2.1249720929371394e-06
-14.204829198302482     1.943254255463858e-05
-14.120512603338856     0.0001279759373457538
-14.036196008375232     0.0006145652831492834
-13.951879413411607     0.0021830118773891265
-13.86756281844798     0.0058091722424439595
-13.783246223484355     0.011656796729715382
-13.69892962852073     0.01759440253635989
-13.614613033557106     0.019773542160088604
-13.53029643859348     0.016323817851854786
-13.445979843629853     0.009773748494464453
-13.361663248666229     0.00421661192912157
-13.277346653702605     0.0013946356455759553
-13.193030058738978     0.0007509050254244125
-13.108713463775354     0.0015663533446409112
-13.024396868811728     0.004034320439023406
-12.940080273848103     0.00984296842215137
-12.855763678884477     0.023155149106919015
-12.771447083920853     0.05189972843938633
-12.687130488957227     0.1270191615549077
-12.602813893993602     0.38377280509497486
-12.518497299029976     1.1466167888598442
-12.434180704066351     2.684226000764995
-12.349864109102725     4.527181499035526
-12.2655475141391     5.386998075754419
-12.181230919175475     4.50104481867172
-12.09691432421185     2.638331105983654
-12.012597729248224     1.0886950335631098
-11.9282811342846     0.34648302729664215
-11.843964539320973     0.24437630208382974
-11.759647944357349     0.7009875852399822
-11.675331349393723     1.920771400504803
-11.591014754430098     3.969302384605781
-11.506698159466472     6.428752937327889
-11.422381564502848     8.885867741749564
-11.338064969539221     11.567083468318629
-11.253748374575597     14.78748369422537
-11.16943177961197     18.061965836100992
-11.085115184648346     20.678540156892268
-11.00079858968472     22.874705240227854
-10.916481994721096     25.423215800879248
-10.83216539975747     28.302535345938416
-10.747848804793845     30.865216027966103
-10.663532209830219     32.91861104265947
-10.579215614866595     34.332795268504334
-10.49489901990297     33.79093957971557
-10.410582424939344     29.456849254040502
-10.32626582997572     21.516381624031656
-10.241949235012093     12.89313644027977
-10.157632640048469     6.64757527168598
-10.073316045084843     3.5017994100965684
-9.988999450121218     2.254904363997124
-9.904682855157592     1.6062633783238567
-9.820366260193968     1.0325049468247418
-9.736049665230341     0.5473511876410171
-9.651733070266717     0.26139876465949163
-9.56741647530309     0.1816423893722152
-9.483099880339466     0.22239580968617792
-9.39878328537584     0.28440280655848366
-9.314466690412216     0.31049379871899496
-9.23015009544859     0.2993910973250396
-9.145833500484965     0.2871986785548428
-9.061516905521339     0.31240943054386683
-8.977200310557715     0.376865223575789
-8.892883715594088     0.4290766985674685
-8.808567120630464     0.40509633622882607
-8.724250525666838     0.3018372898225262
-8.639933930703213     0.1863157814013097
-8.555617335739587     0.12248190383112195
-8.471300740775963     0.116090352737726
-8.386984145812336     0.12820967268574032
-8.302667550848712     0.1209459365148174
-8.218350955885086     0.09530479006268178
-8.134034360921461     0.10066792320956104
-8.049717765957835     0.23270157601212363
-7.965401170994211     0.6202897123423913
-7.8810845760305845     1.3273455168057207
-7.79676798106696     2.2117801815902385
-7.712451386103336     2.968448421331505
-7.6281347911397095     3.3448595691839804
-7.543818196176085     3.2838881570975342
-7.459501601212459     2.9664400848483985
-7.375185006248834     2.672931045428557
-7.290868411285208     2.4370869069340095
-7.206551816321584     2.028479583548155
-7.122235221357958     1.3796245820251123
-7.037918626394333     0.7316726698549537
-6.953602031430707     0.3188577002185382
-6.869285436467083     0.160694119257498
-6.784968841503456     0.1604238878781346
-6.700652246539832     0.22795418588080227
-6.616335651576206     0.28760527575733236
-6.532019056612581     0.2779000617702198
-6.447702461648955     0.1967616979021384
-6.363385866685331     0.10151966713838301
-6.2790692717217045     0.043040245412004574
-6.19475267675808     0.03027856221190392
-6.110436081794454     0.04905332817787191
-6.026119486830829     0.07896378814792705
-5.941802891867203     0.09657193770052647
-5.857486296903579     0.08788577371047926
-5.773169701939953     0.06094909439664236
-5.688853106976328     0.03596765440590929
-5.604536512012702     0.025938023790206037
-5.5202199170490776     0.03240111488647298
-5.435903322085451     0.05344515909141127
-5.351586727121827     0.09404313051325489
-5.2672701321582025     0.17273588901485995
-5.182953537194578     0.29720466477203134
-5.09863694223095     0.41367219577354525
-5.014320347267326     0.4291302358897977
-4.930003752303701     0.32468023281636454
-4.845687157340077     0.1895487082515395
-4.761370562376449     0.12753615583652902
-4.677053967412824     0.20368111887223297
-4.5927373724492     0.4559858281556
-4.508420777485576     0.8290270157252017
-4.424104182521948     1.1005432442518934
-4.339787587558323     1.0641489996994877
-4.255470992594699     0.832802337172771
-4.171154397631074     0.7811629478301294
-4.086837802667446     1.1241168098737058
-4.002521207703822     1.6157548233174694
-3.9182046127401975     1.7569917225288103
-3.833888017776573     1.3675496016698387
-3.749571422812945     0.7704506481720831
-3.6652548278493207     0.348049202649568
-3.5809382328856962     0.1942137179342396
-3.496621637922072     0.21880153824637516
-3.412305042958444     0.3348977340086008
-3.3279884479948194     0.49171869009517627
-3.243671853031195     0.6685362341008239
-3.1593552580675706     0.9754219256987514
-3.0750386631039426     1.7410284820202298
-2.990722068140318     3.285320633562164
-2.9064054731766937     5.505805161723311
-2.8220888782130693     7.907677509031816
-2.7377722832494413     10.120336555045352
-2.653455688285817     12.107785310847595
-2.5691390933221925     13.824061421303462
-2.484822498358568     14.950243649525456
-2.4005059033949436     15.159915371149166
-2.3161893084313157     14.578471272748818
-2.2318727134676912     13.75671702657275
-2.147556118504067     13.256903674300586
-2.0632395235404424     13.498554460191734
-1.9789229285768144     14.669844434434168
-1.89460633361319     16.381392173105215
-1.8102897386495655     17.79784102770355
-1.7259731436859411     18.425189351100343
-1.6416565487223131     18.28250900374069
-1.5573399537586887     17.537297527911875
-1.4730233587950643     16.896665989980445
-1.3887067638314399     17.76197621936755
-1.304390168867812     20.839262666721993
-1.2200735739041875     25.07044875915622
-1.135756978940563     28.95678470599524
-1.0514403839769386     32.58116953222525
-0.9671237890133106     37.385621182903115
-0.8828071940496862     44.10968238676681
-0.7984905990860618     51.81914607025905
-0.7141740041224374     59.04194579282673
-0.6298574091588094     64.92654491561672
-0.545540814195185     68.9663738902198
-0.46122421923156054     70.57632668573002
-0.3769076242679361     69.51453622984943
-0.29259102930430814     66.03994306470877
-0.2082744343406837     60.23336797585247
-0.12395783937705929     51.68979966206428
-0.03964124441343486     40.674204920693526
0.044675350550193116     29.311834258739786
0.12899194551381754     20.097699248731754
0.21330854047744197     13.481189227866432
0.2976251354410664     8.447357999922163
0.3819417304046908     4.530113095532873
0.4662583253683188     1.941786782600504
0.5505749203319432     0.6395487819090392
0.6348915152955676     0.16415656374277138
0.7192081102591921     0.07327804869813975
0.80352470522282     0.2089175928920183
0.8878413001864445     0.6650489135455075
0.9721578951500689     1.5420019520729358
1.0564744901136933     2.6207590536565393
1.1407910850773213     3.3915401100674725
1.2251076800409457     3.5049920088182667
1.3094242750045701     2.9786338369290544
1.3937408699681946     2.0516623136594654
1.4780574649318226     1.0950273552857097
1.562374059895447     0.43349797222054787
1.6466906548590714     0.12373290721989083
1.7310072498226958     0.025083388632060378
1.8153238447863238     0.003585435814453634
1.8996404397499482     0.00036016583198962343
1.9839570347135727     2.5387132313579956e-05
2.068273629677197     1.2548307879214709e-06
2.152590224640825     4.38697608848266e-08
2.2369068196044495     1.716366917913625e-08
2.321223414568074     4.655053173695241e-07
2.4055400095316983     9.431499114645125e-06
2.4898566044953263     0.00013404375036333988
2.5741731994589507     0.0013375720864833055
2.658489794422575     0.009390053639595046
2.7428063893861996     0.04657601292412209
2.8271229843498276     0.16471792362320334
2.911439579313452     0.4231938276398869
2.9957561742770764     0.8190137390833631
3.080072769240701     1.268724730831041
3.1643893642043253     1.7019757370769804
3.2487059591679532     2.125772405187968
3.3330225541315777     2.6035241882412326
3.417339149095202     3.205923923464413
3.5016557440588265     3.8988230381521882
3.5859723390224545     4.535077243675277
3.670288933986079     5.028349393656741
3.7546055289497033     5.356633123481216
3.8389221239133278     5.430328830910178
3.9232387188769557     5.188018274433755
4.00755531384058     4.757305053218308
4.091871908804205     4.382505406289144
4.176188503767829     4.243131374585719
4.260505098731457     4.358691814610566
4.344821693695081     4.561607119126305
4.429138288658706     4.608100946944572
4.51345488362233     4.446411515310134
4.597771478585958     4.197857131659295
4.682088073549583     3.7853522637699237
4.766404668513207     2.9681770119685282
4.8507212634768315     1.8421089864145606
4.9350378584404595     0.8549324160018194
5.019354453404084     0.28860389209210136
5.103671048367708     0.0699540837362525
5.187987643331333     0.012097807511751487
5.272304238294961     0.001487477723166926
5.356620833258585     0.0001297301045625227
5.44093742822221     8.011490211952533e-06
5.525254023185834     3.4980604740550685e-07
5.609570618149462     1.0785044300560805e-08
5.693887213113086     2.345315319758147e-10
5.778203808076711     3.5935942531803752e-12
5.862520403040335     3.8763756911669814e-14
5.94683699800396     2.941477377516296e-16
6.031153592967588     1.569172459331887e-18
6.115470187931212     5.8817668490995616e-21
6.1997867828948365     1.554251280569512e-23
6.284103377858461     2.1879837804865715e-23
6.368419972822089     5.713853535248054e-21
6.452736567785713     1.0471436754151062e-18
6.537053162749338     1.3449533459480033e-16
6.621369757712962     1.2106871931194597e-14
6.70568635267659     7.638014809987998e-13
6.790002947640215     3.3771705152598433e-11
6.874319542603839     1.0465256291697366e-09
6.9586361375674635     2.272860009017813e-08
7.042952732531091     3.4596082454327294e-07
7.127269327494716     3.690897805274783e-06
7.21158592245834     2.760307747144163e-05
7.295902517421965     0.00014479526824663202
7.380219112385593     0.0005338734870376486
7.464535707349217     0.0013943500348194266
7.5488523023128415     0.0026526188458375548
7.633168897276466     0.004020944073669534
7.717485492240094     0.005894418397765611
7.801802087203718     0.009536730587457652
7.886118682167343     0.014846976613522354
7.970435277130967     0.018582665326367587
8.054751872094595     0.017271812790609593
8.13906846705822     0.011621231454869825
8.223385062021844     0.005607581923074564
8.307701656985468     0.00193307982507377
8.392018251949093     0.0004960262930202438
8.47633484691272     0.0002104290237273052
8.560651441876345     0.0004917392374878482
8.64496803683997     0.001266828982055451
8.729284631803594     0.0023474260794787713
8.813601226767222     0.0031270057120364575
8.897917821730847     0.0031823965714898772
8.982234416694471     0.002918269312403455
9.066551011658095     0.003045260335204506
9.150867606621723     0.0038293929841611445
9.235184201585348     0.005256392848588026
9.319500796548972     0.007041242117456078
9.403817391512597     0.008169593945195777
9.488133986476225     0.007540183173299825
9.572450581439849     0.005306779271428562
9.656767176403473     0.0027879516964941205
9.741083771367098     0.0010770598259225034
9.825400366330726     0.00030209195189363807
9.90971696129435     6.08630502084203e-05
9.994033556257975     8.736530306209723e-06
10.0783501512216     8.883369566479203e-07
10.162666746185227     6.373471569476985e-08
10.246983341148852     3.2183568364349434e-09
10.331299936112476     1.1419690029867084e-10
10.4156165310761     2.8444607155163337e-12
10.499933126039728     4.970536174767401e-14
10.584249721003353     6.560857669929417e-16
10.668566315966977     4.949133620791703e-15
10.752882910930602     3.657661764445877e-13
10.837199505894226     1.9053985541628916e-11
10.92151610085785     7.003166300125558e-10
11.005832695821475     1.8210876223128433e-08
11.090149290785106     3.3626597664109737e-07
11.174465885748731     4.4294091082849824e-06
11.258782480712355     4.184576329578008e-05
11.34309907567598     0.0002851402923680367
11.427415670639604     0.0014086409418785615
11.511732265603229     0.005064217809662679
11.596048860566853     0.01327921203365209
11.680365455530477     0.025475318135436548
11.764682050494109     0.03626290316650099
11.848998645457733     0.040664982735283225
11.933315240421358     0.04304064567569712
12.017631835384982     0.05437284823922981
12.101948430348607     0.07667521606024978
12.186265025312231     0.09546972309997924
12.270581620275856     0.09428501327766867
12.35489821523948     0.07370229812134702
12.439214810203111     0.04855457522070928
12.523531405166736     0.03149137664219928
12.60784800013036     0.02801953017749129
12.692164595093985     0.0401455401466692
12.77648119005761     0.06501385903130191
12.860797785021234     0.09321556053119494
12.945114379984858     0.11463525068799567
13.029430974948482     0.12431268220440865
13.113747569912114     0.12072787561976764
13.198064164875738     0.10505251386324521
13.282380759839363     0.08384156936457943
13.366697354802987     0.06646572525932397
13.451013949766612     0.059378503412294295
13.535330544730236     0.06276037679868005
13.61964713969386     0.07075139905279307
13.703963734657485     0.07556582535881688
13.78828032962111     0.07342357215168673
13.872596924584741     0.06796945336274379
13.956913519548365     0.06531487439477238
14.04123011451199     0.06704267230227415
14.125546709475614     0.07416437698892682
14.209863304439239     0.09168509057877063
14.294179899402863     0.11765135575287036
14.378496494366487     0.13541380520383722
14.462813089330112     0.13256555847895385
14.547129684293743     0.11937699338962766
14.631446279257368     0.11411071247368516
14.715762874220992     0.11993518908889193
14.800079469184617     0.12372540779821377
14.884396064148241     0.11163287353260207
14.968712659111866     0.08550301719480503
15.05302925407549     0.06196528067043051
15.137345849039114     0.05432165786114693
15.221662444002746     0.06091872189584157
15.30597903896637     0.0702364192109541
15.390295633929995     0.07215194328646386
15.47461222889362     0.06403474328649489
15.558928823857244     0.04910103125539776
15.643245418820868     0.032186008388021756
15.727562013784492     0.017637569542528413
15.811878608748117     0.008335171648813594
15.896195203711748     0.0047064940326492265
15.980511798675373     0.0054138877403868265
16.064828393638997     0.009288990335515395
16.14914498860262     0.015744868398968215
16.233461583566246     0.022769262643349702
16.31777817852987     0.0260568870621412
16.402094773493495     0.02296266872610463
16.48641136845712     0.01631902036020812
16.570727963420744     0.011199394912924866
16.655044558384375     0.009389629008678776
16.739361153348     0.00926848832113155
16.823677748311624     0.009070481762001105
16.90799434327525     0.008342829467018321
16.992310938238873     0.007317093391631397
17.076627533202497     0.006315399681689947
17.160944128166122     0.005521523106926784
17.245260723129746     0.004850039680853311
17.329577318093378     0.004384312819858848
17.413893913057002     0.004603178886511914
17.498210508020627     0.005730589454626701
17.58252710298425     0.007379829668101892
17.666843697947876     0.008910381301861073
17.7511602929115     0.009696652644516239
17.835476887875124     0.009186384276982117
17.91979348283875     0.007276021538003337
18.00411007780238     0.004796192919613401
18.088426672766005     0.003052846357233376
18.17274326772963     0.0027136433452260135
18.257059862693254     0.003615009899812343
18.341376457656878     0.005397367473321065
18.425693052620502     0.007494429099318785
18.510009647584127     0.008745073778043037
18.59432624254775     0.008155100281182106
18.678642837511383     0.006033656858528173
18.762959432475007     0.0035949877340518254
18.84727602743863     0.001743094571742615
18.931592622402256     0.0006789900625126302
19.01590921736588     0.00020564609132559534
19.100225812329505     4.673716610518709e-05
19.18454240729313     7.75731103171703e-06
19.268859002256754     9.242113055404274e-07
19.35317559722038     7.825477820145458e-08
19.43749219218401     4.946796323154622e-09
19.521808787147634     6.242514659845946e-09
19.60612538211126     9.793715744886048e-08
19.690441977074883     1.1363861002824825e-06
19.774758572038508     9.497600782869153e-06
19.859075167002132     5.755410725834649e-05
19.943391761965756     0.00025504612362766576
20.02770835692938     0.0008360483289185666
20.112024951893012     0.0020582747513019557
20.196341546856637     0.0038722925830201533
20.28065814182026     0.005645210607786342
20.364974736783886     0.00639517439975937
20.44929133174751     0.005565406266019756
20.533607926711134     0.003648373757359296
20.61792452167476     0.001791797830045232
20.702241116638383     0.0007694484072714679
20.786557711602015     0.0006217006585974527
20.87087430656564     0.001026745508541823
20.955190901529264     0.0016380746611483052
21.039507496492888     0.0024188007441826817
21.123824091456513     0.0038579463720996637
21.208140686420137     0.006174201886372704
21.29245728138376     0.00816344842752936
21.376773876347386     0.008038988462836271
