-21.430516360780313     2.4116337139426762
-21.34619976581669     2.7768682857855644
-21.261883170853064     2.902794651655666
-21.177566575889436     3.6269178430082194
-21.093249980925812     5.773444986099341
-21.008933385962187     9.020153029800097
-20.924616790998563     11.781406468949836
-20.840300196034935     12.605331743074297
-20.75598360107131     11.534119424580172
-20.671667006107686     9.872138354371636
-20.58735041114406     8.718875047580628
-20.503033816180434     8.066943139843117
-20.41871722121681     7.467614169272766
-20.334400626253185     6.925287743920142
-20.25008403128956     6.671890212670117
-20.165767436325932     6.711158772217635
-20.081450841362308     6.954718909288738
-19.997134246398684     7.22077245998763
-19.91281765143506     7.214607643420342
-19.82850105647143     7.014839394628032
-19.744184461507807     7.011784909894569
-19.659867866544182     7.229960632066158
-19.575551271580558     7.365114967745195
-19.49123467661693     7.262027720951194
-19.406918081653306     6.990822153125638
-19.32260148668968     6.840847685771806
-19.238284891726057     7.345905062748188
-19.15396829676243     8.835099086521836
-19.069651701798804     10.754683586674108
-18.98533510683518     11.772005549078028
-18.901018511871555     10.951842918972353
-18.816701916907927     8.781003107209912
-18.732385321944303     6.642436432676215
-18.64806872698068     5.3053749618037
-18.563752132017054     4.3673138082705005
-18.479435537053426     3.1962787658089526
-18.395118942089802     1.8490299568104507
-18.310802347126177     0.7992499324379377
-18.226485752162553     0.25195499351602546
-18.142169157198925     0.05725937456431785
-18.0578525622353     0.0093207532107285
-17.973535967271676     0.0010822853620309277
-17.88921937230805     8.938226287514656e-05
-17.804902777344424     5.238619630450118e-06
-17.7205861823808     2.1750270660947102e-07
-17.636269587417175     6.38773082410463e-09
-17.55195299245355     1.3252715986332169e-10
-17.467636397489922     1.940227739783767e-12
-17.383319802526298     2.002457789847459e-14
-17.299003207562674     1.4556720735311708e-16
-17.21468661259905     7.447804778369707e-19
-17.13037001763542     2.680257494886476e-21
-17.046053422671797     6.780578922522079e-24
-16.961736827708172     1.2052935430621152e-26
-16.877420232744548     1.5048024353749153e-29
-16.793103637780924     1.3191024710618554e-32
-16.708787042817296     8.116429370139319e-36
-16.62447044785367     3.504562567944202e-39
-16.540153852890047     1.0616874518656876e-42
-16.45583725792642     2.2562102476018265e-46
-16.371520662962794     3.3629497058547184e-50
-16.28720406799917     3.5153374660457893e-54
-16.202887473035545     2.576786303687856e-58
-16.11857087807192     3.3221656577476204e-59
-16.034254283108293     5.0523365133784925e-55
-15.949937688144669     5.387172953686546e-51
-15.865621093181044     4.0258210066406813e-47
-15.781304498217418     2.1084995116035217e-43
-15.696987903253792     7.739608320828413e-40
-15.612671308290167     1.991096634786744e-36
-15.528354713326543     3.590011160526525e-33
-15.444038118362917     4.5366242276161006e-30
-15.35972152339929     4.0179885736686275e-27
-15.275404928435666     2.4942026438730728e-24
-15.191088333472042     1.0852124444341943e-21
-15.106771738508415     3.309617328554849e-19
-15.02245514354479     7.07541604739457e-17
-14.938138548581165     1.0604401634280922e-14
-14.85382195361754     1.1144404805817761e-12
-14.769505358653914     8.214563135871867e-11
-14.685188763690288     4.248725079978588e-09
-14.600872168726664     1.5430454353873483e-07
-14.51655557376304     3.9392817302860745e-06
-14.432238978799413     7.081354872493085e-05
-14.347922383835787     0.0008987415420825006
-14.263605788872162     0.008086262419560954
-14.179289193908538     0.051891302081831694
-14.094972598944912     0.2395507255527452
-14.010656003981286     0.8044021037053277
-13.926339409017661     1.9895009036364268
-13.842022814054037     3.6648129570824635
-13.75770621909041     5.059167815597759
-13.673389624126784     5.22778904306828
-13.58907302916316     4.012215907800438
-13.504756434199535     2.2623715676178233
-13.42043983923591     0.9345396354577521
-13.336123244272285     0.32675664003201743
-13.251806649308659     0.2852232204766788
-13.167490054345034     0.6860702954371938
-13.083173459381408     1.4595402060043694
-12.998856864417784     2.4122616721383325
-12.914540269454157     3.442058072015831
-12.830223674490533     4.724151731011868
-12.745907079526907     6.024507134025944
-12.661590484563282     6.3013074895692744
-12.577273889599656     4.964374588292669
-12.492957294636032     2.8615766584122495
-12.408640699672405     1.2245817685514901
-12.324324104708781     0.4231996619817317
-12.240007509745155     0.14227794113598435
-12.15569091478153     0.052232664462256176
-12.071374319817904     0.01818604033070586
-11.98705772485428     0.006040591856805453
-11.902741129890654     0.0068374992028580744
-11.81842453492703     0.02159779387470894
-11.734107939963403     0.05708249187799081
-11.649791344999779     0.11385002898900012
-11.565474750036152     0.18426747997751697
-11.481158155072528     0.27838555661525366
-11.396841560108902     0.43059194641495135
-11.312524965145277     0.6362455662624731
-11.228208370181651     0.8171860034037823
-11.143891775218027     0.9221535385928401
-11.0595751802544     1.0172925037765463
-10.975258585290776     1.2166343432576896
-10.89094199032715     1.5911764603987604
-10.806625395363525     2.148911354620898
-10.7223088003999     2.762587747431775
-10.637992205436275     3.1677410291911823
-10.55367561047265     3.208368421912245
-10.469359015509024     2.9924360419559504
-10.3850424205454     2.823638822369843
-10.300725825581774     3.1465461898281104
-10.216409230618149     4.153087492788716
-10.132092635654523     5.194327011734002
-10.047776040690898     5.244548448560158
-9.963459445727272     4.113216772550527
-9.879142850763648     2.6011968128900422
-9.794826255800022     1.6462508662135669
-9.710509660836397     1.7538796055250787
-9.626193065872771     2.851297150553709
-9.541876470909147     4.343917899925938
-9.45755987594552     5.677833758671648
-9.373243280981896     7.035410454354869
-9.28892668601827     9.166127883846244
-9.204610091054645     12.593754517373691
-9.12029349609102     17.178438057718424
-9.035976901127395     21.980362901665263
-8.951660306163769     25.125539864814304
-8.867343711200144     24.548361122707128
-8.783027116236518     20.0992775015074
-8.698710521272893     14.5885323360813
-8.614393926309267     11.492939182102244
-8.530077331345643     11.678354341679256
-8.445760736382017     12.98659799260234
-8.361444141418392     13.104795404946668
-8.277127546454766     12.14506826574323
-8.192810951491142     11.576748714059683
-8.108494356527515     11.803802609524723
-8.024177761563891     12.23898687935038
-7.939861166600265     12.523257769788964
-7.85554457163664     12.467319478733863
-7.771227976673014     11.639319697412024
-7.68691138170939     9.673217960243448
-7.6025947867457635     6.904811850100402
-7.518278191782139     4.59413892618281
-7.433961596818513     4.10514678210639
-7.3496450018548884     5.692211374055374
-7.265328406891262     8.33227521580445
-7.181011811927638     10.705903980883264
-7.096695216964012     12.007740310342108
-7.012378622000387     11.97088010350371
-6.928062027036761     10.858510027016223
-6.843745432073137     9.37579511106595
-6.75942883710951     8.015661938179043
-6.675112242145886     6.670705789457979
-6.59079564718226     5.041276054150017
-6.506479052218635     3.2223871882899444
-6.422162457255009     1.814764176426622
-6.337845862291385     1.5806512932855483
-6.2535292673277585     3.180383736149653
-6.169212672364134     6.764651863393754
-6.084896077400508     11.047723927358032
-6.000579482436883     13.388031817436453
-5.916262887473257     12.150889933895538
-5.831946292509633     8.637689912888943
-5.747629697546007     5.57178473576537
-5.663313102582382     4.465560806808202
-5.578996507618756     5.289607813546226
-5.494679912655132     7.298596533150544
-5.410363317691505     9.283636986598284
-5.326046722727881     10.356869705674203
-5.2417301277642565     10.801790965531524
-5.157413532800632     10.927210409527015
-5.073096937837004     9.984870203443151
-4.98878034287338     7.630581977507607
-4.904463747909755     4.992107691742252
-4.820147152946131     3.3209417467709033
-4.735830557982503     2.8201766386492726
-4.651513963018878     2.981353926036259
-4.567197368055254     3.227253493103607
-4.48288077309163     3.215237482761885
-4.398564178128002     2.874937474748508
-4.314247583164377     2.3252881371942937
-4.229930988200753     1.808102510328609
-4.145614393237128     1.5402734616069595
-4.0612977982735     1.5342747996715027
-3.976981203309876     1.6356604813401352
-3.8926646083462515     1.6805683317685844
-3.808348013382627     1.5854650868152764
-3.724031418418999     1.4168696408932873
-3.6397148234553747     1.3828221018612226
-3.5553982284917502     1.6449429637770052
-3.471081633528126     2.1390945940839847
-3.386765038564498     2.594495954104202
-3.3024484436008734     2.715341867540727
-3.218131848637249     2.3988898723933954
-3.1338152536736246     1.8035860996055009
-3.0494986587099966     1.2196454930528522
-2.965182063746372     0.8707500243574268
-2.8808654687827477     0.775264213823085
-2.7965488738191233     0.7945823427165399
-2.7122322788554953     0.8208611726135664
-2.627915683891871     0.8661497944558605
-2.5435990889282465     0.9726993737075501
-2.459282493964622     1.121130409099311
-2.374965899000994     1.2808211040109074
-2.2906493040373697     1.4936296457178924
-2.2063327090737452     1.81548121585747
-2.122016114110121     2.15787338688496
-2.037699519146493     2.2913086533826057
-1.9533829241828684     2.0922802397451816
-1.869066329219244     1.687247839478818
-1.7847497342556196     1.2840842789401217
-1.7004331392919916     0.9767592210384233
-1.6161165443283672     0.7650414867553585
-1.5317999493647427     0.6472107205014062
-1.4474833544011183     0.6126823031367796
-1.3631667594374903     0.6056795687095172
-1.278850164473866     0.5646806715290965
-1.1945335695102415     0.47976818537289734
-1.110216974546617     0.380396069614787
-1.025900379582989     0.29019679013334465
-0.9415837846193646     0.21938343951429343
-0.8572671896557402     0.1748394573347179
-0.7729505946921158     0.155555207962524
-0.6886339997284878     0.1512225983344247
-0.6043174047648634     0.15022267592284544
-0.520000809801239     0.14430799257354338
-0.43568421483761455     0.13010847355768518
-0.35136761987398657     0.10970378800463987
-0.26705102491036214     0.08730464425011439
-0.18273442994673772     0.06543510822206304
-0.0984178349831133     0.045553728505532035
-0.014101240019485317     0.029655016203186127
0.07021535494413911     0.018933468327532166
0.15453194990776353     0.012366143242271605
0.23884854487138796     0.007939314240522848
0.3231651398350124     0.004522726260550862
0.40748173479864036     0.0020839411375117673
0.4917983297622648     0.0007354847197412332
0.5761149247258892     0.00022491469150419103
0.6604315196895136     0.0002687572103822499
0.7447481146531416     0.001087692910387543
0.829064709616766     0.0036232929871472634
0.9133813045803905     0.008983327915052611
0.9976978995440149     0.017216583573585083
1.0820144945076429     0.026613665618821135
1.1663310894712673     0.03365392777178519
1.2506476844348917     0.033885693803018944
1.3349642793985161     0.0259673368421312
1.4192808743621441     0.014589334807414159
1.5035974693257685     0.005875020475770111
1.587914064289393     0.0016759284441875662
1.6722306592530174     0.00033676516700332224
1.7565472542166454     4.7543407011093464e-05
1.8408638491802698     4.710072257481954e-06
1.9251804441438942     3.2726882996343743e-07
2.0094970391075186     1.594469610377134e-08
2.0938136340711466     5.461083282100937e-10
2.178130229034771     7.35266384752956e-11
2.2624468239983955     1.7510855369127487e-09
2.34676341896202     3.554310243887371e-08
2.431080013925648     5.062653924639815e-07
2.5153966088892723     5.064891159132188e-06
2.5997132038528967     3.566238715013e-05
2.684029798816521     0.00017744455253025198
2.768346393780149     0.0006291347587233408
2.8526629887437736     0.00161721377406494
2.936979583707398     0.0031218954560959565
3.0212961786710224     0.004827809141388392
3.1056127736346504     0.006554796034141354
3.189929368598275     0.008454679773129307
3.2742459635618992     0.01063441448542899
3.3585625585255237     0.012946593024359212
3.4428791534891516     0.015132176795857606
3.527195748452776     0.017092630712624127
3.6115123434164005     0.019019351749448007
3.695828938380025     0.02077302815317763
3.780145533343653     0.021466437799977478
3.8644621283072773     0.02049346513422374
3.9487787232709017     0.01856823987453976
4.033095318234526     0.01722102466822325
4.117411913198154     0.017495390824246455
4.201728508161779     0.01912998746585873
4.286045103125403     0.020683262519842118
4.370361698089027     0.020656963742608517
4.454678293052655     0.018994959282171205
4.53899488801628     0.016858698964819254
4.623311482979904     0.014494155339545952
4.707628077943529     0.011015858617901192
4.791944672907157     0.006654204914021021
4.876261267870781     0.002998331859689159
4.9605778628344055     0.0009796785143330212
5.04489445779803     0.00022948079146137024
5.129211052761658     3.835607268995323e-05
5.213527647725282     4.564440951713604e-06
5.297844242688907     3.861916089179524e-07
5.382160837652531     2.3204143112784306e-08
5.466477432616159     9.889254530031208e-10
5.550794027579784     2.985863734859859e-11
5.635110622543408     6.378998908590981e-13
5.719427217507032     9.631417541530576e-15
5.803743812470657     1.0265714035292942e-16
5.888060407434285     7.716036801861439e-19
5.972377002397909     4.085979441556498e-21
6.056693597361534     1.523216713802119e-23
6.141010192325158     5.621134558914839e-25
6.225326787288786     1.9483661929838113e-22
6.3096433822524105     5.095053108939005e-20
6.393959977216035     9.337933566063671e-18
6.478276572179659     1.1994347201342884e-15
6.562593167143287     1.0797574993784193e-13
6.646909762106912     6.812392067519889e-12
6.731226357070536     3.012290755993747e-10
6.815542952034161     9.335083119379385e-09
6.899859546997789     2.027515685545035e-07
6.984176141961413     3.086294733658683e-06
7.068492736925037     3.2926545863868595e-05
7.152809331888662     0.0002462183313755319
7.23712592685229     0.0012908203093022195
7.321442521815914     0.0047485357611530745
7.405759116779539     0.012295776197882252
7.490075711743163     0.02266200658444177
7.574392306706791     0.03089155410000991
7.6587089016704155     0.034813882733614965
7.74302549663404     0.03933456017249805
7.827342091597664     0.04745528270377071
7.911658686561292     0.051947712272852345
7.995975281524917     0.044537515595160164
8.080291876488541     0.028205715601533225
8.164608471452166     0.012954946941338568
8.248925066415794     0.0043121728997829855
8.333241661379418     0.0012505860761366167
8.417558256343042     0.0014367518579459604
8.501874851306667     0.004760761218877169
8.586191446270295     0.012480463662841508
8.67050804123392     0.023267377027681623
8.754824636197544     0.03158064422503963
8.839141231161168     0.034004934875682444
8.923457826124796     0.03492216093094347
9.00777442108842     0.03968055034076826
9.092091016052045     0.047179799785859566
9.17640761101567     0.055310742827665356
9.260724205979297     0.06434058421038899
9.345040800942922     0.06978483144556155
9.429357395906546     0.0633655620507399
9.51367399087017     0.044770146063799074
9.597990585833799     0.023727058187926697
9.682307180797423     0.009241558113416145
9.766623775761047     0.002608206138322279
9.850940370724672     0.0005277524136709484
9.9352569656883     7.597252246464937e-05
10.019573560651924     7.739212861924303e-06
10.103890155615549     5.559134059158574e-07
10.188206750579173     2.8092632535530546e-08
10.272523345542801     9.972952549630566e-10
10.356839940506426     2.484898476413685e-11
10.44115653547005     4.3446629603486536e-13
10.525473130433674     2.8012745749993915e-14
10.609789725397302     2.3753298192355133e-12
10.694106320360927     1.744298399628931e-10
10.778422915324551     8.989378501412803e-09
10.862739510288176     3.253211054503478e-07
10.9470561052518     8.27483359803688e-06
11.031372700215424     0.0001481257987245928
11.115689295179049     0.0018694663803863342
11.20000589014268     0.0166769294437355
11.284322485106305     0.10551298175456353
11.36863908006993     0.47558770047767085
11.452955675033554     1.5360873025404802
11.537272269997178     3.5841466805618776
11.621588864960803     6.1308905185233336
11.705905459924427     7.990025539393156
11.790222054888051     8.889734956138334
11.874538649851683     10.615252764156306
11.958855244815307     15.196014718065639
12.043171839778932     21.68808424783937
12.127488434742556     26.02567256944661
12.21180502970618     25.166658742140463
12.296121624669805     20.279740045353144
12.38043821963343     14.603591932090575
12.464754814597054     10.294408056243757
12.549071409560685     8.622945773910786
12.63338800452431     10.419956541351556
12.717704599487934     14.915653135566545
12.802021194451559     19.871307621102588
12.886337789415183     23.429453833189918
12.970654384378808     24.800188258899816
13.054970979342432     23.855381111021558
13.139287574306056     21.63085325492234
13.223604169269688     19.836499390662443
13.307920764233312     18.670138476189262
13.392237359196937     16.96211919715135
13.476553954160561     14.62524637572697
13.560870549124186     13.134569535173679
13.64518714408781     13.664396127030795
13.729503739051435     15.864582193284953
13.813820334015059     18.639285709830446
13.89813692897869     21.231354705164314
13.982453523942315     23.314297220082583
14.06677011890594     25.4580692931206
14.151086713869564     29.495043872055962
14.235403308833188     36.45052589363292
14.319719903796813     44.41493044435854
14.404036498760437     50.40342095709977
14.488353093724061     53.17300439697342
14.572669688687693     52.603848893252646
14.656986283651317     48.63644808676075
14.741302878614942     42.22343981460821
14.825619473578566     35.56429324627354
14.90993606854219     30.72414639656306
14.994252663505815     28.18462248488378
15.07856925846944     26.8462381115235
15.162885853433064     25.627965710788985
15.247202448396695     24.162593192044298
15.33151904336032     21.963867110509444
15.415835638323944     18.57362932720598
15.500152233287569     14.394256390184921
15.584468828251193     10.249994321081111
15.668785423214818     6.957345756089496
15.753102018178442     5.718228017512898
15.837418613142066     7.6247516808181395
15.921735208105698     12.419459993936504
16.006051803069322     18.438128705368655
16.090368398032947     23.829151049238764
16.17468499299657     27.177728381791972
16.259001587960196     27.43024328175473
16.34331818292382     24.996696459181635
16.427634777887445     22.59787888855758
16.51195137285107     22.826041358398207
16.596267967814693     24.82586218219599
16.680584562778325     25.29467384790914
16.76490115774195     22.726767538692798
16.849217752705574     18.634706528069856
16.933534347669198     15.003180244555566
17.017850942632823     12.615691654178377
17.102167537596447     11.206707603493978
17.18648413256007     10.048249638145268
17.270800727523696     9.182295812098644
17.355117322487327     9.795527358359077
17.439433917450952     12.644670538601272
17.523750512414576     16.983520526250803
17.6080671073782     21.227257409477414
17.692383702341825     23.99752301776713
17.77670029730545     24.33506675562943
17.861016892269074     21.576943229410517
17.9453334872327     16.32004280633032
18.02965008219633     11.052383792028893
18.113966677159954     8.272051135063563
18.19828327212358     8.428589891473536
18.282599867087203     10.515656836512404
18.366916462050828     13.464844169521971
18.451233057014452     16.109524526794377
18.535549651978076     16.998064984880088
18.6198662469417     15.223701766329604
18.704182841905332     11.204786657163972
18.788499436868957     6.533818374137143
18.87281603183258     2.907885999171611
18.957132626796206     0.9578769506473466
19.04144922175983     0.22862806053184603
19.125765816723455     0.039016406365418886
19.21008241168708     0.004722848694039753
19.294399006650703     0.00040364977054235536
19.378715601614335     2.5434246193571508e-05
19.46303219657796     2.6213707833051986e-05
19.547348791541584     0.00038899634033763694
19.631665386505208     0.004243652218779545
19.715981981468833     0.03280563601805171
19.800298576432457     0.18044330533900516
19.88461517139608     0.7104021885909355
19.968931766359706     2.019695933177334
20.053248361323337     4.202697424658403
20.137564956286962     6.529194184069938
20.221881551250586     7.7726049453893395
20.30619814621421     7.273911226503339
20.390514741177835     5.417823804511578
20.47483133614146     3.189514547728432
20.559147931105084     1.5089092087811022
20.64346452606871     0.8192427305156833
20.72778112103234     1.123742262971421
20.812097715995964     2.1307893031399656
20.89641431095959     3.261647420180976
20.980730905923213     4.142616591392256
21.065047500886838     5.283961098050623
21.149364095850462     7.25115003059595
21.233680690814086     9.028907877313006
21.317997285777707     8.738434085590272
