-21.430516360780313     6.939029865500537
-21.34619976581669     7.9123616658481115
-21.261883170853064     8.041170638475872
-21.177566575889436     9.483276261328745
-21.093249980925812     14.417591223218606
-21.008933385962187     22.334351395333115
-20.924616790998563     29.627787551539345
-20.840300196034935     32.310760246303644
-20.75598360107131     29.175152725547797
-20.671667006107686     22.696101073221612
-20.58735041114406     16.93171855812632
-20.503033816180434     14.318679535839376
-20.41871722121681     14.559391025468468
-20.334400626253185     16.112411662673928
-20.25008403128956     17.81950445714724
-20.165767436325932     19.362427651936613
-20.081450841362308     20.95710641005421
-19.997134246398684     22.218176455889836
-19.91281765143506     22.096893850538557
-19.82850105647143     20.888764217068065
-19.744184461507807     20.122386522169833
-19.659867866544182     20.04116932886965
-19.575551271580558     19.50022067069751
-19.49123467661693     17.941285344161166
-19.406918081653306     16.165285403891573
-19.32260148668968     15.774606455531135
-19.238284891726057     18.197983179955433
-19.15396829676243     23.35445877194094
-19.069651701798804     28.713205430926994
-18.98533510683518     30.650638278522408
-18.901018511871555     27.71831954552924
-18.816701916907927     21.988161547343626
-18.732385321944303     16.855573724477352
-18.64806872698068     13.928689055358682
-18.563752132017054     11.99968525370248
-18.479435537053426     9.1790734007836
-18.395118942089802     5.502018516903088
-18.310802347126177     2.4400004927690375
-18.226485752162553     0.782609281518324
-18.142169157198925     0.17985103634466082
-18.0578525622353     0.02948014013729061
-17.973535967271676     0.0034374437179467126
-17.88921937230805     0.00028458111089766194
-17.804902777344424     1.6702077259708973e-05
-17.7205861823808     6.939707864873423e-07
-17.636269587417175     2.0388489897200317e-08
-17.55195299245355     4.2307151983249884e-10
-17.467636397489922     6.194149782938339e-12
-17.383319802526298     6.39272456049492e-14
-17.299003207562674     4.646938660674154e-16
-17.21468661259905     2.3774267802081274e-18
-17.13037001763542     8.555189965557e-21
-17.046053422671797     2.1641884972698966e-23
-16.961736827708172     3.8467875420776586e-26
-16.877420232744548     4.8024648183447035e-29
-16.793103637780924     4.209639527157463e-32
-16.708787042817296     2.5900925536565735e-35
-16.62447044785367     1.1183301351849494e-38
-16.540153852890047     3.387822683140628e-42
-16.45583725792642     7.199344547464961e-46
-16.371520662962794     1.0730614562188217e-49
-16.28720406799917     1.121665401623032e-53
-16.202887473035545     8.22176935771983e-58
-16.11857087807192     1.3946040239933379e-61
-16.034254283108293     1.4788586771634588e-57
-15.949937688144669     1.5768616831175086e-53
-15.865621093181044     1.1783776410136498e-49
-15.781304498217418     6.171623998579884e-46
-15.696987903253792     2.2653674698112227e-42
-15.612671308290167     5.8277692163799084e-39
-15.528354713326543     1.0507294329799416e-35
-15.444038118362917     1.327715135428516e-32
-15.35972152339929     1.1758319913310848e-29
-15.275404928435666     7.298160007058158e-27
-15.191088333472042     3.1747633482911037e-24
-15.106771738508415     9.67926690956176e-22
-15.02245514354479     2.0682913303767364e-19
-14.938138548581165     3.097610286592118e-17
-14.85382195361754     3.2516175020471053e-15
-14.769505358653914     2.3924772479968215e-13
-14.685188763690288     1.2339557682713623e-11
-14.600872168726664     4.4616681131359495e-10
-14.51655557376304     1.1311126445858432e-08
-14.432238978799413     2.0110589168045159e-07
-14.347922383835787     2.5084514610140436e-06
-14.263605788872162     2.1962362456411006e-05
-14.179289193908538     0.00013508070463238747
-14.094972598944912     0.0005843473731115215
-14.010656003981286     0.0017810927193448998
-13.926339409017661     0.0038349967500316932
-13.842022814054037     0.005854593226850735
-13.75770621909041     0.006368469652111861
-13.673389624126784     0.004967282336120303
-13.58907302916316     0.0027989007718332405
-13.504756434199535     0.0011535900415231338
-13.42043983923591     0.0004000470248009608
-13.336123244272285     0.00040980629018155064
-13.251806649308659     0.0014141066773975552
-13.167490054345034     0.00417269218904772
-13.083173459381408     0.009006712749082664
-12.998856864417784     0.014995767164009095
-12.914540269454157     0.021659632611099777
-12.830223674490533     0.0303241423920518
-12.745907079526907     0.04107146883960282
-12.661590484563282     0.05406050331966566
-12.577273889599656     0.08017558036623135
-12.492957294636032     0.13498772535676976
-12.408640699672405     0.2033545700249722
-12.324324104708781     0.2319272408348334
-12.240007509745155     0.18933773734842657
-12.15569091478153     0.10903833854476427
-12.071374319817904     0.04427439841376091
-11.98705772485428     0.013544441962889429
-11.902741129890654     0.0070815838137976315
-11.81842453492703     0.015288194453045502
-11.734107939963403     0.03544618966172158
-11.649791344999779     0.06216216260421989
-11.565474750036152     0.08353612057776894
-11.481158155072528     0.09159778801906648
-11.396841560108902     0.09146502104059052
-11.312524965145277     0.09447386026770656
-11.228208370181651     0.10557138545530063
-11.143891775218027     0.12061005633492206
-11.0595751802544     0.13374449458881155
-10.975258585290776     0.1444605087395483
-10.89094199032715     0.15846524779697066
-10.806625395363525     0.18968942611598918
-10.7223088003999     0.25864543347000246
-10.637992205436275     0.3641544285115864
-10.55367561047265     0.4516137290985106
-10.469359015509024     0.4482781199910716
-10.3850424205454     0.34511170134839464
-10.300725825581774     0.2070671634390255
-10.216409230618149     0.10058752238327727
-10.132092635654523     0.04502003774281811
-10.047776040690898     0.02854540986035367
-9.963459445727272     0.056323266874997835
-9.879142850763648     0.23032743869796213
-9.794826255800022     0.8538201305131401
-9.710509660836397     2.3426461647146475
-9.626193065872771     4.638979489297082
-9.541876470909147     6.683701273740464
-9.45755987594552     7.308161483496127
-9.373243280981896     7.0457159895811365
-9.28892668601827     8.176443598104687
-9.204610091054645     12.54102414673238
-9.12029349609102     19.831256982344826
-9.035976901127395     27.876618813734826
-8.951660306163769     33.630345162727636
-8.867343711200144     34.11690576238311
-8.783027116236518     28.69547946692397
-8.698710521272893     21.174627736910523
-8.614393926309267     17.327860486983262
-8.530077331345643     19.072308387110667
-8.445760736382017     22.59438532018714
-8.361444141418392     23.438334866468228
-8.277127546454766     21.79678108910214
-8.192810951491142     20.645780597662913
-8.108494356527515     20.95458297676555
-8.024177761563891     21.53037972642001
-7.939861166600265     21.354364962947447
-7.85554457163664     19.976511240098837
-7.771227976673014     17.158474012944673
-7.68691138170939     13.127236332961044
-7.6025947867457635     8.855581392357609
-7.518278191782139     6.059299003564303
-7.433961596818513     6.339824884445461
-7.3496450018548884     9.762227651681815
-7.265328406891262     14.559880052075384
-7.181011811927638     18.49687301611327
-7.096695216964012     20.2235009144258
-7.012378622000387     19.529004272528905
-6.928062027036761     17.24769178204205
-6.843745432073137     14.644114454127132
-6.75942883710951     12.252009386781612
-6.675112242145886     9.778451149384015
-6.59079564718226     6.972082725909084
-6.506479052218635     4.13608685540612
-6.422162457255009     1.9224393535854587
-6.337845862291385     0.6873072131457084
-6.2535292673277585     0.2306849944915348
-6.169212672364134     0.1533019661986162
-6.084896077400508     0.18988875233678304
-6.000579482436883     0.26807025248516797
-5.916262887473257     0.4751709176569533
-5.831946292509633     0.9453962713540875
-5.747629697546007     1.647525458885105
-5.663313102582382     2.358694387005782
-5.578996507618756     2.953607571379287
-5.494679912655132     3.51858982854363
-5.410363317691505     4.236003625419874
-5.326046722727881     5.571224245815944
-5.2417301277642565     8.05716519724858
-5.157413532800632     11.07547882644971
-5.073096937837004     12.814580330387873
-4.98878034287338     12.512361734936775
-4.904463747909755     11.689837590162561
-4.820147152946131     12.55839847083266
-4.735830557982503     15.972745363093825
-4.651513963018878     20.624906380460537
-4.567197368055254     23.890303682049506
-4.48288077309163     24.009093190794093
-4.398564178128002     21.272694812340028
-4.314247583164377     17.388031508821733
-4.229930988200753     14.512520927586268
-4.145614393237128     14.004830012950741
-4.0612977982735     15.216219812734577
-3.976981203309876     16.146774401905525
-3.8926646083462515     15.399490754681537
-3.808348013382627     13.167739943234002
-3.724031418418999     10.960534487756831
-3.6397148234553747     10.749473031636535
-3.5553982284917502     13.771145286209986
-3.471081633528126     19.575153691743637
-3.386765038564498     25.75289606924514
-3.3024484436008734     28.969870152985163
-3.218131848637249     27.661791004884137
-3.1338152536736246     23.760052404255347
-3.0494986587099966     20.920965499504973
-2.965182063746372     21.030850262611985
-2.8808654687827477     22.99122568181445
-2.7965488738191233     25.420920438277548
-2.7122322788554953     29.65254194872076
-2.627915683891871     38.22570515975741
-2.5435990889282465     49.88218653401702
-2.459282493964622     58.45258518930051
-2.374965899000994     59.33222978468079
-2.2906493040373697     54.98624892380738
-2.2063327090737452     51.26911596933586
-2.122016114110121     50.27275336818119
-2.037699519146493     49.440181329830835
-1.9533829241828684     46.77205272708072
-1.869066329219244     43.99301766510729
-1.7847497342556196     43.61665492672476
-1.7004331392919916     44.86418269794538
-1.6161165443283672     44.751880771823835
-1.5317999493647427     42.63905857506764
-1.4474833544011183     40.75336632409356
-1.3631667594374903     40.053334722890156
-1.278850164473866     38.62954414833524
-1.1945335695102415     34.56199194064254
-1.110216974546617     28.15089360413791
-1.025900379582989     21.271161949908628
-0.9415837846193646     15.842448869133582
-0.8572671896557402     12.839094241572962
-0.7729505946921158     12.320383620607156
-0.6886339997284878     14.392172758463584
-0.6043174047648634     19.5190726574356
-0.520000809801239     27.116779905336728
-0.43568421483761455     34.10147370074807
-0.35136761987398657     36.09319574496101
-0.26705102491036214     31.204032635841997
-0.18273442994673772     22.173903391200497
-0.0984178349831133     13.6185881720426
-0.014101240019485317     7.946342833733963
0.07021535494413911     4.797676715773664
0.15453194990776353     2.998613603741491
0.23884854487138796     1.8155032858745286
0.3231651398350124     0.9834087844193373
0.40748173479864036     0.44132853999572397
0.4917983297622648     0.1540395320870446
0.5761149247258892     0.04171886297027911
0.6604315196895136     0.01967797954481918
0.7447481146531416     0.05778457295072012
0.829064709616766     0.19120241571464236
0.9133813045803905     0.4792621598339331
0.9976978995440149     0.9351758428719227
1.0820144945076429     1.478461238338229
1.1663310894712673     1.9089827290319152
1.2506476844348917     1.9505253773401119
1.3349642793985161     1.5073449624216844
1.4192808743621441     0.8504909732437962
1.5035974693257685     0.34317801941582704
1.587914064289393     0.09798620781527095
1.6722306592530174     0.01969759994651057
1.7565472542166454     0.002781321639910907
1.8408638491802698     0.0002755605832610162
1.9251804441438942     1.914705502694788e-05
2.0094970391075186     9.32849192501457e-07
2.0938136340711466     3.187001022320026e-08
2.178130229034771     1.00492800963713e-09
2.2624468239983955     7.0280770939530995e-09
2.34676341896202     1.4291971543563485e-07
2.431080013925648     2.049044813160267e-06
2.5153966088892723     2.0745926339147728e-05
2.5997132038528967     0.00014926948146025756
2.684029798816521     0.0007717285533596151
2.768346393780149     0.002919506328989704
2.8526629887437736     0.00829953312857224
2.936979583707398     0.018301952665585496
3.0212961786710224     0.03218476443829019
3.1056127736346504     0.0458970709022854
3.189929368598275     0.054063539963205495
3.2742459635618992     0.05581119784578847
3.3585625585255237     0.057740016086142924
3.4428791534891516     0.06757039827648423
3.527195748452776     0.08525096406232055
3.6115123434164005     0.10220245579808822
3.695828938380025     0.10844599910743832
3.780145533343653     0.10017455509879347
3.8644621283072773     0.082645220854187
3.9487787232709017     0.06680891497779701
4.033095318234526     0.06085102542551052
4.117411913198154     0.06354066250868204
4.201728508161779     0.06659158778099818
4.286045103125403     0.06316138821259387
4.370361698089027     0.05329845904674543
4.454678293052655     0.04218308695058352
4.53899488801628     0.03436540253231886
4.623311482979904     0.02949065526235248
4.707628077943529     0.023753419614054194
4.791944672907157     0.015627499725210953
4.876261267870781     0.007742031957279831
4.9605778628344055     0.0027849427639323296
5.04489445779803     0.0007161293079235655
5.129211052761658     0.000130694446575027
5.213527647725282     1.686486733214978e-05
5.297844242688907     1.5352966645405304e-06
5.382160837652531     9.845304748826603e-08
5.466477432616159     4.442394522765919e-09
5.550794027579784     1.4092707581157748e-10
5.635110622543408     3.1410866370708374e-12
5.719427217507032     4.916459688773107e-14
5.803743812470657     5.40178674229056e-16
5.888060407434285     4.164821207902175e-18
5.972377002397909     2.252783564751608e-20
6.056693597361534     8.547136311398511e-23
6.141010192325158     3.3861945853993385e-25
6.225326787288786     4.149199302725002e-23
6.3096433822524105     1.0850210276572802e-20
6.393959977216035     1.9885669847625487e-18
6.478276572179659     2.554265660381608e-16
6.562593167143287     2.2994060791305856e-14
6.646909762106912     1.4507382353483693e-12
6.731226357070536     6.414845716360879e-11
6.815542952034161     1.987957818457432e-09
6.899859546997789     4.3176949776854094e-08
6.984176141961413     6.572351455085611e-07
7.068492736925037     7.011553708558274e-06
7.152809331888662     5.242454084934441e-05
7.23712592685229     0.0002747195797864545
7.321442521815914     0.0010090346557777058
7.405759116779539     0.0025982302490473856
7.490075711743163     0.004693858130290433
7.574392306706791     0.005964761573974454
7.6587089016704155     0.005379482463195839
7.74302549663404     0.003545501750579782
7.827342091597664     0.0018554696530030533
7.911658686561292     0.0009007569769742525
7.995975281524917     0.00044506384059640573
8.080291876488541     0.0002009506922481116
8.164608471452166     7.215063917577003e-05
8.248925066415794     2.582251199413562e-05
8.333241661379418     5.805940269418803e-05
8.417558256343042     0.0002918414736823907
8.501874851306667     0.0010911302317767127
8.586191446270295     0.0028698054109327284
8.67050804123392     0.005333773637553269
8.754824636197544     0.00715774082157771
8.839141231161168     0.007440611659341498
8.923457826124796     0.0070836972755585915
9.00777442108842     0.007372719798883845
9.092091016052045     0.008212915281048644
9.17640761101567     0.009104896435648789
9.260724205979297     0.01010378735415821
9.345040800942922     0.010686107823604652
9.429357395906546     0.009632858833452263
9.51367399087017     0.006808775711095452
9.597990585833799     0.0036171886086831698
9.682307180797423     0.0014122163306785297
9.766623775761047     0.0003992872068698649
9.850940370724672     8.089445741887322e-05
9.9352569656883     1.1654761858918045e-05
10.019573560651924     1.1878796459760749e-06
10.103890155615549     8.535449358408496e-08
10.188206750579173     4.314205970799954e-09
10.272523345542801     1.531747735573715e-10
10.356839940506426     3.816858175579082e-12
10.44115653547005     6.678173455025133e-14
10.525473130433674     1.0808063006925405e-14
10.609789725397302     1.045839692413953e-12
10.694106320360927     7.679949330039814e-11
10.778422915324551     3.95780070354354e-09
10.862739510288176     1.4322439777944223e-07
10.9470561052518     3.6428027136438358e-06
11.031372700215424     6.520276810062914e-05
11.115689295179049     0.0008227998110758989
11.20000589014268     0.00733853753853203
11.284322485106305     0.046417742637228025
11.36863908006993     0.2091473353429054
11.452955675033554     0.6751979212880206
11.537272269997178     1.5744819860894697
11.621588864960803     2.691363318236697
11.705905459924427     3.506226328053728
11.790222054888051     3.9093073225542208
11.874538649851683     4.707283274729763
11.958855244815307     6.813090417130507
12.043171839778932     9.792341211472284
12.127488434742556     11.791323747306759
12.21180502970618     11.42956879396999
12.296121624669805     9.231861808303563
12.38043821963343     6.593789302308366
12.464754814597054     4.33367706151952
12.549071409560685     2.8941160085375484
12.63338800452431     2.7295364646613827
12.717704599487934     3.7795069120800995
12.802021194451559     5.202252778294854
12.886337789415183     6.021451628973065
12.970654384378808     5.82708902609437
13.054970979342432     4.976963333442099
13.139287574306056     4.392401639267996
13.223604169269688     4.713436958316898
13.307920764233312     5.466205987550899
13.392237359196937     5.612346567424256
13.476553954160561     4.891966259800842
13.560870549124186     4.1451031128853195
13.64518714408781     4.379357779352441
13.729503739051435     5.789149139873795
13.813820334015059     7.712643915719514
13.89813692897869     9.2973167473236
13.982453523942315     10.090457221469336
14.06677011890594     10.469131972735799
14.151086713869564     11.51282825026993
14.235403308833188     13.877590504337327
14.319719903796813     17.060208801424153
14.404036498760437     20.060628097014174
14.488353093724061     22.027186174795034
14.572669688687693     22.192283247265845
14.656986283651317     20.238155759771672
14.741302878614942     16.92153690069043
14.825619473578566     13.799266009933397
14.90993606854219     12.151647067364255
14.994252663505815     11.981405279577563
15.07856925846944     12.141848198400197
15.162885853433064     11.619253157205147
15.247202448396695     10.309754078515358
15.33151904336032     8.647875501974045
15.415835638323944     7.085240685443176
15.500152233287569     5.772523239612104
15.584468828251193     4.514949789968876
15.668785423214818     3.3410126699463873
15.753102018178442     2.924859021709896
15.837418613142066     4.001079377387848
15.921735208105698     6.510567962910566
16.006051803069322     9.601707417205741
16.090368398032947     12.341021163043017
16.17468499299657     14.0378233683337
16.259001587960196     14.133164170883408
16.34331818292382     12.746415196864653
16.427634777887445     11.2144309896412
16.51195137285107     10.937367953142846
16.596267967814693     11.626992954686493
16.680584562778325     11.683395676319815
16.76490115774195     10.326616915704767
16.849217752705574     8.310292657861012
16.933534347669198     6.6696631923108685
17.017850942632823     5.7757948047344865
17.102167537596447     5.335297316013158
17.18648413256007     4.75554261481911
17.270800727523696     3.8547200845371417
17.355117322487327     3.087457069412014
17.439433917450952     2.844008842290005
17.523750512414576     3.0490734535704234
17.6080671073782     3.4977398400685047
17.692383702341825     4.15693389300281
17.77670029730545     4.942537868779376
17.861016892269074     5.3122011404086145
17.9453334872327     4.629198534337938
18.02965008219633     3.060603791925085
18.113966677159954     1.4986985604879803
18.19828327212358     0.5670325651325487
18.282599867087203     0.220771229294771
18.366916462050828     0.1647778476501605
18.451233057014452     0.21484937345023775
18.535549651978076     0.29550453527669546
18.6198662469417     0.34221117346751584
18.704182841905332     0.304748952075094
18.788499436868957     0.20056143621872863
18.87281603183258     0.09567391489804311
18.957132626796206     0.03271466305633223
19.04144922175983     0.007960910683518185
19.125765816723455     0.0013719261423237846
19.21008241168708     0.00016687665166738435
19.294399006650703     1.4294702373527541e-05
19.378715601614335     8.641051412897852e-07
19.46303219657796     1.0479466241428568e-07
19.547348791541584     1.058014998530214e-06
19.631665386505208     1.1543937494786479e-05
19.715981981468833     8.930508017606712e-05
19.800298576432457     0.00049085324288605
19.88461517139608     0.0019235136008517984
19.968931766359706     0.005393801182660732
20.053248361323337     0.010860094793468607
20.137564956286962     0.015742239422839754
20.221881551250586     0.016451745899938544
20.30619814621421     0.012394610368232271
20.390514741177835     0.0067219289315316125
20.47483133614146     0.0026225224496525526
20.559147931105084     0.0007652082858861871
20.64346452606871     0.00029724538544495635
20.72778112103234     0.00047034210038423424
20.812097715995964     0.0009503020447339367
20.89641431095959     0.0014975611696126335
20.980730905923213     0.002024731408200628
21.065047500886838     0.0028500478858445684
21.149364095850462     0.004196822500438863
21.233680690814086     0.005349332475727602
21.317997285777707     0.005177167819656683
