-21.13573543224265     0.39862991136721265
-21.06231404664419     0.8864930765412357
-20.98889266104573     1.5555199862057698
-20.915471275447267     2.2114784202505384
-20.84204988984881     2.646911579563132
-20.768628504250348     2.786365797526394
-20.695207118651886     2.689864657739615
-20.621785733053425     2.495265509212702
-20.548364347454964     2.335774781540503
-20.474942961856502     2.1985499554753805
-20.40152157625804     1.9255570605766201
-20.328100190659583     1.4515988970936033
-20.254678805061122     0.9345107674290556
-20.18125741946266     0.5731746707651699
-20.1078360338642     0.4039190448908182
-20.034414648265738     0.32968173765747716
-19.960993262667277     0.26481273445433834
-19.887571877068815     0.20201221970163835
-19.814150491470354     0.1882974989382196
-19.740729105871896     0.2914475553278784
-19.667307720273435     0.5806608895235013
-19.593886334674973     1.0816514136342177
-19.520464949076512     1.6963220083763255
-19.44704356347805     2.179772471657142
-19.37362217787959     2.282422713330508
-19.300200792281128     1.9604990654193755
-19.22677940668267     1.40952233766226
-19.15335802108421     0.8984653050158895
-19.079936635485748     0.6276285527020695
-19.006515249887286     0.7023629524566457
-18.933093864288825     1.1107021962493122
-18.859672478690364     1.6731889837640048
-18.786251093091902     2.1115780326987412
-18.71282970749344     2.2761492118808517
-18.639408321894983     2.2554111796395393
-18.56598693629652     2.173444897531695
-18.49256555069806     1.9843997837808183
-18.4191441650996     1.5970372238459778
-18.345722779501138     1.087028782237145
-18.272301393902676     0.6372600282456291
-18.198880008304215     0.3436294085573034
-18.125458622705757     0.17927529074072504
-18.052037237107296     0.08759703008376223
-17.978615851508835     0.036911943843460866
-17.905194465910373     0.012569457990343523
-17.831773080311912     0.0033454353595440017
-17.75835169471345     0.0006861598647267407
-17.68493030911499     0.00010784955691717427
-17.61150892351653     1.2963146152582442e-05
-17.53808753791807     1.1905672763263478e-06
-17.46466615231961     8.35253598193585e-08
-17.391244766721147     4.475634876164779e-09
-17.317823381122686     1.8316581960634647e-10
-17.244401995524225     5.725070065680963e-12
-17.170980609925763     1.3666621796825876e-13
-17.097559224327306     2.4916358503764874e-15
-17.024137838728844     3.4693700530143946e-17
-16.950716453130383     3.6894293827458336e-19
-16.87729506753192     2.9964721786307385e-21
-16.80387368193346     1.8586762464815895e-23
-16.730452296335     8.805209469394208e-26
-16.657030910736538     3.185796835946523e-28
-16.58360952513808     8.80316620836961e-31
-16.510188139539615     1.8578137237361144e-33
-16.436766753941157     2.994386607030025e-36
-16.363345368342696     3.686005818300986e-39
-16.289923982744234     3.465345979387914e-42
-16.216502597145773     2.4881675700988555e-45
-16.14308121154731     1.3644423813305242e-48
-16.069659825948854     1.6872721173716707e-51
-15.99623844035039     2.7221632747690186e-48
-15.922817054751931     5.072067424658342e-45
-15.84939566915347     7.217953077447791e-42
-15.775974283555009     7.845239636275665e-39
-15.702552897956547     6.51280423688034e-36
-15.629131512358086     4.129600782875334e-33
-15.555710126759626     2.0000351729024543e-30
-15.482288741161165     7.398974702812102e-28
-15.408867355562705     2.090880777174037e-25
-15.335445969964244     4.5137382706357185e-23
-15.262024584365783     7.444342821366854e-21
-15.188603198767321     9.380870488006349e-19
-15.11518181316886     9.033251529643186e-17
-15.041760427570399     6.648201508882234e-15
-14.968339041971939     3.740424370603163e-13
-14.894917656373478     1.60923963781046e-11
-14.821496270775018     5.296232802614587e-10
-14.748074885176557     1.3340423511815593e-08
-14.674653499578096     2.573329961993295e-07
-14.601232113979634     3.804358466346055e-06
-14.527810728381173     4.3146598370004624e-05
-14.454389342782713     0.00037584043518193563
-14.380967957184252     0.002518057519716489
-14.307546571585792     0.012997105252405359
-14.234125185987331     0.05177839181927305
-14.16070380038887     0.15952890601085035
-14.087282414790408     0.3809233693351183
-14.013861029191947     0.7066163344330866
-13.940439643593487     1.0220894609562423
-13.867018257995026     1.163450056097244
-13.793596872396567     1.0725354663160696
-13.720175486798105     0.8695662509886455
-13.646754101199644     0.724901045271411
-13.573332715601182     0.681034334821359
-13.499911330002721     0.6494593020748952
-13.42648994440426     0.565201030494661
-13.3530685588058     0.47784954767365106
-13.27964717320734     0.46923633837994294
-13.20622578760888     0.52888949447621
-13.132804402010418     0.5567228638005423
-13.059383016411957     0.48270123914096047
-12.985961630813495     0.348423916209141
-12.912540245215036     0.26312173051325916
-12.839118859616574     0.3070204636987913
-12.765697474018113     0.4808085104518619
-12.692276088419652     0.7192489500227227
-12.618854702821192     0.9404069070717554
-12.54543331722273     1.0845215992289032
-12.47201193162427     1.1172266314498662
-12.39859054602581     1.0292351989131352
-12.325169160427349     0.8460605778523609
-12.251747774828887     0.6168625086608257
-12.178326389230426     0.391260523778374
-12.104905003631966     0.20897576730004655
-12.031483618033505     0.09084206607481624
-11.958062232435044     0.03131378918350487
-11.884640846836582     0.008437146285246415
-11.811219461238123     0.001867821806121624
-11.737798075639661     0.0008836791698893043
-11.6643766900412     0.0025527662227230455
-11.59095530444274     0.008668756551823446
-11.51753391884428     0.024945158147646963
-11.444112533245818     0.06122166680322144
-11.370691147647356     0.13134879807335453
-11.297269762048897     0.2526303323225121
-11.223848376450436     0.44198007084453894
-11.150426990851974     0.7043710036722367
-11.077005605253513     1.0209204410912518
-11.003584219655053     1.3497407756807889
-10.930162834056592     1.6324684005575154
-10.85674144845813     1.8047401199699138
-10.783320062859671     1.842703034095606
-10.70989867726121     1.8265118302016643
-10.636477291662748     1.9167494924859396
-10.563055906064287     2.2238295052632155
-10.489634520465827     2.7068241344035497
-10.416213134867366     3.2059007318794013
-10.342791749268905     3.572062022481007
-10.269370363670443     3.783348513627486
-10.195948978071984     3.9129328877834872
-10.122527592473523     3.9604728548493893
-10.049106206875061     3.7964882944557665
-9.975684821276602     3.316131143391068
-9.90226343567814     2.5667367277702544
-9.828842050079679     1.7210817564579726
-9.755420664481218     0.9955951633869187
-9.681999278882758     0.5749158026178119
-9.608577893284297     0.566517200277543
-9.535156507685835     0.9927941786405211
-9.461735122087374     1.7607675666051488
-9.388313736488914     2.634879034568058
-9.314892350890453     3.344637736896638
-9.241470965291992     3.7768569820829856
-9.168049579693532     4.0083866811088145
-9.09462819409507     4.145759872505954
-9.02120680849661     4.2238157382304315
-8.947785422898148     4.2581309561235
-8.874364037299689     4.253225165127126
-8.800942651701227     4.111933939348947
-8.727521266102766     3.6685061819172473
-8.654099880504305     2.8910252611283274
-8.580678494905845     1.9903725739798999
-8.507257109307384     1.286834528803917
-8.433835723708922     0.9816211311563282
-8.360414338110463     1.0413684585726877
-8.286992952512001     1.2693410478685248
-8.21357156691354     1.4949650899210962
-8.140150181315079     1.7247906897708591
-8.06672879571662     2.0864982211422625
-7.993307410118158     2.5696170045952456
-7.9198860245196965     2.885302658207891
-7.846464638921235     2.7398386531922507
-7.773043253322776     2.2206009075139526
-7.699621867724314     1.7210969476637956
-7.626200482125853     1.4839531220613982
-7.552779096527393     1.3932002907214647
-7.479357710928932     1.2329895586202193
-7.405936325330471     0.9934473661722247
-7.332514939732009     0.852427950697747
-7.25909355413355     0.9350427095590831
-7.185672168535088     1.153098581935892
-7.112250782936627     1.2757863803243383
-7.038829397338166     1.154716828839258
-6.965408011739706     0.8664841080029453
-6.891986626141245     0.6294734478518661
-6.8185652405427835     0.628329420565575
-6.745143854944324     0.9193255302630765
-6.6717224693458625     1.42048876970287
-6.598301083747401     1.9625755123566209
-6.52487969814894     2.3908254495293213
-6.45145831255048     2.622378208289811
-6.378036926952019     2.613148967193253
-6.304615541353558     2.3405008265891714
-6.231194155755098     1.8550084166278722
-6.157772770156637     1.298181502365811
-6.084351384558175     0.825336084890692
-6.010929998959714     0.5194988568416459
-5.9375086133612545     0.37477912973131017
-5.864087227762793     0.33031592875571647
-5.790665842164332     0.31933675132521644
-5.71724445656587     0.3087928230542306
-5.643823070967411     0.29772746162927904
-5.5704016853689495     0.2840627159275232
-5.496980299770488     0.25465155352101276
-5.423558914172029     0.21091205981939595
-5.350137528573567     0.1810364608128593
-5.276716142975106     0.19285426038402584
-5.203294757376645     0.2416651116969186
-5.129873371778185     0.29295236807993613
-5.056451986179724     0.31564757197741056
-4.983030600581262     0.3091382278991373
-4.909609214982801     0.2997408331288452
-4.83618782938434     0.3142064842000618
-4.762766443785878     0.35402822499074965
-4.6893450581874205     0.3932615433437373
-4.615923672588959     0.40322995805676937
-4.542502286990498     0.379862122494346
-4.4690809013920365     0.34490490045952504
-4.395659515793575     0.3179979558125778
-4.322238130195114     0.2918388017357982
-4.2488167445966525     0.24463933412921068
-4.175395358998195     0.17352274553478192
-4.101973973399733     0.10168290139208119
-4.028552587801272     0.05551229235370896
-3.9551312022028107     0.049493510218427454
-3.8817098166043493     0.09067109280327329
-3.808288431005888     0.17790638368363812
-3.7348670454074266     0.28692526365753857
-3.661445659808969     0.3701384885442335
-3.5880242742105075     0.39041173769886156
-3.514602888612046     0.3561403637503444
-3.441181503013585     0.3156281903237542
-3.3677601174151235     0.31410002372962176
-3.294338731816662     0.35025413666063254
-3.220917346218201     0.3756063385811311
-3.1474959606197395     0.3484540430770646
-3.0740745750212817     0.28212703245324966
-3.0006531894228203     0.22340401492186962
-2.927231803824359     0.19848965643113645
-2.8538104182258976     0.20598749408414438
-2.7803890326274363     0.24966953824753013
-2.706967647028975     0.34284660667758343
-2.6335462614305136     0.47358004700661205
-2.560124875832056     0.5910611856831166
-2.4867034902335945     0.6441253961110597
-2.413282104635133     0.6238958806593734
-2.339860719036672     0.5643854972484207
-2.2664393334382105     0.5173945451772207
-2.193017947839749     0.5203961985450832
-2.119596562241288     0.5591356016148316
-2.04617517664283     0.5678859373787365
-1.9727537910443687     0.49547859572012426
-1.8993324054459073     0.36197162987149434
-1.825911019847446     0.23150744621065683
-1.7524896342489846     0.14884653776153273
-1.6790682486505233     0.11953934962622884
-1.605646863052062     0.1320390224708327
-1.5322254774536042     0.1765954688361351
-1.4588040918551428     0.24247009898476896
-1.3853827062566815     0.3074636373688232
-1.3119613206582201     0.3426196384444242
-1.2385399350597588     0.33522040768544137
-1.1651185494612974     0.30244935866689215
-1.091697163862836     0.273873237441707
-1.0182757782643748     0.26301445292420156
-0.944854392665917     0.2610606729595233
-0.8714330070674556     0.25272023365300555
-0.7980116214689943     0.23119839320475752
-0.724590235870533     0.19986680373623683
-0.6511688502720716     0.16544525202299576
-0.5777474646736103     0.13230694526052195
-0.5043260790751489     0.10193250771114369
-0.43090469347669114     0.07502849028974616
-0.3574833078782298     0.052767008441026324
-0.28406192227976845     0.036157169618673046
-0.2106405366813071     0.024870331555499774
-0.13721915108284577     0.017263165278052783
-0.06379776548438443     0.011647586768742321
0.009623620114076914     0.0072509876861068774
0.0830450057125347     0.0040148715640390105
0.15646639131099604     0.0019406609576283684
0.2298877769094574     0.0008097596410727477
0.30330916250791873     0.00028812480875010563
0.37673054810638007     8.607674024367649e-05
0.4501519337048414     2.1234150806219648e-05
0.5235733193033028     4.344292579818261e-06
0.5969947049017641     1.3763279301875142e-06
0.6704160905002219     4.034707765214315e-06
0.7438374760986832     1.7399821910640727e-05
0.8172588616971446     5.9683634232002275e-05
0.8906802472956059     0.00016056539059333097
0.9641016328940673     0.0003412846918365303
1.0375230184925286     0.0005789941195240155
1.11094440409099     0.0007951492691050202
1.1843657896894477     0.0009014338722847482
1.257787175287909     0.0008639824789148161
1.3312085608863704     0.0007145889696376008
1.4046299464848317     0.0005123343086721015
1.478051332083293     0.0003131124084244176
1.5514727176817544     0.00015840616030082382
1.6248941032802158     6.44678541175184e-05
1.6983154888786736     2.0665040720621607e-05
1.771736874477135     5.147990864029062e-06
1.8451582600755962     9.889086535955628e-07
1.9185796456740576     1.4584579416390835e-07
1.992001031272519     1.647459852389383e-08
2.0654224168709803     1.4285962205230086e-09
2.1388438024694416     2.071466457771148e-10
2.212265188067903     1.901247463168057e-09
2.2856865736663607     2.4302276745901743e-08
2.359107959264822     2.382182106213608e-07
2.4325293448632834     1.7884851118283292e-06
2.5059507304617448     1.030731668418896e-05
2.579372116060206     4.578467053225329e-05
2.6527935016586675     0.00015791281587995544
2.726214887257129     0.00042854095561267096
2.7996362728555866     0.0009361028907689208
2.873057658454048     0.0017051191993236701
2.9464790440525093     0.0027093792740610486
3.0199004296509706     0.003909874111097367
3.093321815249432     0.005212182291998027
3.1667432008478933     0.006369382675647118
3.2401645864463546     0.007027008296393389
3.3135859720448124     0.006960248201021606
3.3870073576432738     0.006270490403420485
3.460428743241735     0.00530264642195689
3.5338501288401964     0.004382645940086493
3.607271514438658     0.0036855927501531897
3.680692900037119     0.0032874800853619616
3.7541142856355805     0.003195459916529266
3.827535671234042     0.0032963955940303862
3.9009570568324996     0.003367355301080228
3.974378442430961     0.0032135375253860153
4.047799828029422     0.0027998296676472263
4.121221213627884     0.002256866631115513
4.194642599226345     0.0018132049522041407
4.268063984824806     0.0016981149818317814
4.341485370423268     0.001972325639335654
4.414906756021725     0.0023865111925948255
4.488328141620187     0.0025135307521404683
4.561749527218648     0.002128165662550394
4.6351709128171095     0.0014102340582635717
4.708592298415571     0.0007248273476267629
4.782013684014032     0.00028797342034802913
4.8554350696124935     8.830388741229179e-05
4.928856455210951     2.088206057215395e-05
5.002277840809413     3.8065985469413455e-06
5.075699226407874     5.347457559642472e-07
5.149120612006335     5.7877747144763906e-08
5.222541997604797     4.8255020182213775e-09
5.295963383203258     3.0984247073280264e-10
5.369384768801719     1.5317443336905386e-11
5.442806154400181     5.82816403135986e-13
5.5162275399986385     1.7061001710034088e-14
5.5896489255971     3.8406855189780983e-16
5.663070311195561     6.645550842841921e-18
5.7364916967940225     8.8337794922079e-20
5.809913082392484     9.016253791712737e-22
5.883334467990945     7.062859693234994e-24
5.9567558535894065     2.2621734393058563e-25
6.030177239187864     4.096657314555781e-23
6.103598624786326     6.974008800867615e-21
6.177020010384787     9.067362881115397e-19
6.250441395983248     9.003762459388114e-17
6.32386278158171     6.828311421558694e-15
6.397284167180171     3.9550505858609484e-13
6.470705552778632     1.7496291399316296e-11
6.54412693837709     5.911610736593292e-10
6.6175483239755515     1.525636138567519e-08
6.690969709574013     3.0075786433221133e-07
6.764391095172474     4.529694776294152e-06
6.8378124807709355     5.213454301967718e-05
6.911233866369397     0.0004587787812065207
6.984655251967858     0.0030895495091595995
7.0580766375663195     0.015948128488667696
7.131498023164777     0.06328624646658813
7.204919408763239     0.19404095039323466
7.2783407943617     0.463603627780484
7.351762179960161     0.8746612662523533
7.425183565558623     1.3275723524343686
7.498604951157084     1.6573989758533691
7.572026336755545     1.7409670053033388
7.645447722354003     1.5832522106770561
7.7188691079524645     1.3283971464716857
7.792290493550926     1.1620144731629762
7.865711879149387     1.1379802224933329
7.9391332647478485     1.1208194262033138
8.01255465034631     0.9548808836383375
8.085976035944771     0.6495431112927099
8.159397421543229     0.34514015953202604
8.23281880714169     0.1555075861350093
8.306240192740152     0.11047649006587851
8.379661578338613     0.21076333282945933
8.453082963937074     0.45517476011148866
8.526504349535536     0.7823627286800698
8.599925735133997     1.0304988874970358
8.673347120732455     1.0369288732715962
8.746768506330916     0.7969592826367116
8.820189891929378     0.46834028394012417
8.893611277527839     0.2137034923964684
8.9670326631263     0.09215517859790327
9.040454048724762     0.09813151390884907
9.113875434323223     0.24424647455890855
9.187296819921684     0.5748361269131562
9.260718205520142     1.101427332990704
9.334139591118603     1.7386465650528884
9.407560976717065     2.3129192784302606
9.480982362315526     2.623615665638371
9.554403747913987     2.5215695881289477
9.627825133512449     2.0132934977748578
9.70124651911091     1.3054987230180082
9.774667904709368     0.6748552526354699
9.84808929030783     0.2745218138090868
9.92151067590629     0.08713191364444998
9.994932061504752     0.02145725787560002
10.068353447103213     0.004084083232321575
10.141774832701675     0.0005991443972698278
10.215196218300136     6.760501742422245e-05
10.288617603898594     5.857871945689517e-06
10.362038989497055     3.892891384734481e-07
10.435460375095516     1.9822282801965207e-08
10.508881760693978     7.727792635997677e-10
10.582303146292439     2.3052779933089838e-11
10.6557245318909     5.261873859390723e-13
10.729145917489362     1.8653277262020893e-14
10.802567303087823     3.155844302835738e-13
10.87598868868628     8.020984277682274e-12
10.949410074284746     1.5583816775913002e-10
11.022831459883204     2.3148703903529912e-09
11.096252845481661     2.632084936285971e-08
11.169674231080126     2.2967028705178005e-07
11.243095616678584     1.5465505741143408e-06
11.316517002277049     8.134203001977643e-06
11.389938387875507     3.425856458401554e-05
11.463359773473972     0.0001208957228797535
11.53678115907243     0.00038044870826712336
11.610202544670894     0.0011187064265780614
11.683623930269352     0.00305891821704956
11.75704531586781     0.007481256306494745
11.830466701466275     0.015906430369377778
11.903888087064733     0.02930327676650831
11.977309472663197     0.04719973243778644
12.050730858261655     0.06699225320490299
12.12415224386012     0.08530633219424118
12.197573629458578     0.1056010425646906
12.270995015057036     0.15154714627073151
12.3444164006555     0.27288949189387796
12.417837786253958     0.5226951688091734
12.491259171852423     0.906708933592581
12.564680557450881     1.3561325636827055
12.638101943049346     1.767290228057231
12.711523328647804     2.059269064360585
12.784944714246262     2.194086062620543
12.858366099844726     2.187724416968121
12.931787485443184     2.1100215480663334
13.00520887104165     2.0363153734247605
13.078630256640107     2.0040439960313825
13.152051642238572     2.0166343172156025
13.22547302783703     2.037534451382429
13.298894413435487     1.9723128660051117
13.372315799033952     1.7252760285095814
13.44573718463241     1.3217180187998678
13.519158570230875     0.9459128774018514
13.592579955829333     0.8097395047018804
13.666001341427798     0.9722609022667682
13.739422727026255     1.2959241737913623
13.812844112624713     1.5794363255872277
13.886265498223178     1.7160350120437355
13.959686883821636     1.7168860232508478
14.0331082694201     1.647553313682186
14.106529655018559     1.6021939762526674
14.179951040617023     1.674969339954221
14.253372426215481     1.8717669038484317
14.326793811813939     2.072628436471677
14.400215197412404     2.1426231910855864
14.473636583010862     2.085880693959502
14.547057968609327     2.0533380081061763
14.620479354207784     2.1811426363161788
14.69390073980625     2.4270967577782767
14.767322125404707     2.5820658973158084
14.840743511003172     2.4988068922062006
14.91416489660163     2.311289810944416
14.987586282200088     2.299623738445605
15.061007667798552     2.494564099285636
15.13442905339701     2.571724976895898
15.207850438995475     2.2313084465615733
15.281271824593933     1.5559498949211654
15.354693210192398     0.8904049313400114
15.428114595790856     0.4757302259993054
15.501535981389313     0.30304173845781135
15.574957366987778     0.24287699743009228
15.648378752586236     0.20977358459108292
15.721800138184701     0.20870130299796305
15.795221523783159     0.2788346414137832
15.868642909381624     0.41704522587092685
15.942064294980081     0.5541341150176711
16.01548568057854     0.6107437198427424
16.088907066177004     0.5795399208821114
16.162328451775462     0.5362209176924884
16.235749837373927     0.567478688035843
16.309171222972385     0.7027217755849727
16.38259260857085     0.8918794606209959
16.456013994169307     1.0175196818938994
16.529435379767765     0.967132405753396
16.60285676536623     0.7383427646950562
16.676278150964688     0.44691639095117897
16.749699536563153     0.2153440534853916
16.82312092216161     0.08563584309998291
16.896542307760075     0.036507639887462584
16.969963693358533     0.04083763916911488
17.04338507895699     0.0918834111723901
17.116806464555456     0.18962123373173034
17.190227850153914     0.3130990997988619
17.26364923575238     0.4159312726067502
17.337070621350836     0.4615628388466266
17.4104920069493     0.46165634222245056
17.48391339254776     0.46707665318551295
17.557334778146217     0.5149625248157826
17.63075616374468     0.5852383907151344
17.70417754934314     0.6158843021446798
17.777598934941604     0.5694771239887437
17.851020320540062     0.47461893682335177
17.924441706138527     0.38716618285257287
17.997863091736985     0.3268361589483797
18.071284477335443     0.27427438324749215
18.144705862933908     0.21497944747658107
18.218127248532365     0.15907715951745216
18.29154863413083     0.12435545976458998
18.364970019729288     0.12050484714421729
18.438391405327753     0.1497776687527867
18.51181279092621     0.21407572441895628
18.585234176524676     0.3170019862387664
18.658655562123133     0.44808188594137427
18.73207694772159     0.5612543404277567
18.805498333320056     0.5925611442041172
18.878919718918514     0.5188560089078308
18.95234110451698     0.3848250962577285
19.025762490115437     0.2573917801882512
19.0991838757139     0.1676257760390569
19.17260526131236     0.10742330738204924
19.246026646910817     0.06278289799106974
19.319448032509282     0.03070313375986992
19.39286941810774     0.011935327275603513
19.466290803706205     0.0036192939380748483
19.539712189304662     0.0009441106457720652
19.613133574903127     0.0006213406980262222
19.686554960501585     0.0015924211822700592
19.759976346100043     0.004029579099663782
19.833397731698508     0.008029580425131763
19.906819117296966     0.012697759405414673
19.98024050289543     0.01645992612343774
20.053661888493888     0.018325930920670305
20.127083274092353     0.01842310805875535
20.20050465969081     0.017480472621606468
20.27392604528927     0.016463517937571476
20.347347430887734     0.016193067367181378
20.42076881648619     0.016631451984378858
20.494190202084656     0.017161452397295066
20.567611587683114     0.01755523431617373
20.64103297328158     0.017586580703388796
20.714454358880037     0.016225983977373983
20.787875744478495     0.01272111740273985
20.86129713007696     0.008045415110348257
20.934718515675417     0.004194702232489596
21.008139901273882     0.002630454732590634
21.08156128687234     0.00414580050792377
21.154982672470805     0.009368925697470575
21.228404058069263     0.017891065593514804
21.30182544366772     0.02665198545847589
21.375246829266185     0.03080703794040639
21.448668214864643     0.027852049123479238
21.522089600463108     0.020454857301521863
21.595510986061566     0.014055602005167318
21.66893237166003     0.011921531695536978
21.74235375725849     0.012938956095370414
21.815775142856946     0.013609526436222824
