-21.80429193858824     1.1592936475555755
-21.650582004046697     1.170270086603702
-21.496872069505155     0.9854138817145235
-21.343162134963613     1.1573985481035498
-21.18945220042207     1.2167696393174576
-21.03574226588053     0.5629635607134075
-20.882032331338987     0.21475243235673389
-20.728322396797445     0.715513442352553
-20.574612462255907     1.2021525455241513
-20.420902527714365     0.6263329008429521
-20.267192593172823     0.10062108922792862
-20.11348265863128     0.004983781104838679
-19.95977272408974     7.609700759932628e-05
-19.806062789548196     3.5813896294394177e-07
-19.652352855006654     5.194380555326052e-10
-19.498642920465112     2.32126964718797e-13
-19.34493298592357     3.19543326763925e-17
-19.19122305138203     1.3546991685682332e-21
-19.037513116840486     1.7683084724003697e-26
-18.883803182298944     7.105050256653954e-32
-18.730093247757402     8.785429756465413e-38
-18.57638331321586     3.342265395543594e-44
-18.422673378674318     3.911111445154732e-51
-18.26896344413278     1.4074890626491205e-58
-18.115253509591234     1.557346970703574e-66
-17.961543575049696     5.297089817122149e-75
-17.807833640508154     5.537622475130745e-84
-17.65412370596661     1.7791701979330526e-93
-17.50041377142507     9.857675724227828e-88
-17.346703836883528     1.6092279852978915e-78
-17.192993902341986     8.061913042077733e-70
-17.039283967800444     1.2394707467612085e-61
-16.8855740332589     5.848066607702136e-54
-16.73186409871736     8.467721556674063e-47
-16.578154164175817     3.762701870350234e-40
-16.424444229634275     5.131138591518554e-34
-16.270734295092733     2.147397845802047e-28
-16.11702436055119     2.758076985973308e-23
-15.963314426009651     1.0872293275585026e-18
-15.809604491468109     1.3155941708330197e-14
-15.655894556926567     4.888472877879267e-11
-15.502184622385025     5.583287120070782e-08
-15.348474687843483     1.964780050456366e-05
-15.194764753301943     0.0021430149250476916
-15.0410548187604     0.07348577396815542
-14.887344884218859     0.8175854627401096
-14.733634949677317     3.1341875406780852
-14.579925015135775     4.655392212654917
-14.426215080594233     4.522424041798338
-14.27250514605269     6.709322389808171
-14.118795211511149     6.349251794680857
-13.965085276969607     3.724934124670697
-13.811375342428065     4.855986480122921
-13.657665407886524     3.8843695927733797
-13.503955473344982     1.0009927652179569
-13.35024553880344     0.07986418542886356
-13.196535604261898     0.0019691410341675587
-13.042825669720356     1.5006643216928713e-05
-12.889115735178814     8.000874500696484e-07
-12.735405800637272     2.6122190435957966e-05
-12.581695866095732     0.00041748778253410644
-12.42798593155419     0.003281709886092393
-12.274275997012648     0.010806242276436458
-12.120566062471106     0.01846198287265262
-11.966856127929564     0.06568931019191351
-11.813146193388022     0.32100109063193105
-11.65943625884648     0.6724538155281186
-11.505726324304938     0.6969102636309596
-11.352016389763396     0.7405202607847724
-11.198306455221855     1.1594783097839678
-11.044596520680313     1.4728722127423088
-10.890886586138771     1.3795958727446727
-10.73717665159723     1.3146466668561643
-10.583466717055687     0.8966986775413379
-10.429756782514145     0.4829995018900956
-10.276046847972603     0.6076080219639164
-10.122336913431063     0.8721442301385073
-9.968626978889521     0.7606231849088889
-9.814917044347979     0.34346414538652625
-9.661207109806437     0.061934340299878585
-9.507497175264895     0.003924331834433308
-9.353787240723353     0.005656879050226852
-9.20007730618181     0.13385771528508367
-9.046367371640269     1.04020663152024
-8.892657437098727     2.8989123525395826
-8.738947502557187     3.508702565631679
-8.585237568015645     2.922141583005205
-8.431527633474103     4.388890527606502
-8.27781769893256     5.431647359536599
-8.124107764391018     3.0792678310702977
-7.970397829849476     2.053260767311926
-7.816687895307934     3.873476389137457
-7.662977960766394     3.155939375888582
-7.509268026224852     0.878284106597977
-7.35555809168331     0.16376468416534895
-7.201848157141768     0.11296529088705808
-7.048138222600226     1.0237949934323614
-6.894428288058684     6.0295300900078015
-6.740718353517142     12.94252513715114
-6.5870084189756     15.944891264760594
-6.433298484434058     19.150124281395073
-6.279588549892518     15.387370017118453
-6.125878615350976     13.109468621116216
-5.972168680809434     10.267359022233702
-5.818458746267892     3.153495480219263
-5.664748811726351     0.3155654655390833
-5.511038877184809     0.010065975472765993
-5.357328942643267     0.00010170015525042751
-5.203619008101725     3.238478591975646e-07
-5.049909073560183     3.235665847979164e-10
-4.896199139018641     1.010306507643292e-13
-4.742489204477099     3.985461205073866e-17
-4.588779269935557     1.0200976619302653e-13
-4.435069335394015     1.0635727110844983e-10
-4.281359400852473     3.405387383763262e-08
-4.127649466310931     3.35689513020398e-06
-3.973939531769389     0.0001030862568207045
-3.820229597227847     0.0010387716987907622
-3.666519662686305     0.004116985593291175
-3.512809728144763     0.008688179401008696
-3.3590997936032245     0.010067961680863519
-3.2053898590616825     0.005696258372087436
-3.0516799245201405     0.001607670246104009
-2.8979699899785984     0.0007033777749711845
-2.7442600554370564     0.0034799088764309004
-2.5905501208955144     0.01308017336496288
-2.4368401863539724     0.02826171656964721
-2.2831302518124303     0.03546683292656737
-2.1294203172708883     0.035445383060652876
-1.9757103827293463     0.03733501659264525
-1.8220004481878043     0.045032004191875384
-1.6682905136462622     0.05650684167376993
-1.5145805791047202     0.0629112838931411
-1.3608706445631782     0.06221560687686945
-1.2071607100216362     0.06651409147167914
-1.0534507754800941     0.07702090179202314
-0.8997408409385521     0.07341226764764294
-0.7460309063970136     0.05488826814138213
-0.5923209718554716     0.05196886852255795
-0.4386110373139296     0.05990061505216064
-0.28490110277238756     0.05290871185910964
-0.13119116823084553     0.036414944691802786
0.022518766310696492     0.02186053604122399
0.17622870085223852     0.007853240452777365
0.32993863539378054     0.0012120201599185494
0.48364856993532257     7.193260408361316e-05
0.6373585044768646     1.5926245641987016e-06
0.7910684390184066     1.2883634524318244e-08
0.9447783735599486     3.679490071612832e-11
1.0984883081014907     3.5587980542496035e-14
1.2521982426430327     1.1250066321371334e-17
1.4059081771845747     1.134384036012145e-21
1.5596181117261132     2.2329758376045143e-25
1.7133280462676552     6.03228062959105e-21
1.8670379808091973     5.961909793638397e-17
2.0207479153507393     1.8090094895346906e-13
2.1744578498922813     1.685978627615258e-10
2.3281677844338233     4.833280448515785e-08
2.4818777189753654     4.281923361412216e-06
2.6355876535169074     0.00011917007103199025
2.7892975880584494     0.001106324960996751
2.9430075225999914     0.004135021109079665
3.0967174571415335     0.008338933034526584
3.2504273916830755     0.009084185263694285
3.4041373262246175     0.005331343922407194
3.5578472607661595     0.003934940024090023
3.7115571953077016     0.003680586736157617
3.8652671298492436     0.0034668936536662444
4.018977064390786     0.003663248587981372
4.172686998932324     0.0027824245455313505
4.326396933473866     0.0018897846979305786
4.480106868015408     0.0021148913559238336
4.63381680255695     0.0014604319906507022
4.787526737098492     0.00043028752038663267
4.941236671640034     5.276285274442655e-05
5.094946606181576     2.419619830911686e-06
5.248656540723118     3.721699558313147e-08
5.40236647526466     1.8156586075515685e-10
5.556076409806202     2.749571844104324e-13
5.709786344347744     2.2165740281157724e-16
5.863496278889286     6.901362474654795e-13
6.017206213430828     1.5675786794595198e-09
6.17091614797237     1.096268821541192e-06
6.3246260825139125     0.0002371472992522
6.478336017055451     0.01605245705040166
6.632045951596993     0.34990496821825157
6.785755886138535     2.63231767493333
6.939465820680077     7.937883563513207
7.093175755221619     12.20826849146208
7.246885689763161     11.280942074888898
7.400595624304703     5.901491925500983
7.554305558846245     4.399415918705155
7.708015493387787     6.875536634494698
7.861725427929329     4.502229117016927
8.015435362470871     0.9807013993422549
8.169145297012413     0.1143935446798138
8.322855231553955     0.11042787932482327
8.476565166095497     0.08145043444181158
8.63027510063704     0.04021461293992672
8.783985035178581     0.06787198412217646
8.937694969720123     0.06045162492211656
9.091404904261662     0.016811047756281408
9.245114838803204     0.001524418318278612
9.398824773344746     0.001587497729027259
9.552534707886288     0.008249439336726758
9.70624464242783     0.013484230319193458
9.859954576969372     0.0072778484555436895
10.013664511510914     0.010019322198274767
10.167374446052456     0.04743727399184637
10.321084380593998     0.07675125218493559
10.474794315135536     0.038150745825319826
10.628504249677082     0.005822176505650408
10.78221418421862     0.00042717967004747635
10.935924118760166     0.0036496138691635817
11.089634053301705     0.026373318713250538
11.24334398784325     0.05855498652407283
11.397053922384789     0.03990070983175162
11.550763856926334     0.008357498045521498
11.704473791467873     0.0010629784437798313
11.858183726009418     0.007023981400550178
12.011893660550957     0.03206684209972326
12.165603595092502     0.06117937215276257
12.31931352963404     0.08894861772251449
12.473023464175586     0.13148688883907417
12.626733398717125     0.1233718392415705
12.780443333258663     0.09750194353152973
12.934153267800209     0.1286134838220099
13.087863202341747     0.18952174654668974
13.241573136883293     0.1649870797465791
13.395283071424831     0.09316293294951666
13.548993005966377     0.06860265158207127
13.702702940507915     0.04009413837219067
13.856412875049461     0.00970305838708774
14.010122809591     0.00714396654099839
14.163832744132545     0.034159096356736876
14.317542678674084     0.06048587853925046
14.47125261321563     0.0360182177345626
14.624962547757168     0.007148150527580855
14.778672482298713     0.00046399884078518775
14.932382416840252     9.652819965532271e-06
15.08609235138179     6.331447808986466e-08
15.239802285923336     1.2949054824825553e-10
15.393512220464874     8.201334221450886e-14
15.54722215500642     1.9249544361561987e-16
15.700932089547958     1.179740615768287e-12
15.854642024089504     2.443122483789212e-09
16.008351958631042     1.5724312698911526e-06
16.162061893172588     0.000316207211803519
16.315771827714126     0.020069936445399318
16.469481762255672     0.4111464058978898
16.62319169679721     2.869206146678396
16.776901631338756     7.785677079359109
16.930611565880294     10.936257734150804
17.08432150042184     11.997783225901877
17.23803143496338     12.02753352608159
17.391741369504924     10.586748667802045
17.545451304046463     9.158997312545953
17.699161238588     4.652715713188833
17.852871173129547     0.9081506972534915
18.006581107671085     0.060003617859323594
18.16029104221263     0.001283271266296287
18.31400097675417     8.693835876120198e-06
18.467710911295715     1.8444634998485244e-08
18.621420845837253     1.2210462991089069e-11
18.7751307803788     1.1216666738512596e-10
18.928840714920337     1.1348497960590799e-07
19.082550649461883     3.553548507688624e-05
19.23626058400342     0.0034843721383272562
19.389970518544967     0.10999652808328883
19.543680453086505     1.1885466703736103
19.69739038762805     4.935766400134609
19.85110032216959     9.504026834022007
20.004810256711135     11.282311270602515
20.158520191252677     9.162639443783291
