-21.812047183177295     1.4528282668577428
-21.658344923641646     1.462102430927422
-21.504642664105994     1.258312912602827
-21.350940404570345     1.5283325142282445
-21.197238145034692     1.6166748951404935
-21.043535885499043     0.741512934319529
-20.88983362596339     0.2819760067927757
-20.736131366427742     0.9405759325452395
-20.58242910689209     1.5755460568756596
-20.42872684735644     0.8182931166955132
-20.275024587820788     0.13103896938522003
-20.12132232828514     0.006469281140180471
-19.967620068749486     9.845337943160452e-05
-19.813917809213837     4.618108644843063e-07
-19.660215549678185     6.675488689547195e-10
-19.506513290142536     2.9730540848055795e-13
-19.352811030606883     4.0787796272119686e-17
-19.199108771071234     1.7233209678356665e-21
-19.04540651153558     2.2418564117176448e-26
-18.891704251999933     8.97740676201138e-32
-18.73800199246428     1.1063483066928635e-37
-18.58429973292863     4.1949744135026916e-44
-18.43059747339298     4.8928894786039244e-51
-18.27689521385733     1.7551204385943933e-58
-18.123192954321677     1.9358244890944113e-66
-17.96949069478603     6.563877786556404e-75
-17.815788435250376     6.840918344681985e-84
-17.662086175714727     2.19114643095059e-93
-17.508383916179078     3.651082251304992e-88
-17.354681656643425     5.969278740528852e-79
-17.200979397107773     2.995195225225278e-70
-17.047277137572124     4.612448011957524e-62
-16.893574878036475     2.1799222777735614e-54
-16.739872618500822     3.161942513036338e-47
-16.58617035896517     1.4075732913121605e-40
-16.43246809942952     1.923064286559977e-34
-16.27876583989387     8.063553898024437e-29
-16.12506358035822     1.037718642544139e-23
-15.971361320822568     4.09901753959852e-19
-15.817659061286918     4.9704318648293736e-15
-15.663956801751267     1.8509389364139894e-11
-15.510254542215616     2.1188497653334128e-08
-15.356552282679967     7.47456519864008e-06
-15.202850023144315     0.0008174943156258492
-15.049147763608666     0.02812434706505456
-14.895445504073013     0.31420957971896646
-14.741743244537364     1.2108084436373807
-14.588040985001712     1.8081627483598968
-14.434338725466063     1.758680381441978
-14.28063646593041     2.6006914891916253
-14.126934206394761     2.4609460400632694
-13.973231946859109     1.4564045871296563
-13.81952968732346     1.9154883053244394
-13.665827427787809     1.5317186998299288
-13.512125168252158     0.39424538610587884
-13.358422908716507     0.031412220016871883
-13.204720649180857     0.0007733649204546682
-13.051018389645206     5.882967768872286e-06
-12.897316130109555     2.2153180756611353e-07
-12.743613870573904     1.230629157094909e-05
-12.589911611038254     0.00033803354060922325
-12.436209351502603     0.0034744254993204523
-12.282507091966952     0.013250735587747423
-12.128804832431301     0.03293814446792422
-11.97510257289565     0.18580210383388573
-11.82140031336     0.9613345481080564
-11.667698053824349     2.0253244007081865
-11.513995794288698     2.0967796461258335
-11.360293534753048     2.089566505018647
-11.206591275217397     2.946314176378902
-11.052889015681746     3.6348427421256413
-10.899186756146095     3.4324945193578555
-10.745484496610445     3.3098004655928386
-10.591782237074794     2.272985182753737
-10.438079977539143     1.1757211907910208
-10.284377718003492     1.380897329833277
-10.130675458467842     1.891268253460762
-9.97697319893219     1.5607721502037093
-9.82327093939654     0.6790178583845365
-9.66956867986089     0.12038894060306934
-9.515866420325239     0.0074569053086600634
-9.36216416078959     0.0016197523555510904
-9.208461901253939     0.03534239979319429
-9.054759641718288     0.2750022381863506
-8.901057382182637     0.7654152075933405
-8.747355122646987     0.9216967015951778
-8.593652863111336     0.7611695003034716
-8.439950603575685     1.1269929550502458
-8.286248344040034     1.3741426164184862
-8.132546084504384     0.7666327608950246
-7.978843824968733     0.496567068566564
-7.825141565433082     0.9282891227550144
-7.671439305897431     0.7563743505428804
-7.5177370463617805     0.21332693116396323
-7.36403478682613     0.04444345902462208
-7.210332527290479     0.0394274372491647
-7.056630267754828     0.3955069443106883
-6.9029280082191775     2.3439936062850255
-6.749225748683527     5.053440112543545
-6.595523489147876     6.240455263374613
-6.441821229612225     7.496214872321587
-6.2881189700765745     6.056315218455882
-6.134416710540924     5.232331718453555
-5.980714451005273     4.114816565530214
-5.827012191469622     1.2645253369877758
-5.6733099319339715     0.12664157265711137
-5.5196076723983225     0.004045462042745967
-5.36590541286267     4.095665080073553e-05
-5.212203153327021     1.307547783466572e-07
-5.0585008937913685     1.3102819119587733e-10
-4.9047986342557195     4.1044796606727736e-14
-4.751096374720067     1.3557648501420707e-17
-4.597394115184418     3.239384677218639e-14
-4.4436918556487655     3.371550133538826e-11
-4.2899895961131165     1.0773088183627735e-08
-4.136287336577464     1.0580853923383967e-06
-3.982585077041815     3.212604524644252e-05
-3.8288828175061624     0.00030961264750862616
-3.6751805579705135     0.0010569091967033222
-3.521478298434861     0.0017454108909792374
-3.367776038899212     0.0019850633656638508
-3.2140737793635594     0.001564356398786112
-3.0603715198279104     0.0006443692978943463
-2.906669260292258     0.00024685211027547277
-2.752967000756609     0.0009220716978093985
-2.5992647412209564     0.0030381698430332763
-2.4455624816853074     0.00617021437846282
-2.291860222149655     0.007590125181009362
-2.138157962614006     0.007777726801342056
-1.984455703078357     0.009417802113768912
-1.8307534435427044     0.012966013646454305
-1.6770511840070554     0.017385763624854427
-1.523348924471403     0.020507134857978768
-1.369646664935754     0.02337979429622277
-1.2159444054001014     0.027395225931087997
-1.0622421458644524     0.03084304783343463
-0.9085398863287999     0.029424199522629885
-0.7548376267931509     0.023820758709589086
-0.6011353672574984     0.02240252351033047
-0.4474331077218494     0.023443743344760994
-0.2937308481861969     0.0186926167972254
-0.1400285886505479     0.012126557774227909
0.013673670885104627     0.007217333627687593
0.1673759304207536     0.0025527904745927025
0.32107818995640613     0.0003931319799262375
0.4747804494920551     2.418128482009402e-05
0.6284827090277076     5.784111344315632e-07
0.7821849685633566     5.164754357320498e-09
0.9358872280990091     1.621442614830429e-11
1.0895894876346581     1.694639207392254e-14
1.2432917471703107     5.68447053945527e-18
1.3969940067059596     5.993591579670676e-22
1.5506962662416122     7.69192421556131e-26
1.7043985257772611     1.870122063008401e-21
1.8581007853129137     1.8744257934290742e-17
2.0118030448485626     5.769109289457052e-14
2.165505304384215     5.457855278943954e-11
2.319207563919864     1.5916602303838333e-08
2.4729098234555167     1.4431385326104236e-06
2.6266120829911657     4.1781549719888816e-05
2.780314342526818     0.0004200115593060697
2.934016602062467     0.0018194092659377756
3.087718861598116     0.004410185309042822
3.2414211211337687     0.005790027244931048
3.3951233806694177     0.0039846327952334625
3.54882564020507     0.0027382965508083727
3.702527899740719     0.002397180154596239
3.8562301592763717     0.0022693669036671464
4.009932418812021     0.002446310262116926
4.163634678347673     0.0019390116056984428
4.317336937883322     0.0016133178290508214
4.471039197418975     0.0020639246552441506
4.624741456954624     0.001395054401658944
4.778443716490276     0.00038664179640266524
4.932145976025925     4.499501936757863e-05
5.085848235561578     2.0180189628649777e-06
5.239550495097227     3.0985012470871624e-08
5.393252754632879     1.5220390950605987e-10
5.546955014168528     2.3278112047571775e-13
5.700657273704181     1.1061055914023089e-16
5.85435953323983     6.076955040665302e-15
6.008061792775482     1.388818919797762e-11
6.161764052311131     9.803193567488282e-09
6.315466311846784     2.155211711893487e-06
6.469168571382433     0.0001503373825269435
6.622870830918085     0.003455551708073462
6.776573090453734     0.027985058495591356
6.930275349989387     0.08891762320021422
7.083977609525036     0.13548002803566916
7.237679869060688     0.1271721252608425
7.391382128596337     0.06619925925488132
7.54508438813199     0.022741448433559654
7.698786647667639     0.021381423469258094
7.852488907203288     0.0177358752230164
8.00619116673894     0.09905549476085086
8.15989342627459     0.7450133804089536
8.313595685810242     1.7758180877081364
8.46729794534589     1.3545708474510896
8.621000204881543     0.8498430416186514
8.774702464417192     1.6797805653600497
8.928404723952845     1.5131237849458263
9.082106983488494     0.4233364116810153
9.235809243024146     0.04837202892733607
9.389511502559795     0.21195940576030914
9.543213762095448     1.1340501939686431
9.696916021631097     1.8707807073738352
9.85061828116675     0.9590056473931469
10.004320540702398     0.3564652254837721
10.15802280023805     1.1214217145577676
10.311725059773703     1.8207550924962164
10.465427319309352     0.9128800003027164
10.619129578845001     0.14053574012721207
10.77283183838065     0.011252653580449214
10.926534097916306     0.1099994192068542
11.080236357451955     0.8026700733012663
11.233938616987604     1.7991447849737126
11.387640876523253     1.2376576579792495
11.54134313605891     0.2621076477194668
11.695045395594558     0.050651909518062886
11.848747655130207     0.45231246194167624
12.002449914665856     2.082356947028634
12.156152174201512     3.9265864273291196
12.309854433737161     5.250074207981131
12.46355669327281     7.170963901052619
12.61725895280846     6.394926836937814
12.770961212344108     4.7198440287993835
12.924663471879764     5.635292303866175
13.078365731415413     7.794118698455654
13.232067990951062     6.7762268732222
13.385770250486711     4.26949875877325
13.539472510022367     3.1852261687125756
13.693174769558016     1.707122569666297
13.846877029093665     0.4037132687804411
14.000579288629314     0.3943180986201779
14.15428154816497     1.9361730336390712
14.30798380770062     3.416671155361169
14.461686067236268     2.0266422999368454
14.615388326771917     0.4010617599724777
14.769090586307573     0.026005643240234265
14.922792845843222     0.0005413682387809846
15.076495105378871     3.5580167396966388e-06
15.23019736491452     7.297911589316374e-09
15.383899624450176     4.638159314951393e-12
15.537601883985825     1.037605000595088e-15
15.691304143521474     8.596775034496459e-13
15.845006403057123     1.787651413942377e-09
15.99870866259278     1.1553489705283594e-06
16.15241092212843     0.0002333180138252383
16.306113181664077     0.014873247454784945
16.459815441199726     0.3060351469576658
16.613517700735382     2.1443974435748703
16.76721996027103     5.8328404171716315
16.92092221980668     8.186194135084822
17.07462447934233     8.961503038928427
17.228326738877985     8.977047010668429
17.382028998413634     7.880379237324029
17.535731257949283     6.797010690082104
17.689433517484932     3.453115474330921
17.84313577702058     0.6745056644143702
17.996838036556237     0.044591995091113175
18.150540296091886     0.0009540464578435435
18.304242555627535     6.465181793158131e-06
18.457944815163184     1.3718998040152318e-08
18.61164707469884     9.078310411165618e-12
18.76534933423449     6.741179017169328e-11
18.91905159377014     6.857554674031769e-08
19.072753853305787     2.159414059201648e-05
19.226456112841444     0.002129960843396733
19.380158372377092     0.0676659206094349
19.53386063191274     0.7358976848173753
19.68756289144839     3.0728176944056127
19.841265150984047     5.935086538715312
19.994967410519696     7.055009917349332
20.148669670055348     5.735353634126616
