-21.165178150296537     0.06814770120739622
-21.091737693471316     0.15035534084404062
-21.018297236646095     0.2627206839239399
-20.944856779820874     0.373731760317705
-20.871416322995653     0.4491633960113549
-20.797975866170436     0.47368042234922236
-20.724535409345215     0.4534713051168054
-20.651094952519994     0.4131445888766285
-20.577654495694773     0.3829328645965293
-20.504214038869552     0.36639512349845843
-20.43077358204433     0.33274981233337214
-20.35733312521911     0.26093228999908263
-20.28389266839389     0.17280332720487124
-20.21045221156867     0.10626957505303246
-20.137011754743448     0.07386365996589549
-20.06357129791823     0.06078753281322088
-19.99013084109301     0.05009645969081919
-19.91669038426779     0.038431394383043826
-19.843249927442567     0.033855493592748497
-19.769809470617346     0.04922828953028889
-19.696369013792125     0.09886141501267212
-19.622928556966905     0.19220002961871738
-19.549488100141684     0.3174196892135606
-19.476047643316463     0.428646396447606
-19.402607186491245     0.4672234859864584
-19.329166729666024     0.4114334531118975
-19.255726272840803     0.2975600796863588
-19.182285816015582     0.18741732370556882
-19.10884535919036     0.12901911398287025
-19.03540490236514     0.1456652975290154
-18.96196444553992     0.2331055510247977
-18.8885239887147     0.3509783692745887
-18.815083531889478     0.43871895943092254
-18.74164307506426     0.46664933266015585
-18.66820261823904     0.4597688256736759
-18.59476216141382     0.44902689076421354
-18.521321704588598     0.42157761680745454
-18.447881247763377     0.3495156319509824
-18.374440790938156     0.24368637145900107
-18.301000334112935     0.14502111551247823
-18.227559877287714     0.07868662684223793
-18.154119420462493     0.04124925274140723
-18.080678963637276     0.020397814371373557
-18.007238506812055     0.008766879159385742
-17.933798049986834     0.0030582061012713367
-17.860357593161613     0.0008353078238683932
-17.786917136336392     0.00017592097453083915
-17.71347667951117     2.8396318137925238e-05
-17.64003622268595     3.5049735016778803e-06
-17.56659576586073     3.3053090191864315e-07
-17.493155309035508     2.3806979115458375e-08
-17.41971485221029     1.309511221490555e-09
-17.34627439538507     5.500566096367181e-11
-17.27283393855985     1.7643774856479923e-12
-17.199393481734628     4.321742302439994e-14
-17.125953024909407     8.083667702374675e-16
-17.052512568084186     1.1546221496628552e-17
-16.979072111258965     1.2593690658721623e-19
-16.905631654433744     1.0489331487886453e-21
-16.832191197608523     6.671511385682678e-24
-16.758750740783306     3.24027804019624e-26
-16.685310283958085     1.201771624791893e-28
-16.611869827132864     3.4036369891165198e-31
-16.538429370307643     7.361158083813648e-34
-16.464988913482422     1.215711919419754e-36
-16.3915484566572     1.533192991930366e-39
-16.31810799983198     1.4765378919922076e-42
-16.24466754300676     1.0858603824427925e-45
-16.17122708618154     6.0979773952070665e-49
-16.09778662935632     3.8517825211372145e-51
-16.0243461725311     8.655683257612959e-48
-15.95090571570588     1.5935548709002536e-44
-15.877465258880658     2.2404161716054191e-41
-15.804024802055437     2.405420431568502e-38
-15.730584345230216     1.972241097058606e-35
-15.657143888404995     1.2349340529945012e-32
-15.583703431579774     5.9054485933455636e-30
-15.510262974754555     2.156757831053545e-27
-15.436822517929334     6.015998153970955e-25
-15.363382061104115     1.2817288105484991e-22
-15.289941604278894     2.085925344873708e-20
-15.216501147453673     2.5933292032725938e-18
-15.143060690628452     2.4633613320495764e-16
-15.069620233803231     1.788062352666022e-14
-14.99617977697801     9.920099917985476e-13
-14.92273932015279     4.207768023614838e-11
-14.84929886332757     1.3650549411253178e-09
-14.77585840650235     3.388580400304284e-08
-14.702417949677129     6.440498074357633e-07
-14.62897749285191     9.37973709114907e-06
-14.555537036026688     0.00010477348474719567
-14.482096579201468     0.000898707716818466
-14.408656122376247     0.005928083136375095
-14.335215665551026     0.030120875281918893
-14.261775208725805     0.11811423174545845
-14.188334751900586     0.35818908491138757
-14.114894295075365     0.8418546341268502
-14.041453838250144     1.5371009120985926
-13.968013381424925     2.1877262883448703
-13.894572924599704     2.4474261448415833
-13.821132467774483     2.2109386386115153
-13.747692010949262     1.7529711359286033
-13.67425155412404     1.4469364630876465
-13.60081109729882     1.3865475995377323
-13.5273706404736     1.3692184546902046
-13.45393018364838     1.223362014723366
-13.380489726823159     1.03552843676613
-13.30704926999794     1.0059827350369432
-13.233608813172719     1.1575119268145382
-13.160168356347498     1.281859291257065
-13.086727899522277     1.1841462144401393
-13.013287442697056     0.9162134947947618
-12.939846985871835     0.7263005829743628
-12.866406529046616     0.8166563325282227
-12.792966072221395     1.1822011046104477
-12.719525615396174     1.6539436603964848
-12.646085158570953     2.0597567483466985
-12.572644701745734     2.3146399154792525
-12.499204244920513     2.3786252555030734
-12.425763788095292     2.2251578860496983
-12.352323331270071     1.8771789431650514
-12.27888287444485     1.4103832766688438
-12.205442417619631     0.9204476128304695
-12.13200196079441     0.5034180593579614
-12.05856150396919     0.22292801266114687
-11.985121047143968     0.07796127029367995
-11.911680590318749     0.02121372960390435
-11.838240133493528     0.004472442058320434
-11.764799676668307     0.0008112991062735889
-11.691359219843086     0.0004735329081127244
-11.617918763017865     0.0013145715515806447
-11.544478306192646     0.003641254833891873
-11.471037849367425     0.00851714618716853
-11.397597392542204     0.017307321154000493
-11.324156935716983     0.03172525406787502
-11.250716478891764     0.053666123372168015
-11.177276022066543     0.08363684359458752
-11.103835565241322     0.11882230583732992
-11.030395108416101     0.15368488743144904
-10.95695465159088     0.18202982030373716
-10.883514194765661     0.1978821465014859
-10.81007373794044     0.19880145017902942
-10.73663328111522     0.19263403470294907
-10.663192824289998     0.19695927568848764
-10.58975236746478     0.2262060938298017
-10.516311910639558     0.27884631171792235
-10.442871453814337     0.3374717077509149
-10.369430996989117     0.38305050289148984
-10.295990540163896     0.412147060359536
-10.222550083338676     0.43468508247119275
-10.149109626513455     0.45054459107347283
-10.075669169688235     0.4414520952388427
-10.002228712863014     0.39271012288527596
-9.928788256037793     0.3098779015210701
-9.855347799212574     0.21297222623381928
-9.781907342387353     0.1264137541597279
-9.708466885562132     0.07280338958682338
-9.63502642873691     0.06869304237596839
-9.561585971911692     0.12334744864786085
-9.48814551508647     0.23354603885844485
-9.41470505826125     0.37388588667325784
-9.341264601436029     0.5017066192399161
-9.267824144610808     0.5825685064657153
-9.194383687785589     0.6107007176368611
-9.120943230960368     0.605654774625362
-9.047502774135147     0.5955956821101351
-8.974062317309926     0.6001342478793381
-8.900621860484707     0.6158979228128545
-8.827181403659486     0.6145462014219406
-8.753740946834265     0.5637012639030862
-8.680300490009044     0.4575919048480162
-8.606860033183823     0.32836761917757273
-8.533419576358604     0.22661998700762573
-8.459979119533383     0.18799651554823738
-8.386538662708162     0.21489681566520172
-8.313098205882941     0.29341569424529235
-8.23965774905772     0.43964672363884955
-8.166217292232501     0.7262034238698843
-8.09277683540728     1.2113703580609927
-8.019336378582059     1.7857924621190808
-7.945895921756838     2.148245912419218
-7.872455464931619     2.0677048068814172
-7.799015008106398     1.6607290749347134
-7.725574551281177     1.2793053031469
-7.652134094455956     1.127500906425435
-7.578693637630735     1.1019768036051731
-7.505253180805516     1.0075012879358942
-7.431812723980295     0.8178011492170518
-7.358372267155074     0.6796124450543604
-7.284931810329853     0.7208077893341154
-7.211491353504634     0.8999448486331597
-7.138050896679413     1.0330593310350857
-7.064610439854192     0.9694849712417969
-6.991169983028971     0.7451182478777642
-6.91772952620375     0.5494168111927346
-6.844289069378531     0.5598766884662962
-6.77084861255331     0.8209026111365577
-6.697408155728089     1.2464987574434123
-6.623967698902868     1.730250780391596
-6.550527242077649     2.2784438747310345
-6.477086785252428     3.0210177691561166
-6.403646328427207     4.052905510728045
-6.3302058716019864     5.237515961511642
-6.2567654147767655     6.1611742334119874
-6.183324957951546     6.366141361053516
-6.109884501126325     5.778249417053617
-6.0364440443011045     4.901416506391277
-5.9630035874758835     4.399417504356585
-5.889563130650664     4.440871266614252
-5.8161226738254435     4.635745115211231
-5.7426822170002225     4.605988210702966
-5.669241760175002     4.34142299294345
-5.595801303349781     3.9570535642252453
-5.5223608465245615     3.455849942324399
-5.448920389699341     2.927740951575188
-5.37547993287412     2.7088784549140117
-5.302039476048899     3.0546572717960854
-5.228599019223678     3.7482010676881186
-5.155158562398459     4.252342667497575
-5.081718105573238     4.231368356674884
-5.008277648748017     3.7845997936260973
-4.934837191922796     3.223015552691219
-4.861396735097575     2.7576099257232234
-4.787956278272354     2.3757482912963384
-4.714515821447133     1.9495695747012447
-4.641075364621916     1.4471933673020543
-4.567634907796695     0.9870847178081865
-4.494194450971474     0.6891608849226415
-4.420753994146253     0.5512407536496314
-4.347313537321032     0.4789882686192022
-4.273873080495811     0.38771145167950066
-4.20043262367059     0.2634524798089506
-4.126992166845369     0.14431662535462708
-4.053551710020148     0.06545157107795328
-3.9801112531949308     0.03307358695544269
-3.90667079636971     0.03654428143724784
-3.833230339544489     0.06328384892367478
-3.759789882719268     0.09937226746502333
-3.686349425894047     0.12834308749634413
-3.612908969068826     0.13791660495294922
-3.539468512243605     0.12699013150536737
-3.466028055418384     0.10496417175308688
-3.3925875985931633     0.0849209108025729
-3.319147141767946     0.07424940738364544
-3.245706684942725     0.069614149668032
-3.172266228117504     0.06351303691064324
-3.098825771292283     0.05477777715719515
-3.025385314467062     0.04833294007215077
-2.9519448576418412     0.046947599558655594
-2.8785044008166203     0.04940525434167963
-2.8050639439913994     0.055907753274457635
-2.7316234871661784     0.06901535356155857
-2.658183030340961     0.0875562515061769
-2.58474257351574     0.10390756988710916
-2.511302116690519     0.11029421026731372
-2.4378616598652982     0.10591099838620067
-2.3644212030400773     0.09644745067853855
-2.2909807462148564     0.08889924494611064
-2.2175402893896354     0.08703706556573045
-2.1440998325644145     0.08855710593242419
-2.0706593757391936     0.0865614666450393
-1.9972189189139762     0.07663207791502
-1.9237784620887552     0.0618015556931876
-1.8503380052635343     0.048895575941608545
-1.7768975484383134     0.04184172217163464
-1.7034570916130924     0.04005174058237347
-1.6300166347878715     0.04144549069246307
-1.5565761779626506     0.04503333567661765
-1.4831357211374296     0.050440817275800034
-1.4096952643122087     0.05602784682667515
-1.3362548074869913     0.05926400586166777
-1.2628143506617704     0.05970539583112106
-1.1893738938365495     0.06000628113524498
-1.1159334370113285     0.06257199663983018
-1.0424929801861076     0.06630087660634067
-0.9690525233608867     0.06792741544037718
-0.8956120665356657     0.0658186419989758
-0.8221716097104448     0.06133829839492958
-0.7487311528852238     0.056819975325250315
-0.6752906960600065     0.05311948562834166
-0.6018502392347855     0.049303371023593195
-0.5284097824095646     0.04419275043257784
-0.45496932558434366     0.03785036141755467
-0.38152886875912273     0.03166360221511544
-0.3080884119339018     0.02712218077239923
-0.23464795510868086     0.024461910576190214
-0.16120749828345993     0.022437626222240836
-0.08776704145823899     0.01946251692232937
-0.01432658463302161     0.01500114211538574
0.059113872192199324     0.009889389443895544
0.13255432901742026     0.005457980685112126
0.2059947858426412     0.0024914438540811867
0.2794352426678621     0.0009342923312530314
0.35287569949308306     0.00028671853506807225
0.426316156318304     7.181096300952045e-05
0.49975661314352493     1.4847352769169811e-05
0.5731970699687459     4.090699889157624e-06
0.6466375267939668     9.27796276233104e-06
0.7200779836191842     3.652875401333804e-05
0.7935184404444051     0.00011460923279147769
0.866958897269626     0.000278921193709773
0.940399354094847     0.000530512144269998
1.013839810920068     0.00080049998546084
1.0872802677452889     0.00098473711692031
1.1607207245705098     0.0010329963933318322
1.2341611813957307     0.0009759919795663029
1.3076016382209517     0.0008556714298801099
1.381042095046169     0.0006793845009797435
1.45448255187139     0.00046146612982491975
1.527923008696611     0.0002548861664611593
1.6013634655218318     0.00011096140447011934
1.6748039223470528     3.745885232733313e-05
1.7482443791722737     9.728537574969178e-06
1.8216848359974946     1.9364053811589425e-06
1.8951252928227156     2.948508113981978e-07
1.9685657496479365     3.4314565793160616e-08
2.042006206473154     3.055968039760787e-09
2.115446663298375     3.1668249780678976e-10
2.1888871201235958     1.81217405499682e-09
2.2623275769488167     2.2641460663143155e-08
2.3357680337740376     2.1746578866991044e-07
2.4092084905992586     1.5971853211114993e-06
2.4826489474244795     8.979454691747492e-06
2.5560894042497004     3.871935762589981e-05
2.6295298610749214     0.00012853474295652353
2.7029703179001388     0.0003309510900028624
2.7764107747253597     0.0006711374176065984
2.8498512315505806     0.0011063515603120576
2.9232916883758016     0.0015738301150352433
2.9967321452010225     0.002102805805731993
3.0701726020262434     0.0027952633012999157
3.1436130588514644     0.003604927987409535
3.2170535156766853     0.004206645223685435
3.2904939725019062     0.004243843851903484
3.3639344293271236     0.003704589100761077
3.4373748861523445     0.0029253566844002835
3.5108153429775655     0.0022526164813182737
3.5842557998027864     0.001824162232364333
3.6576962566280073     0.0016201415365772515
3.7311367134532283     0.0015743641419567265
3.804577170278449     0.0016125129568912277
3.87801762710367     0.0016475398320514596
3.951458083928891     0.0015960417643850438
4.0248985407541085     0.0014272828890338279
4.098338997579329     0.0011852501427331511
4.17177945440455     0.0009527582152949155
4.245219911229771     0.0008042051239133952
4.318660368054992     0.0007675577317131072
4.392100824880213     0.0007911837797493829
4.465541281705434     0.0007680751076506176
4.538981738530655     0.0006320186760008553
4.612422195355876     0.00041924720761419453
4.685862652181097     0.00021963834837095987
4.759303109006314     9.00701388643201e-05
4.832743565831535     2.8777027794631714e-05
4.906184022656756     7.140795716858929e-06
4.979624479481977     1.3728895301263269e-06
5.053064936307198     2.041029585500682e-07
5.126505393132419     2.3423871499123135e-08
5.19994584995764     2.072253130911275e-09
5.273386306782861     1.4114644136489613e-10
5.346826763608082     7.394046701447247e-12
5.420267220433299     2.976343860753388e-13
5.49370767725852     9.198724413597763e-15
5.567148134083741     2.181293533576169e-16
5.640588590908962     3.966233377989686e-18
5.714029047734183     5.526981117776158e-20
5.787469504559404     5.899828785614209e-22
5.860909961384625     4.8245367221283385e-24
5.934350418209846     6.65188408335948e-25
6.007790875035067     1.3721665525683507e-22
6.081231331860284     2.2641680500499105e-20
6.154671788685505     2.8529478432199303e-18
6.228112245510726     2.745130142660947e-16
6.301552702335947     2.0170556464824252e-14
6.374993159161168     1.131780283099642e-12
6.448433615986389     4.849556158318089e-11
6.52187407281161     1.5868979892449678e-09
6.5953145296368305     3.965739403309662e-08
6.6687549864620514     7.569474501649881e-07
6.742195443287269     1.103680358174067e-05
6.81563590011249     0.00012296556928104754
6.889076356937711     0.0010474083958139223
6.962516813762932     0.0068274093541962275
7.035957270588153     0.03411519147240318
7.1093977274133735     0.1310720860965732
7.182838184238594     0.38924595643560667
7.256278641063815     0.9013135805771099
7.329719097889036     1.6493770316600438
7.403159554714254     2.430023155863147
7.476600011539475     2.944964231905218
7.550040468364696     2.999134147199189
7.6234809251899165     2.6394372718266257
7.696921382015137     2.1516883368982436
7.770361838840358     1.8707022489202914
7.843802295665579     1.8767835223775362
7.9172427524908     1.9088037140251937
7.990683209316021     1.6699718145648448
8.064123666141239     1.1605065175479836
8.13756412296646     0.6266248671760658
8.21100457979168     0.2780305162262594
8.284445036616901     0.16980358972411427
8.357885493442122     0.29554649861149557
8.431325950267343     0.6556709894664353
8.504766407092564     1.1761475450005743
8.578206863917785     1.6185269763785675
8.651647320743006     1.7014530384559734
8.725087777568223     1.3660646278776472
8.798528234393444     0.8389751417176594
8.871968691218665     0.40219445751437866
8.945409148043886     0.1878871290313019
9.018849604869107     0.2100243658637662
9.092290061694328     0.4882096584051916
9.165730518519549     1.0610907519970691
9.23917097534477     1.8918703203427887
9.31261143216999     2.8215494636150074
9.386051888995208     3.6259482519482376
9.45949234582043     4.060284701582359
9.53293280264565     3.901411964717228
9.606373259470871     3.121784262285252
9.679813716296092     2.0219513073379654
9.753254173121313     1.0391083508134176
9.826694629946534     0.418554871995334
9.900135086771755     0.13118091890351444
9.973575543596976     0.031844378361197107
10.047016000422197     0.005968850833865157
10.120456457247414     0.0008618837333699096
10.193896914072635     9.570364135891772e-05
10.267337370897856     8.160282819545672e-06
10.340777827723077     5.336707905642645e-07
10.414218284548298     2.6743934487393994e-08
10.487658741373519     1.026204772411834e-09
10.56109919819874     3.013282430559865e-11
10.63453965502396     6.768030547797871e-13
10.707980111849182     1.3264696415329907e-14
10.781420568674399     5.385902027934603e-14
10.85486102549962     1.3410283876612201e-12
10.928301482324844     2.5589010104302095e-11
11.001741939150062     3.7343838178788573e-10
11.075182395975279     4.175139884133144e-09
11.148622852800504     3.589339274659227e-08
11.222063309625721     2.3920073877892954e-07
11.295503766450945     1.257315403812873e-06
11.368944223276163     5.394601990537801e-06
11.442384680101387     1.9974683916659056e-05
11.515825136926605     6.766185239583476e-05
11.58926559375183     0.0002130505383685525
11.662706050577047     0.0005990336084447812
11.736146507402271     0.0014237031461302714
11.809586964227488     0.0027645285020920186
11.883027421052706     0.0043561818016569056
11.95646787787793     0.00566393919282212
12.029908334703148     0.006293241911742602
12.103348791528372     0.006250149561156338
12.17678924835359     0.005869873116063346
12.250229705178814     0.005821540203298226
12.323670162004031     0.007185836576072431
12.397110618829256     0.01103384963504177
12.470551075654473     0.017556148671404
12.54399153247969     0.0257168247728471
12.617431989304915     0.03389479490521252
12.690872446130133     0.04072022594358967
12.764312902955357     0.045583925903022134
12.837753359780574     0.04885195804405058
12.911193816605799     0.05124233578696249
12.984634273431016     0.05290973240106097
13.05807473025624     0.05389332533612295
13.131515187081458     0.05487604900477258
13.204955643906676     0.055965757018617744
13.2783961007319     0.05504669184768404
13.351836557557117     0.049138815971995396
13.425277014382342     0.038203619845130335
13.49871747120756     0.02669392708069204
13.572157928032784     0.02023359025265308
13.645598384858001     0.020968087821744988
13.719038841683226     0.02676664288481391
13.792479298508443     0.03436834263420205
13.86591975533366     0.04179649188285678
13.939360212158885     0.04747306667639199
14.012800668984102     0.049423408194180965
14.086241125809327     0.04737591421946611
14.159681582634544     0.044149735972765496
14.233122039459769     0.043167605650577534
14.306562496284986     0.04545024567185222
14.38000295311021     0.04995002488643209
14.453443409935428     0.05601637986345865
14.526883866760645     0.06476631168795306
14.60032432358587     0.07773199631134414
14.673764780411087     0.09304915562815022
14.747205237236312     0.10369257679661524
14.820645694061529     0.10412886798776039
14.894086150886753     0.0994575288505968
14.96752660771197     0.10092055042116545
15.040967064537195     0.10968257103331654
15.114407521362413     0.11236725588281812
15.18784797818763     0.09710502938547852
15.261288435012855     0.0683904130366577
15.334728891838072     0.041489333624491344
15.408169348663296     0.02645110640855378
15.481609805488514     0.021695749724646253
15.555050262313738     0.020342966660623213
15.628490719138956     0.019089981453566274
15.70193117596418     0.021183422340839836
15.775371632789398     0.03215137017287789
15.848812089614615     0.052270915428999476
15.92225254643984     0.07273438318456181
15.995693003265057     0.08158661963027314
16.06913346009028     0.07560931139077777
16.1425739169155     0.06448897545456217
16.216014373740723     0.062373683906533785
16.28945483056594     0.07697625565723235
16.362895287391165     0.10369636596892262
16.436335744216382     0.12611682226023943
16.5097762010416     0.12689607681806514
16.583216657866824     0.10325587293609682
16.65665711469204     0.06859640692341155
16.730097571517266     0.0384070210802324
16.803538028342484     0.02013387716977546
16.876978485167708     0.018349594734802827
16.950418941992925     0.051966546317151384
17.02385939881815     0.17854470304624578
17.097299855643367     0.5046971104691175
17.170740312468585     1.132278204074139
17.24418076929381     2.0318278390759152
17.317621226119027     2.970902653134849
17.39106168294425     3.6390707002525393
17.46450213976947     3.8764750432394597
17.537942596594693     3.76970481027297
17.61138305341991     3.5446265539406494
17.684823510245135     3.372469997410777
17.758263967070352     3.2684774929903093
17.83170442389557     3.1784443327020115
17.905144880720794     3.08064808696892
17.97858533754601     2.928410720329085
18.052025794371236     2.617233385636235
18.125466251196453     2.1277375566935173
18.198906708021678     1.6149364462833131
18.272347164846895     1.2874618737089734
18.34578762167212     1.2463853997572631
18.419228078497337     1.4496342748044717
18.492668535322554     1.8105141340521211
18.56610899214778     2.3061182092386074
18.639549448972996     2.9109752374564586
18.71298990579822     3.4316649888539854
18.786430362623438     3.5719648471537235
18.859870819448663     3.2337960344117294
18.93331127627388     2.6348029940032407
19.006751733099104     2.0591774001945518
19.080192189924322     1.5880696222246649
19.15363264674954     1.1460912401345071
19.227073103574764     0.7105593605464512
19.30051356039998     0.3559021221840259
19.373954017225206     0.1398514392739118
19.447394474050423     0.044745988860908886
19.520834930875647     0.023678804374401986
19.594275387700865     0.05964711313776269
19.66771584452609     0.18557650647479496
19.741156301351307     0.45794228596760056
19.814596758176524     0.883502033223424
19.88803721500175     1.3603802625227623
19.961477671826966     1.7324125875922876
20.03491812865219     1.9110923725086317
20.108358585477408     1.9064970191298454
20.181799042302632     1.7827720321332625
20.25523949912785     1.6471745239172315
20.328679955953074     1.600697732067841
20.40212041277829     1.6340591024636575
20.47556086960351     1.6601040764451074
20.549001326428733     1.6498488057586613
20.62244178325395     1.6115178061550701
20.695882240079175     1.4776474950423863
20.769322696904393     1.1715166184642867
20.842763153729617     0.7575000731405932
20.916203610554835     0.41001673077761086
20.98964406738006     0.2732384617594568
21.063084524205276     0.4230764757222003
21.136524981030494     0.888477061815255
21.20996543785572     1.5813376817278897
21.283405894680936     2.211381704665683
21.35684635150616     2.4175605937991893
21.430286808331378     2.087347245594607
21.503727265156602     1.4956585013243535
21.57716772198182     1.064028940299967
21.650608178807044     1.0007350576715703
21.72404863563226     1.169255900936192
21.797489092457486     1.2602046440521304
