-21.15652493001822     0.008741632350863685
-21.083084240617065     0.01140117968066016
-21.00964355121591     0.012754179778069693
-20.936202861814753     0.012934341135083498
-20.862762172413596     0.012776325796599557
-20.78932148301244     0.012965767509053757
-20.71588079361128     0.013673602508946964
-20.642440104210124     0.015230830134867975
-20.568999414808967     0.018436730222429015
-20.49555872540781     0.023090348927009046
-20.422118036006655     0.02677821314342804
-20.3486773466055     0.026980635785330033
-20.275236657204342     0.0244408900353953
-20.201795967803186     0.022514760812656093
-20.12835527840203     0.022780295039550032
-20.054914589000873     0.02319339527291625
-19.981473899599717     0.021378772939180442
-19.90803321019856     0.01801647348838835
-19.8345925207974     0.01581675457952537
-19.761151831396244     0.01668398122467353
-19.687711141995088     0.021364940060069202
-19.61427045259393     0.030517235206606846
-19.540829763192775     0.044004862493526094
-19.46738907379162     0.059043722304391554
-19.393948384390463     0.06993941665396167
-19.320507694989306     0.07087862375524641
-19.24706700558815     0.061156474983675116
-19.173626316186994     0.048122856123712636
-19.100185626785837     0.04242407097842969
-19.026744937384677     0.04826837081369815
-18.95330424798352     0.05858225614558821
-18.879863558582365     0.061272054126090006
-18.80642286918121     0.05098738620061205
-18.732982179780052     0.033284967987383125
-18.659541490378896     0.017323398512050482
-18.58610080097774     0.0076008641898349565
-18.512660111576583     0.003223999747788499
-18.439219422175427     0.0016391265907658452
-18.36577873277427     0.0010995607510706734
-18.292338043373114     0.0008599581275117396
-18.218897353971954     0.0006650643758867969
-18.1454566645708     0.00045268137875301335
-18.07201597516964     0.0002529324126943947
-17.998575285768485     0.00011179614305880864
-17.92513459636733     3.838356440364875e-05
-17.851693906966172     1.0147711927629394e-05
-17.778253217565016     2.0571873576023706e-06
-17.70481252816386     3.191341529470786e-07
-17.631371838762703     3.7846319863870526e-08
-17.557931149361547     3.429258532664337e-09
-17.48449045996039     2.373488132432265e-10
-17.411049770559234     1.2546528174703738e-11
-17.337609081158078     5.064979992467132e-13
-17.264168391756918     1.5614660337132487e-14
-17.190727702355762     3.676028553997425e-16
-17.117287012954606     6.6086361395876165e-18
-17.04384632355345     9.072538007351506e-20
-16.970405634152293     9.51104673569696e-22
-16.896964944751137     7.61394311278616e-24
-16.82352425534998     4.654492276704128e-26
-16.750083565948824     2.1727819661408707e-28
-16.676642876547668     7.745349270805334e-31
-16.60320218714651     2.108369977522284e-33
-16.529761497745355     4.3826174311905104e-36
-16.456320808344195     6.956666791234233e-39
-16.382880118943042     8.432371540710478e-42
-16.309439429541882     7.80511221041344e-45
-16.235998740140726     5.5168280849875e-48
-16.16255805073957     2.977703729870566e-51
-16.089117361338413     1.9686819000981822e-53
-16.015676671937257     4.444389297862887e-50
-15.9422359825361     8.171372619542548e-47
-15.868795293134944     1.1472876044067403e-43
-15.795354603733788     1.2301222425938787e-40
-15.721913914332632     1.0072299520811376e-37
-15.648473224931474     6.298264805607456e-35
-15.575032535530317     3.00770380162414e-32
-15.50159184612916     1.0969433266249769e-29
-15.428151156728003     3.0555231853224677e-27
-15.354710467326846     6.500728507107265e-25
-15.28126977792569     1.0564368174613223e-22
-15.207829088524534     1.3115037794971239e-20
-15.134388399123377     1.243918494912527e-18
-15.060947709722221     9.015268013623823e-17
-14.987507020321065     4.993656054509944e-15
-14.914066330919908     2.1145981636018932e-13
-14.84062564151875     6.847892633124621e-12
-14.767184952117594     1.696682140773199e-10
-14.693744262716438     3.2181634410916038e-09
-14.62030357331528     4.6762423145306535e-08
-14.546862883914123     5.210334071524269e-07
-14.473422194512967     4.45662567486657e-06
-14.39998150511181     2.9303199561029835e-05
-14.326540815710654     0.00014835274618542812
-14.253100126309498     0.0005793628054399098
-14.179659436908342     0.0017488887027454002
-14.106218747507185     0.004089502949458715
-14.032778058106029     0.007425325612484581
-13.95933736870487     0.010504942678637746
-13.885896679303714     0.011675070277836711
-13.812455989902558     0.010466230261756164
-13.7390153005014     0.00821481758785762
-13.665574611100244     0.006696806281057089
-13.592133921699087     0.006351704180819661
-13.518693232297931     0.006221509106927126
-13.445252542896775     0.005467991246003732
-13.371811853495618     0.004421065284001333
-13.298371164094462     0.003964967629146849
-13.224930474693306     0.004293709161166134
-13.151489785292148     0.004699975896153044
-13.078049095890991     0.004799070215109034
-13.004608406489835     0.007099380271041576
-12.931167717088679     0.024402787095028734
-12.857727027687522     0.1023631645168224
-12.784286338286364     0.3601800128580125
-12.710845648885208     0.9976910349278536
-12.637404959484051     2.1538236662018075
-12.563964270082895     3.6279973217168355
-12.490523580681739     4.817174822839555
-12.417082891280582     5.1813290643831875
-12.343642201879424     4.801509165153736
-12.270201512478268     4.24572741583347
-12.196760823077112     3.863864038215924
-12.123320133675955     3.4663389495246353
-12.049879444274799     2.750777395104406
-11.976438754873643     1.7840280287139378
-11.902998065472485     0.911792557069944
-11.829557376071328     0.3730846040389983
-11.756116686670172     0.1798808387037
-11.682675997269016     0.30205515172505004
-11.60923530786786     0.8533275984518954
-11.535794618466701     2.075059921495836
-11.462353929065545     4.106869059682255
-11.388913239664388     6.763245711991657
-11.315472550263232     9.6768600960966
-11.242031860862076     12.778535945797952
-11.16859117146092     16.468813815036395
-11.095150482059761     21.119168222532867
-11.021709792658605     26.502795076496085
-10.948269103257449     31.811678199093393
-10.874828413856292     36.13202006280992
-10.801387724455136     38.873271181581266
-10.72794703505398     39.75940437934115
-10.654506345652822     38.534188912497044
-10.581065656251665     35.05870670751062
-10.507624966850509     29.757852719414796
-10.434184277449353     23.54588937567277
-10.360743588048196     17.281307618038824
-10.28730289864704     11.612521725957118
-10.213862209245882     7.122211844876599
-10.140421519844725     4.13853712694605
-10.066980830443569     2.47082338833946
-9.993540141042413     1.5974828117886781
-9.920099451641256     1.0691757436979943
-9.8466587622401     0.6755614952461154
-9.773218072838942     0.37453869513790067
-9.699777383437786     0.17821512980307666
-9.62633669403663     0.08734603198067784
-9.552896004635473     0.08229715075644321
-9.479455315234317     0.13772543305862944
-9.406014625833159     0.2270241715643484
-9.332573936432002     0.32073815305108466
-9.259133247030846     0.3952994026073351
-9.18569255762969     0.443013473484825
-9.112251868228533     0.46680634155484646
-9.038811178827377     0.4670094494602348
-8.965370489426219     0.4392958993800325
-8.891929800025062     0.38499857707885676
-8.818489110623906     0.3171799344286833
-8.74504842122275     0.2538337754257675
-8.671607731821593     0.2076910012116537
-8.598167042420437     0.18273102863623564
-8.524726353019279     0.1756148396579736
-8.451285663618123     0.1767727462840016
-8.377844974216966     0.17380480238105492
-8.30440428481581     0.1608460110860725
-8.230963595414654     0.1458740948326919
-8.157522906013497     0.14889765436180152
-8.08408221661234     0.19932017868290167
-8.010641527211183     0.3365037473512653
-7.9372008378100265     0.597040926482773
-7.86376014840887     0.9837811360412488
-7.790319459007714     1.455911211857274
-7.7168787696065575     1.9670565326660105
-7.643438080205399     2.4959549323184786
-7.569997390804243     3.0140010248186484
-7.496556701403087     3.4284382910416626
-7.42311601200193     3.5740524121409205
-7.349675322600774     3.302324317138576
-7.276234633199618     2.630561465565435
-7.20279394379846     1.780030492374441
-7.129353254397303     1.0220015522514074
-7.055912564996147     0.5035321967680594
-6.982471875594991     0.22009701084185024
-6.909031186193834     0.0941615785028323
-6.835590496792676     0.048827073975181406
-6.76214980739152     0.03596914934031008
-6.6887091179903635     0.03342895228581165
-6.615268428589207     0.034579146682796234
-6.541827739188051     0.04207289604594372
-6.4683870497868945     0.06351934032049131
-6.394946360385736     0.1040378982313176
-6.32150567098458     0.15916406032024244
-6.248064981583424     0.21772520796909764
-6.174624292182267     0.274153146258709
-6.101183602781111     0.33027185873362036
-6.027742913379955     0.37627896792078636
-5.954302223978797     0.38224077717608285
-5.88086153457764     0.3277998344307946
-5.807420845176484     0.2334980124013889
-5.733980155775328     0.14650104514432194
-5.660539466374171     0.10150994616702401
-5.587098776973015     0.10402942814704948
-5.513658087571857     0.1412617331610234
-5.4402173981707005     0.1993782255557063
-5.366776708769544     0.2715600409326382
-5.293336019368388     0.34784199230099083
-5.2198953299672315     0.39869743929096996
-5.146454640566073     0.3885099503785586
-5.073013951164917     0.31751873846847867
-4.999573261763761     0.23375314880875167
-4.926132572362604     0.19576967776947699
-4.852691882961448     0.24154011727524788
-4.779251193560292     0.3943719655112709
-4.705810504159135     0.666189982287258
-4.632369814757979     1.029844247572912
-4.558929125356823     1.403338869198836
-4.485488435955663     1.6836452821851682
-4.4120477465545065     1.7944395444527639
-4.33860705715335     1.7227205672736932
-4.265166367752194     1.548116676568123
-4.1917256783510375     1.3992631753193032
-4.118284988949881     1.321705782701273
-4.044844299548725     1.2387324624365745
-3.9714036101475685     1.1029232855269924
-3.897962920746412     1.0070251026335124
-3.824522231345256     1.056019630943817
-3.7510815419440995     1.1952281393862039
-3.677640852542943     1.2684505919486462
-3.6042001631417833     1.2110059765727141
-3.530759473740627     1.0850625786558528
-3.4573187843394706     0.9492174619654383
-3.3838780949383143     0.8008838823290723
-3.310437405537158     0.645014413512438
-3.2369967161360016     0.535681638940665
-3.1635560267348453     0.5401264982796019
-3.090115337333689     0.7216640596254399
-3.0166746479325326     1.2027758391426988
-2.9432339585313763     2.2175592076621595
-2.86979326913022     3.9718503385806856
-2.7963525797290636     6.3346541715361715
-2.7229118903279037     8.758396549207845
-2.6494712009267474     10.705013822026231
-2.576030511525591     12.126254748743685
-2.5025898221244347     13.329251280758687
-2.4291491327232784     14.443477336054984
-2.355708443322122     15.310966469689737
-2.2822677539209657     15.878190969576343
-2.2088270645198094     16.394967281091233
-2.135386375118653     17.171055474337216
-2.0619456857174967     18.299931550459824
-1.9885049963163404     19.620161078402823
-1.9150643069151805     20.852165686449748
-1.8416236175140241     21.772725984541395
-1.7681829281128678     22.241713712989235
-1.6947422387117115     22.093044869210672
-1.6213015493105551     21.234074921918808
-1.5478608599093988     19.971678421212232
-1.4744201705082425     19.01360566072615
-1.4009794811070861     19.01417960001645
-1.3275387917059298     20.287361115469224
-1.2540981023047735     22.955452681524402
-1.1806574129036171     27.101689001374208
-1.1072167235024608     32.65832522238663
-1.033776034101301     39.18231178054782
-0.9603353447001446     45.83742867473073
-0.8868946552989883     51.91679901453746
-0.8134539658978319     57.528312594700466
-0.7400132764966756     63.306428546870976
-0.6665725870955193     69.09327805845494
-0.5931318976943629     73.24784003962073
-0.5196912082932066     73.75075124618277
-0.44625051889205025     70.09644388401819
-0.3728098294908939     63.81600006948049
-0.2993691400897376     56.90930767137098
-0.22592845068858125     50.08930988851554
-0.15248776128742136     42.86570431910314
-0.07904707188626503     34.812055825645004
-0.005606382485108696     26.206606577778707
0.06783430691604764     17.839274524985647
0.14127499631720397     10.676446456959859
0.2147156857183603     5.465626278160033
0.28815637511951664     2.3398688514870205
0.361597064520673     0.8233479485696777
0.4350377539218293     0.23499299150207212
0.5084784433229856     0.05458878325657858
0.581919132724142     0.015871839587707225
0.6553598221253019     0.03412116639057792
0.7288005115264582     0.13502926660295217
0.8022412009276145     0.4310377567024086
0.8756818903287709     1.07519393106677
0.9491225797299272     2.113364714210616
1.0225632691310835     3.321365836197049
1.0960039585322399     4.272707629210169
1.1694446479333962     4.660613635913065
1.2428853373345525     4.491261793979415
1.3163260267357089     3.9173632356167256
1.3897667161368652     3.048774822852082
1.4632074055380215     2.027681171292354
1.5366480949391814     1.1022796091525098
1.6100887843403378     0.47480763464990794
1.683529473741494     0.15918733798530738
1.7569701631426504     0.04114997681437545
1.8304108525438068     0.008162434856657191
1.903851541944963     0.0012394043861521016
1.9772922313461194     0.0001438880761306986
2.0507329207472758     1.2769182609536107e-05
2.124173610148432     9.727694710825782e-07
2.1976142995495884     1.7798132162356926e-06
2.2710549889507448     2.1346946642425007e-05
2.3444956783519046     0.00020101865556830718
2.417936367753061     0.0014516219988347223
2.4913770571542173     0.008061225057182113
2.5648177465553736     0.03459513261027782
2.63825843595653     0.11569731835278435
2.7116991253576863     0.3057349889616599
2.7851398147588426     0.6524481740997874
2.858580504159999     1.159671654511883
2.9320211935611553     1.7806018746117913
3.0054618829623116     2.440043935044883
3.078902572363468     3.0443806479932376
3.1523432617646243     3.4939859117176213
3.225783951165784     3.738504471007705
3.2992246405669405     3.826454218045557
3.372665329968097     3.8700187428204695
3.446106019369253     3.9579548711106667
3.5195467087704095     4.119829743014232
3.592987398171566     4.351860952982368
3.666428087572722     4.6391869345337176
3.7398687769738785     4.962871211340119
3.813309466375035     5.286571192412049
3.886750155776191     5.5080497999564875
3.9601908451773475     5.464781360875871
4.033631534578504     5.059867917960297
4.107072223979664     4.3861508882649005
4.18051291338082     3.721936719979655
4.253953602781976     3.3821124250207517
4.327394292183133     3.4532973287247124
4.400834981584289     3.6316315777354937
4.474275670985445     3.4542717281584405
4.547716360386602     2.748757143942562
4.621157049787758     1.7710507439948655
4.694597739188914     0.9116647877336628
4.768038428590071     0.3721715133128247
4.841479117991227     0.1197706358563525
4.914919807392387     0.030214090970061544
4.988360496793543     0.005943797886181789
5.0618011861947     0.0009077115432582602
5.135241875595856     0.0001072097696711442
5.208682564997012     9.764006985092026e-06
5.282123254398169     6.841058389467018e-07
5.355563943799325     3.6808766713485286e-08
5.429004633200481     1.5188999713843573e-09
5.502445322601638     4.801937643975149e-11
5.575886012002794     1.1621983195315753e-12
5.64932670140395     2.1521271862229934e-14
5.722767390805107     3.0478078726579075e-16
5.7962080802062665     3.299837518794115e-18
5.869648769607423     2.7306772147081185e-20
5.943089459008579     1.7267980496488326e-22
6.0165301484097355     1.4476620381445829e-24
6.089970837810892     1.0108206197184527e-22
6.163411527212048     1.2719812224061799e-20
6.2368522166132045     1.2223160770314401e-18
6.310292906014361     8.96955853234086e-17
6.383733595415517     5.026277850617579e-15
6.4571742848166735     2.1508769032687651e-13
6.53061497421783     7.028922480504406e-12
6.604055663618986     1.7542246412493198e-10
6.677496353020146     3.343795772239513e-09
6.750937042421302     4.868730792515007e-08
6.824377731822459     5.416622039827896e-07
6.897818421223615     4.606671450502466e-06
6.971259110624771     2.9975753208368875e-05
7.044699800025928     0.00014947085109009647
7.118140489427084     0.000572733200255259
7.19158117882824     0.0016945446407289184
7.265021868229397     0.0039026925292682687
7.338462557630553     0.007085667073288867
7.411903247031709     0.010323481825316758
7.485343936432869     0.01232843360099153
7.558784625834026     0.01232582692032335
7.632225315235182     0.010575630071314663
7.705666004636338     0.00824819949495386
7.779106694037495     0.006663790577299804
7.852547383438651     0.006218403917739762
7.925988072839807     0.0060858609998523504
7.999428762240964     0.005249780967375552
8.07286945164212     0.0036303253756688374
8.146310141043276     0.0019515089396297041
8.219750830444433     0.0008374620910804496
8.293191519845589     0.00040759765799421656
8.366632209246749     0.0005445691588375778
8.440072898647905     0.0011543659031265387
8.513513588049062     0.0020624378829827887
8.586954277450218     0.002836908063190059
8.660394966851374     0.0029817616762302787
8.73383565625253     0.0023937378796935935
8.807276345653687     0.001470664559206766
8.880717035054843     0.000709497651549665
8.954157724456      0.00035223596352750323
9.027598413857156     0.0004511302251628825
9.101039103258312     0.0010889217531788401
9.174479792659469     0.0023788500613026215
9.247920482060628     0.004250445005795737
9.321361171461785     0.006336654173740732
9.394801860862941     0.00809249125729445
9.468242550264097     0.00893318805957213
9.541683239665254     0.008403182681498913
9.61512392906641     0.006557911612263882
9.688564618467566     0.004139257641409802
9.762005307868723     0.002075158378993615
9.83544599726988     0.0008170550353982723
9.908886686671035     0.00025092546694882475
9.982327376072192     5.984325264631152e-05
10.055768065473352     1.1048345553144719e-05
10.129208754874508     1.575148944921667e-06
10.202649444275664     1.730622950237127e-07
10.27609013367682     1.4628208821529515e-08
10.349530823077977     9.49852886036482e-10
10.422971512479133     4.732293218546032e-11
10.49641220188029     1.8071961492798052e-12
10.569852891281446     5.3153949806127166e-14
10.643293580682602     1.7789044658537443e-14
10.716734270083759     7.094274609039483e-13
10.790174959484915     2.3144177093063213e-11
10.863615648886075     5.766644710169839e-10
10.937056338287228     1.09746175483688e-08
11.010497027688388     1.5956395201772583e-07
11.08393771708954     1.7731266503929184e-06
11.1573784064907     1.5071218861806172e-05
11.230819095891853     9.813284129055983e-05
11.304259785293013     0.0004908732920431747
11.377700474694173     0.0018962431773983381
11.451141164095326     0.005710442747053447
11.524581853496485     0.013619067405606266
11.598022542897638     0.026337068555701598
11.671463232298798     0.04250992045771201
11.744903921699951     0.05877503862402873
11.81834461110111     0.07074279026828921
11.891785300502264     0.07532094032819603
11.965225989903423     0.0740638960847192
12.038666679304576     0.07277926523529722
12.112107368705736     0.07553037491566275
12.185548058106896     0.08061598688750944
12.258988747508049     0.08369361075181048
12.332429436909209     0.0829523011768837
12.405870126310361     0.08107343137323003
12.479310815711521     0.08347276212669356
12.552751505112674     0.09360329427105729
12.626192194513834     0.10906374560427286
12.699632883914987     0.12331737226586645
12.773073573316147     0.13127227489685359
12.8465142627173     0.13222534834405789
12.91995495211846     0.12836936267806717
12.993395641519612     0.12291838222741484
13.066836330920772     0.11925639457564634
13.140277020321932     0.1186232767972966
13.213717709723085     0.11800595236847833
13.287158399124245     0.11234375291732338
13.360599088525397     0.09927530177553334
13.434039777926557     0.08175685794334034
13.50748046732771     0.06689820898739315
13.58092115672887     0.06124032357770062
13.654361846130023     0.06539338284521318
13.727802535531183     0.07366171031370986
13.801243224932335     0.0796927445092106
13.874683914333495     0.08209694976538902
13.948124603734655     0.08498472851664353
14.021565293135808     0.09465670112762378
14.095005982536968     0.1157601757688031
14.16844667193812     0.14831646486971758
14.24188736133928     0.18599028997562153
14.315328050740433     0.2162366833734532
14.388768740141593     0.22467366083710297
14.462209429542746     0.20479538746523318
14.535650118943906     0.16551408999248446
14.609090808345059     0.12636814696090737
14.682531497746218     0.10276402187894988
14.755972187147378     0.0953159773393958
14.829412876548531     0.09377969168954282
14.902853565949691     0.0904150436252193
14.976294255350844     0.08674569887469281
15.049734944752004     0.0869831022484311
15.123175634153156     0.08899996959886014
15.196616323554316     0.08538331943790402
15.27005701295547     0.07222357370822009
15.343497702356629     0.05330477553590846
15.416938391757782     0.035352659076916156
15.490379081158942     0.02210024127528298
15.563819770560094     0.01353573775061347
15.637260459961254     0.008453108089900152
15.710701149362414     0.0063216353587089305
15.784141838763567     0.007229911727735574
15.857582528164727     0.010749310206258526
15.93102321756588     0.015146289693371295
16.00446390696704     0.018096526288270527
16.077904596368192     0.0185992872479047
16.151345285769352     0.0179776294327708
16.224785975170505     0.018559228441996107
16.298226664571665     0.021391294547222637
16.371667353972818     0.02508837931892757
16.445108043373978     0.0266646945664182
16.518548732775137     0.024016561464435433
16.59198942217629     0.01794122644355802
16.66543011157745     0.011295679952754052
16.738870800978603     0.006358895436577829
16.812311490379763     0.0035963633710967566
16.885752179780916     0.002471566700093636
16.959192869182075     0.0025356317763316665
17.03263355858323     0.0037019785407055583
17.106074247984388     0.0058829091412225245
17.17951493738554     0.008580766749120275
17.2529556267867     0.01096589599381323
17.32639631618786     0.012395838981712006
17.399837005589013     0.012736993056526265
17.473277694990173     0.012181933503085555
17.546718384391326     0.010986984270522247
17.620159073792486     0.009445164132760643
17.69359976319364     0.007854629688981988
17.7670404525948     0.006389604005201802
17.84048114199595     0.005123988180943942
17.91392183139711     0.004138955380447426
17.987362520798264     0.00345074943354937
18.060803210199424     0.0029259272941263388
18.134243899600577     0.0024307634042972054
18.207684589001737     0.0020083321976874387
18.281125278402897     0.001824854586371566
18.35456596780405     0.001963965357473795
18.42800665720521     0.002287506251746698
18.501447346606362     0.0025385149218773995
18.574888036007522     0.0026212707487734055
18.648328725408675     0.00267915622884205
18.721769414809835     0.0028263164608018183
18.795210104210987     0.0029406648070157593
18.868650793612147     0.00282865438876324
18.9420914830133     0.0024824699427501173
19.01553217241446     0.002048400202197743
19.08897286181562     0.0016134213283920996
19.162413551216773     0.0011637876961028432
19.235854240617932     0.0007170231071995264
19.309294930019085     0.00035725622998998167
19.382735619420245     0.00014016436242811619
19.456176308821398     4.669829285919565e-05
19.529616998222558     3.478628129254154e-05
19.60305768762371     0.00010655313520646355
19.67649837702487     0.0003393965469892498
19.749939066426023     0.0008584231058323639
19.823379755827183     0.0017385758546501168
19.896820445228343     0.002920245913150219
19.970261134629496     0.004237093120497018
20.043701824030656     0.005435174420211294
20.11714251343181     0.0061017500143839545
20.19058320283297     0.005839409004803878
20.26402389223412     0.004734231163407346
20.33746458163528     0.0033993259593053725
20.410905271036434     0.0023826258581840726
20.484345960437594     0.001776241120266374
20.557786649838746     0.0014273631741610515
20.631227339239906     0.0012052571153558437
20.70466802864106     0.0010097938972777134
20.77810871804222     0.0007658783330182371
20.85154940744338     0.0004942156264126254
20.92499009684453     0.0003082936051193589
20.99843078624569     0.00035118577897810474
21.071871475646844     0.0007705394654366741
21.145312165048004     0.0016476202932486047
21.218752854449157     0.002796649363015104
21.292193543850317     0.003681671878234512
21.36563423325147     0.0037691781276841156
21.43907492265263     0.003059071630770352
21.512515612053782     0.002144156640248842
21.585956301454942     0.0017001696135167756
21.659396990856102     0.0019501087770500353
21.732837680257255     0.0025293519947068117
21.80627836965842     0.002807646652646763
