-21.15652493001822     0.83494692375307
-21.083084240617065     1.8374089555142357
-21.00964355121591     3.1942486853877208
-20.936202861814753     4.504300362572655
-20.862762172413596     5.344666794933374
-20.78932148301244     5.553117505135897
-20.71588079361128     5.247945026003313
-20.642440104210124     4.747998875484255
-20.568999414808967     4.4010089357039845
-20.49555872540781     4.225728140124969
-20.422118036006655     3.8482255571773596
-20.3486773466055     3.01973814397523
-20.275236657204342     1.9954733401194518
-20.201795967803186     1.2177326052389144
-20.12835527840203     0.8350911128889709
-20.054914589000873     0.6795307871136509
-19.981473899599717     0.5562840988635589
-19.90803321019856     0.4240582194135273
-19.8345925207974     0.36863203718964765
-19.761151831396244     0.5232258500390861
-19.687711141995088     1.027172139189798
-19.61427045259393     1.9640709005344708
-19.540829763192775     3.2082425343108723
-19.46738907379162     4.3068734303345195
-19.393948384390463     4.687175026246436
-19.320507694989306     4.1365521481246414
-19.24706700558815     3.0076032647952964
-19.173626316186994     1.9063343692964716
-19.100185626785837     1.309913541367429
-19.026744937384677     1.4523830284953152
-18.95330424798352     2.2885590794143447
-18.879863558582365     3.414689876941976
-18.80642286918121     4.236168756148709
-18.732982179780052     4.467145760928066
-18.659541490378896     4.353487543860647
-18.58610080097774     4.202817181208464
-18.512660111576583     3.911538555120556
-18.439219422175427     3.22840438793691
-18.36577873277427     2.249608875417783
-18.292338043373114     1.3415606839691436
-18.218897353971954     0.7284125329834683
-18.1454566645708     0.3792958848534088
-18.07201597516964     0.1847544284000237
-17.998575285768485     0.07789604367904635
-17.92513459636733     0.026636171820741707
-17.851693906966172     0.007134594265982063
-17.778253217565016     0.0014744138573080036
-17.70481252816386     0.0002336572947964748
-17.631371838762703     2.8328498482155358e-05
-17.557931149361547     2.625178483971202e-06
-17.48449045996039     1.858809142350146e-07
-17.411049770559234     1.0055267609533146e-08
-17.337609081158078     4.1553985172831195e-10
-17.264168391756918     1.3118451691002453e-11
-17.190727702355762     3.1637266625180097e-13
-17.117287012954606     5.8285328701228425e-15
-17.04384632355345     8.202789019589536e-17
-16.970405634152293     8.818690055875667e-19
-16.896964944751137     7.242443570712065e-21
-16.82352425534998     4.543629047430315e-23
-16.750083565948824     2.177486388852078e-25
-16.676642876547668     7.971515856867447e-28
-16.60320218714651     2.22924209482171e-30
-16.529761497745355     4.762141658103737e-33
-16.456320808344195     7.770947385507283e-36
-16.382880118943042     9.686569004116689e-39
-16.309439429541882     9.223336260748471e-42
-16.235998740140726     6.708506124340683e-45
-16.16255805073957     3.727185823074954e-48
-16.089117361338413     5.0036631511174445e-51
-16.015676671937257     8.244072339145893e-48
-15.9422359825361     1.5167472357170418e-44
-15.868795293134944     2.1309873464207206e-41
-15.795354603733788     2.2863856345330217e-38
-15.721913914332632     1.8733775188095284e-35
-15.648473224931474     1.1722401527581504e-32
-15.575032535530317     5.6018857325132794e-30
-15.50159184612916     2.044525983705783e-27
-15.428151156728003     5.699158123655312e-25
-15.354710467326846     1.2134263657813688e-22
-15.28126977792569     1.9734842245945385e-20
-15.207829088524534     2.4519669663368173e-18
-15.134388399123377     2.327625098154674e-16
-15.060947709722221     1.688508520793784e-14
-14.987507020321065     9.362298090887587e-13
-14.914066330919908     3.9689646736978955e-11
-14.84062564151875     1.286920454783605e-09
-14.767184952117594     3.1931364631654326e-08
-14.693744262716438     6.066598462210369e-07
-14.62030357331528     8.832381350741019e-06
-14.546862883914123     9.863784248053944e-05
-14.473422194512967     0.000845996865588687
-14.39998150511181     0.005580659756366997
-14.326540815710654     0.02836167320937691
-14.253100126309498     0.11125985673714525
-14.179659436908342     0.3376000048518195
-14.106218747507185     0.794071071189621
-14.032778058106029     1.451187076091445
-13.95933736870487     2.0675533620143325
-13.885896679303714     2.3153510359926255
-13.812455989902558     2.093254329453816
-13.7390153005014     1.6594826711969133
-13.665574611100244     1.3672659017885604
-13.592133921699087     1.3064891905510168
-13.518693232297931     1.286195130533339
-13.445252542896775     1.142078730847778
-13.371811853495618     0.9509711502777128
-13.298371164094462     0.8989039404077669
-13.224930474693306     1.0135664464163872
-13.151489785292148     1.1137753131544972
-13.078049095890991     1.0266733122313303
-13.004608406489835     0.7944642136427921
-12.931167717088679     0.631412803120559
-12.857727027687522     0.7130571394092804
-12.784286338286364     1.036288455235992
-12.710845648885208     1.4571028422507006
-12.637404959484051     1.8278602359269338
-12.563964270082895     2.0707342312762385
-12.490523580681739     2.140134039285178
-12.417082891280582     2.003644339483567
-12.343642201879424     1.6830047410669216
-12.270201512478268     1.2550559154397627
-12.196760823077112     0.8126712510501878
-12.123320133675955     0.4416640367043097
-12.049879444274799     0.19472249563441715
-11.976438754873643     0.06790702421094885
-11.902998065472485     0.01846838550044366
-11.829557376071328     0.004053361576329186
-11.756116686670172     0.001656758253075684
-11.682675997269016     0.004714455664767383
-11.60923530786786     0.016842140379272855
-11.535794618466701     0.050048905254571424
-11.462353929065545     0.12462833545013888
-11.388913239664388     0.26845452374560463
-11.315472550263232     0.5167857631593015
-11.242031860862076     0.9050584702532776
-11.16859117146092     1.441919723059652
-11.095150482059761     2.0821155717331132
-11.021709792658605     2.7340853961503866
-10.948269103257449     3.2808395504614802
-10.874828413856292     3.6024865593837987
-10.801387724455136     3.6716858917386332
-10.72794703505398     3.673492423196377
-10.654506345652822     3.9271754650823985
-10.581065656251665     4.60869707768056
-10.507624966850509     5.580372162478801
-10.434184277449353     6.496405136222307
-10.360743588048196     7.081231086131957
-10.28730289864704     7.36435774637082
-10.213862209245882     7.569621116960231
-10.140421519844725     7.701001367356204
-10.066980830443569     7.442704627547718
-9.993540141042413     6.554381255556699
-9.920099451641256     5.1359127169387
-9.8466587622401     3.511370789859642
-9.773218072838942     2.0666226843891344
-9.699777383437786     1.1488271282277847
-9.62633669403663     0.986842709357475
-9.552896004635473     1.6776857343059906
-9.479455315234317     3.145978238493859
-9.406014625833159     5.0381397101556615
-9.332573936432002     6.79581695239847
-9.259133247030846     7.985317242198674
-9.18569255762969     8.534054422986166
-9.112251868228533     8.642009606864601
-9.038811178827377     8.566928433763618
-8.965370489426219     8.488275553756537
-8.891929800025062     8.407592589101352
-8.818489110623906     8.089137568550155
-8.74504842122275     7.2132758489071795
-8.671607731821593     5.717796759215134
-8.598167042420437     3.9777517426494695
-8.524726353019279     2.593687923866396
-8.451285663618123     1.973546848108045
-8.377844974216966     2.0805315630565984
-8.30440428481581     2.5456151962430935
-8.230963595414654     3.0369316755887366
-8.157522906013497     3.557937092227597
-8.08408221661234     4.327757328711927
-8.010641527211183     5.273829360531755
-7.9372008378100265     5.800757409259906
-7.86376014840887     5.372923980136095
-7.790319459007714     4.243335661836662
-7.7168787696065575     3.234684624108135
-7.643438080205399     2.8191550582498444
-7.569997390804243     2.7292031642621137
-7.496556701403087     2.481479161982757
-7.42311601200193     2.0077307146275105
-7.349675322600774     1.6616065110801572
-7.276234633199618     1.7543973962925843
-7.20279394379846     2.191946090157032
-7.129353254397303     2.5363982634330573
-7.055912564996147     2.4230595855113255
-6.982471875594991     1.9225501260333677
-6.909031186193834     1.4659474507858472
-6.835590496792676     1.4655501858424171
-6.76214980739152     2.0325643170343577
-6.6887091179903635     2.9543742843034493
-6.615268428589207     3.8905321071728016
-6.541827739188051     4.614978927074082
-6.4683870497868945     5.045009042451888
-6.394946360385736     5.090428512403241
-6.32150567098458     4.6396383394695615
-6.248064981583424     3.731567122506192
-6.174624292182267     2.6286774797261376
-6.101183602781111     1.6595927828298511
-6.027742913379955     1.0208882990743664
-5.954302223978797     0.7197882787252485
-5.88086153457764     0.6363433722986866
-5.807420845176484     0.6283070830714372
-5.733980155775328     0.6200914126757244
-5.660539466374171     0.6066881314310801
-5.587098776973015     0.5855625621103271
-5.513658087571857     0.5306684087661266
-5.4402173981707005     0.4446653161237144
-5.366776708769544     0.38638486493411434
-5.293336019368388     0.41141144710740424
-5.2198953299672315     0.5039816148444776
-5.146454640566073     0.5913336673949965
-5.073013951164917     0.6188588758490596
-4.999573261763761     0.5964574141690018
-4.926132572362604     0.5784537454717587
-4.852691882961448     0.6111688963785484
-4.779251193560292     0.6925329619744978
-4.705810504159135     0.7733611217641518
-4.632369814757979     0.80082019744867
-4.558929125356823     0.7646567383616527
-4.485488435955663     0.7012241740165136
-4.4120477465545065     0.6463159108329342
-4.33860705715335     0.5882594280843731
-4.265166367752194     0.4883448652848441
-4.1917256783510375     0.343665256430806
-4.118284988949881     0.20109885865795873
-4.044844299548725     0.11348460284053194
-3.9714036101475685     0.11078101520827079
-3.897962920746412     0.20631955030127233
-3.824522231345256     0.39029147393005265
-3.7510815419440995     0.6025727369783979
-3.677640852542943     0.7458108607823035
-3.6042001631417833     0.7588488233926334
-3.530759473740627     0.6725643137350307
-3.4573187843394706     0.5852219217799259
-3.3838780949383143     0.5839438142468318
-3.310437405537158     0.6687304753922938
-3.2369967161360016     0.7442340655612729
-3.1635560267348453     0.7165746497416027
-3.090115337333689     0.597290481303496
-3.0166746479325326     0.4763050806045519
-2.9432339585313763     0.4152260094143677
-2.86979326913022     0.42233511355455555
-2.7963525797290636     0.5102449335748387
-2.7229118903279037     0.7024938545305258
-2.6494712009267474     0.9662508126638494
-2.576030511525591     1.1936261433902926
-2.5025898221244347     1.2867330258793257
-2.4291491327232784     1.239482521001082
-2.355708443322122     1.127647037744365
-2.2822677539209657     1.0513294628087937
-2.2088270645198094     1.0705302562805064
-2.135386375118653     1.1404644976513694
-2.0619456857174967     1.130182038231335
-1.9885049963163404     0.9581546359309464
-1.9150643069151805     0.683626732658823
-1.8416236175140241     0.43346507842913307
-1.7681829281128678     0.28300817977698367
-1.6947422387117115     0.23358303825464094
-1.6213015493105551     0.26148660018907527
-1.5478608599093988     0.350752716616503
-1.4744201705082425     0.48274586173972905
-1.4009794811070861     0.6136326989380494
-1.3275387917059298     0.6848540375932335
-1.2540981023047735     0.6705554471821924
-1.1806574129036171     0.604592403579385
-1.1072167235024608     0.5450328341584711
-1.033776034101301     0.5187425357996671
-0.9603353447001446     0.5101824496120595
-0.8868946552989883     0.49223867411286226
-0.8134539658978319     0.4536380516535412
-0.7400132764966756     0.3997159130492802
-0.6665725870955193     0.3388441970671783
-0.5931318976943629     0.27523643320992847
-0.5196912082932066     0.2120218098245866
-0.44625051889205025     0.15446092326383537
-0.3728098294908939     0.10801103979699572
-0.2993691400897376     0.07480658701792364
-0.22592845068858125     0.05268806939889617
-0.15248776128742136     0.03741400017932614
-0.07904707188626503     0.02570216292707711
-0.005606382485108696     0.016371038901925282
0.06783430691604764     0.009411770733447667
0.14127499631720397     0.004802175896531796
0.2147156857183603     0.002139041925040219
0.28815637511951664     0.0008159143618185929
0.361597064520673     0.0002612815158042488
0.4350377539218293     6.903994304838407e-05
0.5084784433229856     1.5086813727270723e-05
0.581919132724142     4.468196217218423e-06
0.6553598221253019     1.0717279890548754e-05
0.7288005115264582     4.3564547740872466e-05
0.8022412009276145     0.00014249458700991838
0.8756818903287709     0.0003661601660479405
0.9491225797299272     0.0007447047803145196
1.0225632691310835     0.0012116603884731296
1.0960039585322399     0.0016012721286208576
1.1694446479333962     0.0017578985621574546
1.2428853373345525     0.0016512963676813134
1.3163260267357089     0.0013634695513527312
1.3897667161368652     0.000995374283330719
1.4632074055380215     0.0006278702559284116
1.5366480949391814     0.0003295439759933141
1.6100887843403378     0.00013909846344722395
1.683529473741494     4.613773064360852e-05
1.7569701631426504     1.1864565328289087e-05
1.8304108525438068     2.3481974300831617e-06
1.903851541944963     3.5632461425019396e-07
1.9772922313461194     4.137497492444626e-08
2.0507329207472758     3.6879430657738224e-09
2.124173610148432     5.783603029122409e-10
2.1976142995495884     5.362992917633758e-09
2.2710549889507448     6.645718403248401e-08
2.3444956783519046     6.316295563683908e-07
2.417936367753061     4.5994777301871994e-06
2.4913770571542173     2.5720824746642702e-05
2.5648177465553736     0.00011090960021194696
2.63825843595653     0.00037145144285284
2.7116991253576863     0.0009785347352944064
2.7851398147588426     0.002071419094120678
2.858580504159999     0.003642822559502578
2.9320211935611553     0.005563890219403388
3.0054618829623116     0.007720792093685673
3.078902572363468     0.010010892506181986
3.1523432617646243     0.012153901114859577
3.225783951165784     0.013607382782547908
3.2992246405669405     0.013827386304741165
3.372665329968097     0.012726169794439628
3.446106019369253     0.01081974914150902
3.5195467087704095     0.008843546987631524
3.592987398171566     0.00731659532298963
3.666428087572722     0.006469720782873662
3.7398687769738785     0.006313615313734591
3.813309466375035     0.0065954367227846755
3.886750155776191     0.006828196878684405
3.9601908451773475     0.006572734099307776
4.033631534578504     0.0057378004952138425
4.107072223979664     0.0046116113052224374
4.18051291338082     0.0036936280518481564
4.253953602781976     0.0034549566701323137
4.327394292183133     0.003994455338209239
4.400834981584289     0.0047921095538345495
4.474275670985445     0.005006810883166541
4.547716360386602     0.004219367727780724
4.621157049787758     0.002795618342559335
4.694597739188914     0.0014439850934898186
4.768038428590071     0.0005795094037184549
4.841479117991227     0.00018039676122916224
4.914919807392387     4.350751027222512e-05
4.988360496793543     8.121899843661209e-06
5.0618011861947     1.1725722817803117e-06
5.135241875595856     1.308145773357111e-07
5.208682564997012     1.1268223015906803e-08
5.282123254398169     7.488281444964024e-10
5.355563943799325     3.8359818406100976e-11
5.429004633200481     1.5134815286400761e-12
5.502445322601638     4.595425131895809e-14
5.575886012002794     1.0729342449488642e-15
5.64932670140395     1.9247970049047637e-17
5.722767390805107     2.651222947898677e-19
5.7962080802062665     2.8019808053738097e-21
5.869648769607423     2.2710354843868717e-23
5.943089459008579     8.652234814496773e-25
6.0165301484097355     1.5638186967487429e-22
6.089970837810892     2.5787022349179368e-20
6.163411527212048     3.2471369781318303e-18
6.2368522166132045     3.122366417977091e-16
6.310292906014361     2.2927302388071694e-14
6.383733595415517     1.2856167089775277e-12
6.4571742848166735     5.5051115065145653e-11
6.53061497421783     1.8002334640892147e-09
6.604055663618986     4.4959509970796616e-08
6.677496353020146     8.575990223916007e-07
6.750937042421302     1.2496536207425334e-05
6.824377731822459     0.00013914571657249917
6.897818421223615     0.0011845803383154312
6.971259110624771     0.007718031909048603
7.044699800025928     0.03855422415384835
7.118140489427084     0.1481265541942854
7.19158117882824     0.4401062998565329
7.265021868229397     1.0203776218038931
7.338462557630553     1.8717730613390031
7.411903247031709     2.768242082795008
7.485343936432869     3.372029592581622
7.558784625834026     3.4534785554411713
7.632225315235182     3.0542762884376
7.705666004636338     2.496516394923827
7.779106694037495     2.1689524174678327
7.852547383438651     2.1705703751885386
7.925988072839807     2.2036912067442125
7.999428762240964     1.9263167908961414
8.07286945164212     1.3380848049798888
8.146310141043276     0.7226132288173361
8.219750830444433     0.32231857554678256
8.293191519845589     0.2035348425589827
8.366632209246749     0.3649406654749364
8.440072898647905     0.8130622304613175
8.513513588049062     1.4588953537559484
8.586954277450218     2.0075347013792166
8.660394966851374     2.110242602962881
8.73383565625253     1.694155004204931
8.807276345653687     1.040441636369173
8.880717035054843     0.4990059470033892
8.954157724456      0.23426221575610967
9.027598413857156     0.2648139987257808
9.101039103258312     0.6167125914013412
9.174479792659469     1.3381719690003098
9.247920482060628     2.380409475046547
9.321361171461785     3.5416804827641304
9.394801860862941     4.543239966254431
9.468242550264097     5.084681032504154
9.541683239665254     4.889465896424834
9.61512392906641     3.918738025863502
9.688564618467566     2.5430853716966557
9.762005307868723     1.3094497608692748
9.83544599726988     0.5283621817008427
9.908886686671035     0.16583786097158798
9.982327376072192     0.04030464432499013
10.055768065473352     0.0075614242621731415
10.129208754874508     0.001092559614355689
10.202649444275664     0.00012137123518008092
10.27609013367682     1.0351547352439069e-05
10.349530823077977     6.770518139974852e-07
10.422971512479133     3.3928922979888735e-08
10.49641220188029     1.3017676083156484e-09
10.569852891281446     3.8217395895016e-11
10.643293580682602     8.58711983953634e-13
10.716734270083759     3.948382708414062e-14
10.790174959484915     8.085684401340615e-13
10.863615648886075     2.016755259654758e-11
10.937056338287228     3.8448680505405586e-10
11.010497027688388     5.6054113729771865e-09
11.08393771708954     6.258510862871994e-08
11.1573784064907     5.367987076397759e-07
11.230819095891853     3.5600173724153436e-06
11.304259785293013     1.8504287555806357e-05
11.377700474694173     7.74229357412651e-05
11.451141164095326     0.0002729733379643087
11.524581853496485     0.0008592741298411939
11.598022542897638     0.0025071759814190107
11.671463232298798     0.006713451782749428
11.744903921699951     0.015923852657369578
11.81834461110111     0.03275531786012627
11.891785300502264     0.058701356277702454
11.965225989903423     0.09317686631467147
12.038666679304576     0.13262322763232354
12.112107368705736     0.17280000401164355
12.185548058106896     0.2241211996569506
12.258988747508049     0.3397002285785176
12.332429436909209     0.6237981426637278
12.405870126310361     1.1742952300313456
12.479310815711521     1.9767275816973506
12.552751505112674     2.870643996182233
12.626192194513834     3.6509447621307727
12.699632883914987     4.175985154115259
12.773073573316147     4.392162105111967
12.8465142627173     4.344061599450854
12.91995495211846     4.157458800493497
12.993395641519612     3.9588459043699373
13.066836330920772     3.8377300271920047
13.140277020321932     3.8490676199134097
13.213717709723085     3.936080337671126
13.287158399124245     3.874596155163327
13.360599088525397     3.4365626529652724
13.434039777926557     2.6710173644034736
13.50748046732771     1.961642032527807
13.58092115672887     1.726309178056424
13.654361846130023     2.0433371808280443
13.727802535531183     2.6029378025666503
13.801243224932335     3.038051524690464
13.874683914333495     3.2408366026017674
13.948124603734655     3.3107146947933117
14.021565293135808     3.336824726890569
14.095005982536968     3.379874870801932
14.16844667193812     3.5395560009573286
14.24188736133928     3.855429399431245
14.315328050740433     4.185517255161329
14.388768740141593     4.316098759976676
14.462209429542746     4.214482580704386
14.535650118943906     4.109183455860652
14.609090808345059     4.272563495895651
14.682531497746218     4.701279793287384
14.755972187147378     5.043947314630886
14.829412876548531     4.991699769233831
14.902853565949691     4.73793681364977
14.976294255350844     4.762129621792347
15.049734944752004     5.088341443194274
15.123175634153156     5.109756275778638
15.196616323554316     4.322644723860556
15.27005701295547     2.9529718212755123
15.343497702356629     1.668593387807465
15.416938391757782     0.8946973638272222
15.490379081158942     0.5821016305379533
15.563819770560094     0.47368406628522963
15.637260459961254     0.41103586616518395
15.710701149362414     0.41275161444179853
15.784141838763567     0.5603486908673189
15.857582528164727     0.846460221978242
15.93102321756588     1.1288833560887637
16.00446390696704     1.246899020681771
16.077904596368192     1.1861491110593299
16.151345285769352     1.093890068824375
16.224785975170505     1.137975963001534
16.298226664571665     1.3853135834918957
16.371667353972818     1.7542892017806997
16.445108043373978     2.0148860050121815
16.518548732775137     1.9272973809131348
16.59198942217629     1.4738038903706339
16.66543011157745     0.888364846834979
16.738870800978603     0.42400442701429886
16.812311490379763     0.16699831351418865
16.885752179780916     0.07281670498128621
16.959192869182075     0.08657155486584409
17.03263355858323     0.19551991784078426
17.106074247984388     0.39814288282255617
17.17951493738554     0.6477996608110441
17.2529556267867     0.848202227219953
17.32639631618786     0.9291178620464189
17.399837005589013     0.9210928300181687
17.473277694990173     0.9293492367785581
17.546718384391326     1.0240622835590782
17.620159073792486     1.15893003046337
17.69359976319364     1.2097446117016635
17.7670404525948     1.1080207198027647
17.84048114199595     0.9175116654422013
17.91392183139711     0.7524493511669269
17.987362520798264     0.6501636902426393
18.060803210199424     0.5643498651693346
18.134243899600577     0.4562522881089336
18.207684589001737     0.34358197858389583
18.281125278402897     0.26925038442316873
18.35456596780405     0.25967629038846973
18.42800665720521     0.3190679684813054
18.501447346606362     0.45037238447487044
18.574888036007522     0.6626236122011928
18.648328725408675     0.9283827384658938
18.721769414809835     1.1403822564155555
18.795210104210987     1.1694542553156606
18.868650793612147     0.9914953972063156
18.9420914830133     0.7167988019546082
19.01553217241446     0.4764061942222836
19.08897286181562     0.3156002766493523
19.162413551216773     0.2073553759436299
19.235854240617932     0.123297445497107
19.309294930019085     0.06079480179893093
19.382735619420245     0.023704908597727777
19.456176308821398     0.007203896475193825
19.529616998222558     0.0019343853631516156
19.60305768762371     0.0014450486645050842
19.67649837702487     0.0037181115812009308
19.749939066426023     0.009073020911553781
19.823379755827183     0.017439211841895574
19.896820445228343     0.026701255180141006
19.970261134629496     0.033701854370469214
20.043701824030656     0.0367378161626139
20.11714251343181     0.03622205817571433
20.19058320283297     0.03366547324979677
20.26402389223412     0.031235249898825486
20.33746458163528     0.030780575672391362
20.410905271036434     0.03203731925909308
20.484345960437594     0.03339971094511869
20.557786649838746     0.03435780373545291
20.631227339239906     0.03474771493097484
20.70466802864106     0.03263281027684729
20.77810871804222     0.02619208086314828
20.85154940744338     0.017045063209807754
20.92499009684453     0.00934796082221648
20.99843078624569     0.0065902995234834606
21.071871475646844     0.010776162178247142
21.145312165048004     0.022758809410497124
21.218752854449157     0.04028500455375416
21.292193543850317     0.055934786458432986
21.36563423325147     0.06067061243513078
21.43907492265263     0.05187832937209726
21.512515612053782     0.036535517538492976
21.585956301454942     0.024986033165228214
21.659396990856102     0.02226062406931552
21.732837680257255     0.025273745387259117
21.80627836965842     0.027027841008813284
