-21.165178150296537     5.089827661842941
-21.091737693471316     6.342203579099796
-21.018297236646095     6.860526524118432
-20.944856779820874     6.6699789063003205
-20.871416322995653     6.054959714222382
-20.797975866170436     5.34107359732851
-20.724535409345215     4.754725932620717
-20.651094952519994     4.473624755566574
-20.577654495694773     4.6387443998793705
-20.504214038869552     5.12507083440054
-20.43077358204433     5.47088407071147
-20.35733312521911     5.320490936746859
-20.28389266839389     4.871957764257411
-20.21045221156867     4.6582420197487275
-20.137011754743448     4.880852323401925
-20.06357129791823     5.130732209919102
-19.99013084109301     4.860947461424574
-19.91669038426779     4.039080466500164
-19.843249927442567     3.200742172228678
-19.769809470617346     2.91242629741229
-19.696369013792125     3.3109837927674186
-19.622928556966905     4.129114764908001
-19.549488100141684     5.006424706230871
-19.476047643316463     5.684308781976341
-19.402607186491245     5.975977379795678
-19.329166729666024     5.737651026033088
-19.255726272840803     4.981459669234735
-19.182285816015582     3.9826124970809857
-19.10884535919036     3.2124180022954225
-19.03540490236514     3.1010528185590487
-18.96196444553992     3.771208616744374
-18.8885239887147     4.927330577343138
-18.815083531889478     6.002933549389149
-18.74164307506426     6.494488246809659
-18.66820261823904     6.235763243330944
-18.59476216141382     5.395580748935771
-18.521321704588598     4.2773970269114
-18.447881247763377     3.1565392949184408
-18.374440790938156     2.2162460413189113
-18.301000334112935     1.5169272266348186
-18.227559877287714     1.0106759359165707
-18.154119420462493     0.6253511665606009
-18.080678963637276     0.3356737229537221
-18.007238506812055     0.1478428432241482
-17.933798049986834     0.051630640935144904
-17.860357593161613     0.014035927704281373
-17.786917136336392     0.002942444332993843
-17.71347667951117     0.0004734101030712723
-17.64003622268595     5.8314421492326316e-05
-17.56659576586073     5.492670347520074e-06
-17.493155309035508     3.9534903650614967e-07
-17.41971485221029     2.173810272514655e-08
-17.34627439538507     9.129140818280594e-10
-17.27283393855985     2.9279603315387836e-11
-17.199393481734628     7.171436817765973e-13
-17.125953024909407     1.3413483521448908e-14
-17.052512568084186     1.9158672216044826e-16
-16.979072111258965     2.0896544402902857e-18
-16.905631654433744     1.740472187977818e-20
-16.832191197608523     1.106986558593945e-22
-16.758750740783306     5.376501531354517e-25
-16.685310283958085     1.994064084461953e-27
-16.611869827132864     5.647551816489169e-30
-16.538429370307643     1.2214144119662e-32
-16.464988913482422     2.0171933153815616e-35
-16.3915484566572     2.543979716847061e-38
-16.31810799983198     2.449973581412041e-41
-16.24466754300676     1.8017344614844304e-44
-16.17122708618154     1.0118166739356448e-47
-16.09778662935632     7.184580926278021e-51
-16.0243461725311     6.860188366985813e-48
-15.95090571570588     1.2629916264639586e-44
-15.877465258880658     1.7756633405172595e-41
-15.804024802055437     1.9064302420412163e-38
-15.730584345230216     1.563101851683211e-35
-15.657143888404995     9.787404573638457e-33
-15.583703431579774     4.680282294425651e-30
-15.510262974754555     1.7092848458576252e-27
-15.436822517929334     4.76774158995464e-25
-15.363382061104115     1.0157587007055439e-22
-15.289941604278894     1.653024077338179e-20
-15.216501147453673     2.0550369963036454e-18
-15.143060690628452     1.951937312131171e-16
-15.069620233803231     1.4167346985284652e-14
-14.99617977697801     7.859231567494877e-13
-14.92273932015279     3.333197442086881e-11
-14.84929886332757     1.0811546572876477e-09
-14.77585840650235     2.6832575240781503e-08
-14.702417949677129     5.098511125430337e-07
-14.62897749285191     7.422654245543818e-06
-14.555537036026688     8.287460153814958e-05
-14.482096579201468     0.0007104563312257479
-14.408656122376247     0.004682948533215843
-14.335215665551026     0.023773143128888643
-14.261775208725805     0.09312263115370513
-14.188334751900586     0.28204320761664087
-14.114894295075365     0.6619257224334303
-14.041453838250144     1.2066248533621344
-13.968013381424925     1.714392979936723
-13.894572924599704     1.9145435148811774
-13.821132467774483     1.7268952168786154
-13.747692010949262     1.3683034224998902
-13.67425155412404     1.1307341905331323
-13.60081109729882     1.0859997895479587
-13.5273706404736     1.0748721224542992
-13.45393018364838     0.9644989958399417
-13.380489726823159     0.8257272196674895
-13.30704926999794     0.8170785903482352
-13.233608813172719     0.9525813774800546
-13.160168356347498     1.0601449895692316
-13.086727899522277     0.9811230002877612
-13.013287442697056     0.7611310793017462
-12.939846985871835     0.608010249815679
-12.866406529046616     0.6908279759456215
-12.792966072221395     1.0052498525702278
-12.719525615396174     1.4094053584163018
-12.646085158570953     1.7584959634858128
-12.572644701745734     1.9796799593561172
-12.499204244920513     2.0357895572510056
-12.425763788095292     1.9013240057902323
-12.352323331270071     1.5974651630196115
-12.27888287444485     1.1943413416186333
-12.205442417619631     0.7771189096078447
-12.13200196079441     0.4257517624558334
-12.05856150396919     0.19029950996795061
-11.985121047143968     0.0679932857843476
-11.911680590318749     0.019295184230812952
-11.838240133493528     0.004439876808498209
-11.764799676668307     0.0012077752138006954
-11.691359219843086     0.0019239809137754425
-11.617918763017865     0.0064863657658813575
-11.544478306192646     0.019019397412758814
-11.471037849367425     0.046713939039415134
-11.397597392542204     0.09903174126311766
-11.324156935716983     0.1878721159162185
-11.250716478891764     0.3262641779889835
-11.177276022066543     0.5189057705933543
-11.103835565241322     0.7497361267786292
-11.030395108416101     0.9836339290454545
-10.95695465159088     1.1785440287429723
-10.883514194765661     1.2945605391776118
-10.81007373794044     1.3175758102079311
-10.73663328111522     1.2949067317558882
-10.663192824289998     1.3200275155831256
-10.58975236746478     1.4538214288278577
-10.516311910639558     1.6682977549901012
-10.442871453814337     1.8711156590716953
-10.369430996989117     1.9851767189418916
-10.295990540163896     2.0169936007796005
-10.222550083338676     2.029293820010392
-10.149109626513455     2.030314028355941
-10.075669169688235     1.9428773270292887
-10.002228712863014     1.704018644818713
-9.928788256037793     1.335292604270998
-9.855347799212574     0.9161531956443206
-9.781907342387353     0.5459334381098174
-9.708466885562132     0.32582471932753726
-9.63502642873691     0.3545501912214196
-9.561585971911692     0.7480501860247077
-9.48814551508647     1.6359277423273524
-9.41470505826125     3.0852452077791845
-9.341264601436029     5.015931603975237
-9.267824144610808     7.205121581323209
-9.194383687785589     9.369648996313778
-9.120943230960368     11.245696601215762
-9.047502774135147     12.631638046797223
-8.974062317309926     13.420307346860959
-8.900621860484707     13.61860480002059
-8.827181403659486     13.306494382423628
-8.753740946834265     12.574048643963465
-8.680300490009044     11.5407952356264
-8.606860033183823     10.41954570066272
-8.533419576358604     9.467476017112997
-8.459979119533383     8.802849111638103
-8.386538662708162     8.312347682182676
-8.313098205882941     7.831624191610962
-8.23965774905772     7.3901153893536815
-8.166217292232501     7.186672431098932
-8.09277683540728     7.318079631574686
-8.019336378582059     7.557631654817192
-7.945895921756838     7.477728016497949
-7.872455464931619     6.910660047912636
-7.799015008106398     6.188120001026125
-7.725574551281177     5.720860311746502
-7.652134094455956     5.463893123320162
-7.578693637630735     5.0462540149312725
-7.505253180805516     4.324141277506927
-7.431812723980295     3.5518576892143474
-7.358372267155074     3.0710470304891633
-7.284931810329853     3.055121812968832
-7.211491353504634     3.5247993420382446
-7.138050896679413     4.416728516960859
-7.064610439854192     5.570567281445178
-6.991169983028971     6.679770321564535
-6.91772952620375     7.331245435967011
-6.844289069378531     7.247547621507516
-6.77084861255331     6.514657067454298
-6.697408155728089     5.454004516397225
-6.623967698902868     4.352329684559187
-6.550527242077649     3.4576692931596957
-6.477086785252428     3.0687458936418635
-6.403646328427207     3.383187240332072
-6.3302058716019864     4.243616704114494
-6.2567654147767655     5.1228405159198935
-6.183324957951546     5.456080902427816
-6.109884501126325     5.09627826035381
-6.0364440443011045     4.443179242007884
-5.9630035874758835     4.024697327674694
-5.889563130650664     3.9683337839429402
-5.8161226738254435     3.9975655742987475
-5.7426822170002225     3.8795362499932184
-5.669241760175002     3.655468102198701
-5.595801303349781     3.421031342554454
-5.5223608465245615     3.148477557191654
-5.448920389699341     2.8682737022867544
-5.37547993287412     2.82051705657532
-5.302039476048899     3.200625178951118
-5.228599019223678     3.8252928155545107
-5.155158562398459     4.250266476030133
-5.081718105573238     4.225396530657527
-5.008277648748017     3.894709986820554
-4.934837191922796     3.5631135900743325
-4.861396735097575     3.3826161212610613
-4.787956278272354     3.26034707118152
-4.714515821447133     3.029246232309695
-4.641075364621916     2.675639248509727
-4.567634907796695     2.336903175445028
-4.494194450971474     2.11227449580798
-4.420753994146253     1.970905091916785
-4.347313537321032     1.8301421172920127
-4.273873080495811     1.6643367634265875
-4.20043262367059     1.5190471850451404
-4.126992166845369     1.4263767291225746
-4.053551710020148     1.3591961147571923
-3.9801112531949308     1.3017403284926254
-3.90667079636971     1.2936795443980373
-3.833230339544489     1.351432268240323
-3.759789882719268     1.4116971627951018
-3.686349425894047     1.4015548049602975
-3.612908969068826     1.312363201217304
-3.539468512243605     1.1723861425967332
-3.466028055418384     1.0011674311018142
-3.3925875985931633     0.8223615873980586
-3.319147141767946     0.6730886165419799
-3.245706684942725     0.5759510050936663
-3.172266228117504     0.5324214085770207
-3.098825771292283     0.5399678106185234
-3.025385314467062     0.584843565878207
-2.9519448576418412     0.6335539635011046
-2.8785044008166203     0.6643588480506584
-2.8050639439913994     0.6994775430767478
-2.7316234871661784     0.7809541727530727
-2.658183030340961     0.9102740955975928
-2.58474257351574     1.025432303855619
-2.511302116690519     1.0536853190110167
-2.4378616598652982     0.9876559486710111
-2.3644212030400773     0.895851129086541
-2.2909807462148564     0.8599388497549183
-2.2175402893896354     0.9159924044382464
-2.1440998325644145     1.0458627631225261
-2.0706593757391936     1.192738334518105
-1.9972189189139762     1.2795288242421605
-1.9237784620887552     1.2503227773806327
-1.8503380052635343     1.1228530376920276
-1.7768975484383134     0.9793075652637074
-1.7034570916130924     0.8847346927429639
-1.6300166347878715     0.8360544918049845
-1.5565761779626506     0.7973771357675447
-1.4831357211374296     0.7460964093828781
-1.4096952643122087     0.6709514241051466
-1.3362548074869913     0.5632032497952512
-1.2628143506617704     0.43150124383086774
-1.1893738938365495     0.30610796779645427
-1.1159334370113285     0.21505357990095497
-1.0424929801861076     0.1632788214719469
-0.9690525233608867     0.13728226427466989
-0.8956120665356657     0.12255167059238152
-0.8221716097104448     0.11301917080650417
-0.7487311528852238     0.10789132929483654
-0.6752906960600065     0.10512996046472617
-0.6018502392347855     0.10017841473986844
-0.5284097824095646     0.08958074953052446
-0.45496932558434366     0.07402518636788122
-0.38152886875912273     0.0575514490398161
-0.3080884119339018     0.044184482535259854
-0.23464795510868086     0.035295457720837566
-0.16120749828345993     0.029594142188575135
-0.08776704145823899     0.02490788848292437
-0.01432658463302161     0.019793596914288634
0.059113872192199324     0.014096557941501445
0.13255432901742026     0.008644328282390468
0.2059947858426412     0.004431475524652176
0.2794352426678621     0.0018608160183812654
0.35287569949308306     0.0006317181426470325
0.426316156318304     0.00017260313382056041
0.49975661314352493     4.3620206582491415e-05
0.5731970699687459     5.005811691390332e-05
0.6466375267939668     0.0002315361871879194
0.7200779836191842     0.0009363054742350603
0.7935184404444051     0.002925331402707594
0.866958897269626     0.00706391498243518
0.940399354094847     0.013262127386748526
1.013839810920068     0.01955599553265267
1.0872802677452889     0.023059518674746055
1.1607207245705098     0.022441058569079773
1.2341611813957307     0.018911854222541616
1.3076016382209517     0.014500965855852848
1.381042095046169     0.010260843938887173
1.45448255187139     0.006460377864868777
1.527923008696611     0.0034211845501406755
1.6013634655218318     0.0014577283019657176
1.6748039223470528     0.0004869108783209426
1.7482443791722737     0.00012579853720117478
1.8216848359974946     2.497489394524731e-05
1.8951252928227156     3.7979680687408863e-06
1.9685657496479365     4.4171834420445606e-07
2.042006206473154     3.927627434181734e-08
2.115446663298375     3.011625898069964e-09
2.1888871201235958     5.834327844872354e-09
2.2623275769488167     7.170303331957388e-08
2.3357680337740376     6.904216668584175e-07
2.4092084905992586     5.093261529202678e-06
2.4826489474244795     2.8852016124942064e-05
2.5560894042497004     0.0001260186768379035
2.6295298610749214     0.0004273813395923848
2.7029703179001388     0.0011385832339957907
2.7764107747253597     0.0024264543888228014
2.8498512315505806     0.0042438792522406605
2.9232916883758016     0.006282003500826462
2.9967321452010225     0.008111071036807437
3.0701726020262434     0.009379991745746314
3.1436130588514644     0.010007985886089327
3.2170535156766853     0.010267923507357503
3.2904939725019062     0.01053810978082526
3.3639344293271236     0.010875687682297009
3.4373748861523445     0.01096309026542609
3.5108153429775655     0.010544170329319298
3.5842557998027864     0.00978574601176859
3.6576962566280073     0.009149756632096686
3.7311367134532283     0.009030180112767723
3.804577170278449     0.00951045960115344
3.87801762710367     0.010265333031847344
3.951458083928891     0.010656098150585696
4.0248985407541085     0.010123610032404787
4.098338997579329     0.008632425201540297
4.17177945440455     0.006761187433234296
4.245219911229771     0.00534562474912299
4.318660368054992     0.004884744136188656
4.392100824880213     0.005114008278554584
4.465541281705434     0.005200029232625397
4.538981738530655     0.004503818389348654
4.612422195355876     0.0031373516592987276
4.685862652181097     0.0017201165796288786
4.759303109006314     0.0007355764780262967
4.832743565831535     0.00024417210561185164
4.906184022656756     6.272040219451773e-05
4.979624479481977     1.2438539135372167e-05
5.053064936307198     1.9010855115559852e-06
5.126505393132419     2.2360700712480353e-07
5.19994584995764     2.021699446968031e-08
5.273386306782861     1.4037179826602034e-09
5.346826763608082     7.478743739094805e-11
5.420267220433299     3.0554173636425545e-12
5.49370767725852     9.566576214665532e-14
5.567148134083741     2.2944209848232196e-15
5.640588590908962     4.2134343051537366e-17
5.714029047734183     5.922250646878512e-19
5.787469504559404     6.369230344644198e-21
5.860909961384625     5.2398322161179083e-23
5.934350418209846     3.3323340939374703e-25
6.007790875035067     7.724351649941472e-25
6.081231331860284     1.2719561371275606e-22
6.154671788685505     1.6027210050663398e-20
6.228112245510726     1.5421556187871852e-18
6.301552702335947     1.1331444239704843e-16
6.374993159161168     6.35818825813152e-15
6.448433615986389     2.7244592151256957e-13
6.52187407281161     8.915386888334152e-12
6.5953145296368305     2.2281211641916603e-10
6.6687549864620514     4.253271199728136e-09
6.742195443287269     6.202666383289591e-08
6.81563590011249     6.912896479083671e-07
6.889076356937711     5.891816861119656e-06
6.962516813762932     3.844618291215098e-05
7.035957270588153     0.0001924769534597092
7.1093977274133735     0.0007420290007785139
7.182838184238594     0.002216699964733565
7.256278641063815     0.0051840765497717595
7.329719097889036     0.00963673046351042
7.403159554714254     0.014522763153344984
7.476600011539475     0.018114446158718215
7.550040468364696     0.01904098700933623
7.6234809251899165     0.0172779078194721
7.696921382015137     0.014478077483909437
7.770361838840358     0.012871349868977557
7.843802295665579     0.01307944487342617
7.9172427524908     0.013364849841471814
7.990683209316021     0.011708256487436475
8.064123666141239     0.00814169024124709
8.13756412296646     0.004413905386942629
8.21100457979168     0.002049739780834751
8.284445036616901     0.0015942491130449359
8.357885493442122     0.003319593888889917
8.431325950267343     0.007541942638970602
8.504766407092564     0.01355522779910652
8.578206863917785     0.01865653825107571
8.651647320743006     0.019612633182641958
8.725087777568223     0.01574647833277553
8.798528234393444     0.00966957772174128
8.871968691218665     0.004628151447191078
8.945409148043886     0.002128263922567639
9.018849604869107     0.002283841406582796
9.092290061694328     0.005237625391296092
9.165730518519549     0.011367580034556365
9.23917097534477     0.020338943673119666
9.31261143216999     0.03070815735271381
9.386051888995208     0.0404731344381094
9.45949234582043     0.04704798035708268
9.53293280264565     0.04720168726963933
9.606373259470871     0.03940669115637719
9.679813716296092     0.026518519157593373
9.753254173121313     0.014086647207584648
9.826694629946534     0.0058354334850917
9.900135086771755     0.0018722471899036185
9.973575543596976     0.00046336115103861
10.047016000422197     8.823143910311304e-05
10.120456457247414     1.2903357797995025e-05
10.193896914072635     1.447411055986324e-06
10.267337370897856     1.2441136868501158e-07
10.340777827723077     8.187914835083567e-09
10.414218284548298     4.123546624232898e-10
10.487658741373519     1.588391395590193e-11
10.56109919819874     4.903394731600476e-13
10.63453965502396     1.2742010242473969e-12
10.707980111849182     5.407429920118959e-11
10.781420568674399     1.7670725672490079e-09
10.85486102549962     4.410155560087264e-08
10.928301482324844     8.406908094426486e-07
11.001741939150062     1.224317677256892e-05
11.075182395975279     0.00013627150680324624
11.148622852800504     0.001160140115504336
11.222063309625721     0.007565982825950889
11.295503766450945     0.03790716240888511
11.368944223276163     0.14670343335873584
11.442384680101387     0.44295566845533524
11.515825136926605     1.0617282337844531
11.58926559375183     2.0756451611485236
11.662706050577047     3.427563735132357
11.736146507402271     4.9452752765628505
11.809586964227488     6.382523178924249
11.883027421052706     7.526123892236873
11.95646787787793     8.424749329112146
12.029908334703148     9.381807233792275
12.103348791528372     10.486363660943473
12.17678924835359     11.337163620433573
12.250229705178814     11.475083251666193
12.323670162004031     10.948617497697429
12.397110618829256     10.381138282461523
12.470551075654473     10.55803421011684
12.54399153247969     11.77501067283695
12.617431989304915     13.466108299648122
12.690872446130133     14.608666735829607
12.764312902955357     14.541317986902406
12.837753359780574     13.379872093862893
12.911193816605799     11.790962711156597
12.984634273431016     10.504213138487184
13.05807473025624     9.97945639446469
13.131515187081458     10.330341028021866
13.204955643906676     11.34015106354312
13.2783961007319     12.449435737628141
13.351836557557117     12.921992347861876
13.425277014382342     12.404950891297297
13.49871747120756     11.401136517385027
13.572157928032784     10.870994357826635
13.645598384858001     11.24131836846585
13.719038841683226     12.015414514368645
13.792479298508443     12.419886607299144
13.86591975533366     12.298450906805003
13.939360212158885     12.344153098217122
14.012800668984102     13.472010310205448
14.086241125809327     15.951503406573845
14.159681582634544     19.27151009874795
14.233122039459769     22.840275336571178
14.306562496284986     26.339332133379994
14.38000295311021     29.097107190028723
14.453443409935428     29.76191208115274
14.526883866760645     27.507566764734854
14.60032432358587     23.485020282051856
14.673764780411087     20.15070178315615
14.747205237236312     18.881873292916428
14.820645694061529     19.030444790044726
14.894086150886753     19.48324370279423
14.96752660771197     20.050778220567206
15.040967064537195     20.812695352897215
15.114407521362413     21.08973995369329
15.18784797818763     19.931970004335184
15.261288435012855     17.280234837403103
15.334728891838072     14.089708987878154
15.408169348663296     11.39036349431496
15.481609805488514     9.45415779987874
15.555050262313738     7.869946247240638
15.628490719138956     6.375987045585528
15.70193117596418     5.468065314962877
15.775371632789398     5.963168103343327
15.848812089614615     7.993461293661807
15.92225254643984     10.659463332431539
15.995693003265057     12.788405779239902
16.06913346009028     13.943788517170209
16.1425739169155     14.561811620823368
16.216014373740723     15.270035734323457
16.28945483056594     16.347880990158856
16.362895287391165     17.587432732327613
16.436335744216382     18.321149677045277
16.5097762010416     17.888415521340953
16.583216657866824     16.2892030145263
16.65665711469204     14.090980367295266
16.730097571517266     11.858663479463749
16.803538028342484     10.060612565905402
16.876978485167708     9.17701301932835
16.950418941992925     9.45976500894031
17.02385939881815     10.689849525082774
17.097299855643367     12.252584421132326
17.170740312468585     13.441021751305936
17.24418076929381     13.825794834243899
17.317621226119027     13.414343004900491
17.39106168294425     12.506120777459019
17.46450213976947     11.481620369897936
17.537942596594693     10.6250957323859
17.61138305341991     9.934939341773601
17.684823510245135     9.118754467261375
17.758263967070352     7.954446714399064
17.83170442389557     6.641251329747844
17.905144880720794     5.608105300757249
17.97858533754601     5.004227027688703
18.052025794371236     4.590317934209771
18.125466251196453     4.1036606300757725
18.198906708021678     3.5322667874381617
18.272347164846895     3.0832072988444543
18.34578762167212     3.036482945018435
18.419228078497337     3.5529245454983642
18.492668535322554     4.532454677275069
18.56610899214778     5.691284039818444
18.639549448972996     6.708367096471548
18.71298990579822     7.233536265262596
18.786430362623438     6.961000078141347
18.859870819448663     5.916468508193774
18.93331127627388     4.555515471979585
19.006751733099104     3.3754546342575016
19.080192189924322     2.498683804908414
19.15363264674954     1.7630207068862502
19.227073103574764     1.082730660773048
19.30051356039998     0.5404552001040308
19.373954017225206     0.21203713814204336
19.447394474050423     0.06716723624737479
19.520834930875647     0.03219611212292899
19.594275387700865     0.07499058063037176
19.66771584452609     0.23194840106806644
19.741156301351307     0.5722942060341856
19.814596758176524     1.1043805681590226
19.88803721500175     1.7012767775722653
19.961477671826966     2.1682417443687454
20.03491812865219     2.3944466189876583
20.108358585477408     2.3912656888390478
20.181799042302632     2.237483799973774
20.25523949912785     2.066947347744112
20.328679955953074     2.0067949274375296
20.40212041277829     2.045989446140809
20.47556086960351     2.075168519883462
20.549001326428733     2.0578462057308093
20.62244178325395     2.0055134008702553
20.695882240079175     1.8359890358206126
20.769322696904393     1.4544075894707973
20.842763153729617     0.9400415852486588
20.916203610554835     0.5085789462592517
20.98964406738006     0.3382870843731427
21.063084524205276     0.5226629874209524
21.136524981030494     1.0969452153525157
21.20996543785572     1.9519148789354748
21.283405894680936     2.7290654327180532
21.35684635150616     2.983028076082766
21.430286808331378     2.5756724253600285
21.503727265156602     1.8472955924472505
21.57716772198182     1.3189727832034597
21.650608178807044     1.2475251943537542
21.72404863563226     1.4621183576214056
21.797489092457486     1.5772244843867471
