-21.537402679186656     0.0010338415020074672
-21.382410619959696     0.0011394104095896929
-21.227418560732733     0.0011113552110619635
-21.072426501505774     0.0008628738769814604
-20.91743444227881     0.0003678658123852896
-20.76244238305185     0.001480386293741121
-20.607450323824892     0.006016063118190881
-20.45245826459793     0.00918443572036452
-20.29746620537097     0.006735395063373362
-20.14247414614401     0.0054315352475067784
-19.987482086917048     0.003782696005737396
-19.83249002769009     0.0009638090743119143
-19.67749796846313     7.537387555757625e-05
-19.522505909236166     1.7769549636149555e-06
-19.367513850009207     1.2606058403870094e-08
-19.212521790782244     2.6905989616144907e-11
-19.057529731555285     1.727733904283021e-14
-18.902537672328325     3.3378134287746433e-18
-18.747545613101362     1.9400122731577662e-22
-18.592553553874403     3.3923769574472225e-27
-18.43756149464744     1.7846823886680487e-32
-18.28256943542048     2.824717220191565e-38
-18.12757737619352     1.345074139762592e-44
-17.97258531696656     1.9269687634282827e-51
-17.8175932577396     8.30539577114565e-59
-17.66260119851264     1.0769689842410983e-66
-17.507609139285677     4.2014893402874915e-75
-17.352617080058717     4.931289984084244e-84
-17.197625020831758     2.2048053955661533e-92
-17.042632961604795     4.671293168473929e-83
-16.887640902377836     3.236276465786342e-74
-16.732648843150876     6.754994154608453e-66
-16.577656783923914     4.249987436420306e-58
-16.42266472469695     8.065202639202162e-51
-16.26767266546999     4.620381934184522e-44
-16.112680606243032     7.999362364085214e-38
-15.95768854701607     4.1914077742930685e-32
-15.80269648778911     6.65816886214673e-27
-15.64770442856215     3.2133898200717397e-22
-15.49271236933519     4.723440790806363e-18
-15.337720310108228     2.1204132521511538e-14
-15.182728250881267     2.915120132891468e-11
-15.027736191654306     1.230491746172453e-08
-14.872744132427346     1.597943321488633e-06
-14.717752073200385     6.391778697524885e-05
-14.562760013973424     0.0007881101198668956
-14.407767954746465     0.0030214374815877797
-14.252775895519504     0.004073983093104444
-14.097783836292543     0.0042387973165183826
-13.942791777065581     0.005011505419001082
-13.78779971783862     0.007327578364033448
-13.63280765861166     0.02431902744908689
-13.4778155993847     0.03866851759940656
-13.322823540157739     0.030307762377057422
-13.16783148093078     0.01699078567943664
-13.012839421703818     0.004874150160363291
-12.857847362476857     0.00048308514822185267
-12.702855303249896     2.9173895030563278e-05
-12.547863244022935     0.0017528361730631539
-12.392871184795975     0.06431219607518708
-12.237879125569014     0.7104763265023898
-12.082887066342053     2.386329090264856
-11.927895007115094     2.7833270896597777
-11.772902947888133     2.797782823549614
-11.617910888661171     4.757032490484682
-11.46291882943421     8.24441471933778
-11.30792677020725     10.712428739197517
-11.15293471098029     13.100530921609275
-10.997942651753329     19.7172658156146
-10.842950592526368     25.163439278310886
-10.687958533299408     28.15774484647919
-10.532966474072447     32.491515897281765
-10.377974414845486     30.97469228271953
-10.222982355618525     20.119454116830273
-10.067990296391564     10.152833101623543
-9.912998237164604     4.263829992002714
-9.758006177937643     1.7845817240457589
-9.603014118710682     0.8679038381765866
-9.448022059483723     0.5960585751515749
-9.293030000256762     0.27912976631038217
-9.1380379410298     0.044417875538840856
-8.98304588180284     0.0021996232873553873
-8.828053822575878     0.0012215710857517454
-8.673061763348919     0.008862756854543156
-8.518069704121958     0.020256873607595507
-8.363077644894997     0.016816526059417473
-8.208085585668037     0.02096159329555802
-8.053093526441076     0.12735053567050644
-7.898101467214115     0.7600783174170189
-7.743109407987154     2.199176157345832
-7.588117348760193     3.57849069842182
-7.433125289533233     3.5053078436040885
-7.278133230306272     2.240006481592072
-7.123141171079311     0.9648694447493033
-6.968149111852352     0.19665304021516442
-6.813157052625391     0.015606931271521065
-6.6581649933984295     0.009043664300929679
-6.503172934171468     0.02564591154007841
-6.348180874944507     0.04062135333732045
-6.193188815717548     0.04847239452071654
-6.038196756490587     0.06706632558018441
-5.883204697263626     0.1394844631765442
-5.728212638036666     0.17138351450085115
-5.573220578809705     0.13178532872349782
-5.418228519582744     0.062309543927088595
-5.263236460355785     0.012401637519591696
-5.108244401128822     0.0008522034907038757
-4.953252341901862     1.889087190197321e-05
-4.798260282674903     1.3103144245403496e-07
-4.64326822344794     2.796628706075542e-10
-4.488276164220981     1.8267794664054467e-13
-4.333284104994018     4.483106338142931e-12
-4.1782920457670585     7.899129658398376e-09
-4.023299986540099     4.187358313544549e-06
-3.868307927313136     0.0006678181447713054
-3.713315868086177     0.03204302788630287
-3.558323808859214     0.46255973819797375
-3.4033317496322546     2.009285258987256
-3.2483396904052952     2.649863180015725
-3.0933476311783323     1.5245726371855655
-2.938355571951373     3.3009510348087536
-2.7833635127244136     7.786341746680704
-2.6283714534974507     10.785378017479111
-2.4733793942704914     12.589389460853399
-2.318387335043532     11.05073980066657
-2.163395275816569     9.304463764922275
-2.0084032165896097     10.861316756945355
-1.8534111573626468     14.095964011340088
-1.6984190981356875     16.425408205942738
-1.5434270389087281     15.995510873998615
-1.3884349796817652     17.66213998848796
-1.2334429204548059     22.406841065076428
-1.078450861227843     29.626156705982627
-0.9234588020008836     35.63408317956795
-0.7684667427739242     42.16848137005613
-0.6134746835469613     51.18896978737566
-0.458482624320002     63.054010428385006
-0.3034905650930426     79.20674011419774
-0.1484985058660797     88.59309115662704
0.006493553360879645     65.94937769109451
0.161485612587839     25.74860242195202
0.3164776718148019     5.398883001642869
0.47146973104176126     0.6748704326409728
0.6264617902687242     0.04003016703363912
0.7814538494956835     0.000847112173002532
0.9364459087226429     5.6778731998724585e-06
1.0914379679496058     1.163234686504107e-08
1.2464300271765651     7.2077282258044394e-12
1.401422086403528     1.346185644483607e-15
1.5564141456304874     7.603520660218426e-18
1.7114062048574468     6.63415704565683e-14
1.8663982640844097     1.7590744349945036e-10
2.021390323311369     1.4035894450587452e-07
2.1763823825383284     3.3725214928578244e-05
2.3313744417652913     0.0024469918126936263
2.4863665009922506     0.05420521003574361
2.64135856021921     0.38228565090147615
2.796350619446173     0.9892550857629479
2.9513426786731323     1.336312473720405
3.106334737900095     1.591270528706495
3.2613267971270545     2.3322264246418056
3.416318856354014     3.58982662464617
3.571310915580977     4.3623117084104495
3.726302974807936     4.596144014493612
3.881295034034899     4.387454464671349
4.036287093261858     3.302169627943002
4.191279152488818     2.6659874901966005
4.346271211715781     3.3187248950005586
4.50126327094274     4.3400361893865576
4.656255330169699     4.013680259025246
4.811247389396662     2.6642178564744343
4.966239448623622     1.5918998055173383
5.121231507850581     0.7599345193125133
5.276223567077544     0.1548548087965604
5.431215626304503     0.010193720731577167
5.586207685531466     0.00020453620993565714
5.7411997447584255     1.237735305636247e-06
5.896191803985385     2.2544801083545584e-09
6.051183863212348     1.2424825193088223e-12
6.206175922439307     1.2551645322787966e-11
6.36116798166627     6.841128846513187e-09
6.516160040893229     1.1218354595817757e-06
6.671152100120189     5.535904695736841e-05
6.826144159347152     0.0008237988451275552
6.981136218574111     0.003775821685916391
7.13612827780107     0.006449541086896542
7.291120337028033     0.009125958950000885
7.446112396254993     0.013077276522091908
7.601104455481952     0.010335896090063782
7.756096514708915     0.0068898015428220626
7.911088573935874     0.01649924925816073
8.066080633162837     0.025937313811966508
8.221072692389797     0.02063853795926142
8.376064751616756     0.012578200589077083
8.531056810843719     0.004509378766649142
8.686048870070678     0.0005942568196847356
8.841040929297641     2.4636138276052107e-05
8.9960329885246     3.1052315824623065e-07
9.15102504775156     1.1955923745803514e-09
9.306017106978523     6.401598718111933e-09
9.461009166205482     8.407782057227602e-07
9.616001225432441     3.3418303738407084e-05
9.770993284659404     0.00040976258716511876
9.925985343886364     0.0016746523029290558
10.080977403113323     0.0028279679027255608
10.235969462340286     0.0024213710984997217
10.390961521567245     0.0008999491759079794
10.545953580794205     0.00011446273828915762
10.700945640021168     4.5243653072154546e-06
10.85593769924813     5.420310543842395e-08
11.010929758475086     8.005006717989378e-10
11.16592181770205     1.1489141282774637e-07
11.320913876929012     6.566043332185536e-06
11.475905936155968     0.00011289583742408634
11.63089799538293     0.0005839954617919386
11.785890054609894     0.0009089374652861207
11.94088211383685     0.0004338739939089086
12.095874173063812     0.00033659079554703764
12.250866232290775     0.002785768659508379
12.405858291517738     0.008986322243084688
12.560850350744694     0.013747591123215643
12.715842409971657     0.02228052208473602
12.87083446919862     0.0482403887027169
13.025826528425576     0.11530329408848954
13.180818587652539     0.1810332141116228
13.335810646879501     0.19516324317510114
13.490802706106457     0.14429637876858556
13.64579476533342     0.0674160029506551
13.800786824560383     0.03944719666388054
13.955778883787339     0.033193460891517694
14.110770943014302     0.05979411870625592
14.265763002241265     0.11318792257004089
14.420755061468228     0.11787837964957332
14.575747120695183     0.07032680322752682
14.730739179922146     0.07392849926360386
14.88573123914911     0.07081321469560771
15.040723298376065     0.022651291653024676
15.195715357603028     0.002191122764642599
15.35070741682999     6.378312304722998e-05
15.505699476056947     5.586083132616422e-07
15.66069153528391     1.4718599350056328e-09
15.815683594510872     1.1667666612076462e-12
15.970675653737828     1.3961558255823904e-14
16.12566771296479     1.7473848735329466e-11
16.280659772191754     6.89318104359e-09
16.43565183141871     8.546054356941544e-07
16.590643890645673     3.4170735457461675e-05
16.745635949872636     0.00045676244071244255
16.90062800909959     0.002144807991511431
17.055620068326554     0.003950542462818838
17.210612127553517     0.0043145189873066096
17.36560418678048     0.005096507197824338
17.520596246007436     0.005291938655852425
17.6755883052344     0.006421019290858028
17.830580364461362     0.016837379182500466
17.985572423688318     0.023234378568194755
18.14056448291528     0.013165628041071036
18.295556542142243     0.003931096651406507
18.4505486013692     0.0007068228514111974
18.605540660596162     5.664728363424792e-05
18.760532719823125     1.548478952656909e-06
18.91552477905008     1.3165671063130751e-08
19.070516838277044     3.9773640612627594e-11
19.225508897504007     2.809251344085277e-09
19.38050095673097     4.115487030853346e-07
19.535493015957925     1.8466084839833498e-05
19.69048507518489     0.0002647205987182466
19.84547713441185     0.0013603982765890779
20.000469193638807     0.003084777960682229
20.15546125286577     0.004286649993756042
20.310453312092733     0.006657623877340877
20.46544537131969     0.011243732114117196
20.62043743054665     0.015651492230630604
20.77542948977361     0.012097671236873829
