-21.940757031971085     3.4356511855014897
-21.786406782652342     4.111832296136634
-21.6320565333336     3.0794284563580976
-21.477706284014857     2.633688696704606
-21.323356034696115     2.7543300283126695
-21.169005785377372     2.445280181759801
-21.01465553605863     2.4907023790519203
-20.860305286739887     2.922893678311123
-20.705955037421145     2.043963275539561
-20.551604788102402     0.6055564840247177
-20.397254538783663     0.06188444529998563
-20.242904289464917     0.001995420486553361
-20.088554040146178     1.9749421245298446e-05
-19.934203790827436     5.955128653066054e-08
-19.779853541508693     5.4600145642207496e-11
-19.62550329218995     1.5213942231677447e-14
-19.471153042871208     1.2881843279501883e-18
-19.316802793552466     3.314269457615362e-23
-19.162452544233723     2.590999731268407e-28
-19.00810229491498     6.154824704057595e-34
-18.853752045596238     4.442552019145545e-40
-18.699401796277495     9.74356312001199e-47
-18.545051546958753     6.493390401676719e-54
-18.39070129764001     1.3149028080051563e-61
-18.236351048321268     8.090664941114432e-70
-18.082000799002525     1.5126665532148643e-78
-17.927650549683783     8.593510604312998e-88
-17.77330030036504     1.4834280079159157e-97
-17.618950051046298     8.901672308235732e-95
-17.464599801727555     3.6185412832681655e-85
-17.310249552408813     4.472844737000572e-76
-17.155899303090074     1.6812572952884874e-67
-17.001549053771328     1.9217470230960062e-59
-16.84719880445259     6.680075680108455e-52
-16.692848555133843     7.061564293308953e-45
-16.538498305815104     2.270208690081391e-38
-16.38414805649636     2.2196607139445117e-32
-16.22979780717762     6.600450638746745e-27
-16.075447557858876     5.969481226525851e-22
-15.921097308540133     1.642045661895019e-17
-15.766747059221391     1.373820205702352e-13
-15.612396809902648     3.496117120791875e-10
-15.458046560583906     2.7063952819095487e-07
-15.303696311265163     6.37495958172491e-05
-15.14934606194642     0.004574726677334215
-14.994995812627678     0.10050605294111073
-14.840645563308936     0.690209799511889
-14.686295313990193     1.6211190872173875
-14.53194506467145     1.8340346568526045
-14.377594815352708     1.7380541935233165
-14.223244566033966     1.2180161417894089
-14.068894316715225     0.840717432907828
-13.914544067396482     1.0743470059494422
-13.76019381807774     0.7688752572820918
-13.605843568758997     0.2074165048321469
-13.451493319440255     0.019159372157889556
-13.297143070121512     0.0005696813438549581
-13.14279282080277     5.276033388434595e-06
-12.988442571484027     1.257853993185001e-07
-12.834092322165287     6.031844751429746e-06
-12.679742072846544     0.0001563365449960837
-12.525391823527801     0.0038197841449355593
-12.371041574209059     0.058656879327271656
-12.216691324890316     0.4296353884619956
-12.062341075571574     1.5691115625460152
-11.907990826252831     2.611285699477577
-11.753640576934089     2.837593130389893
-11.599290327615346     3.6899202778088416
-11.444940078296604     5.129195967622062
-11.290589828977861     6.929474308371674
-11.13623957965912     6.435371207037977
-10.981889330340378     4.827071704472362
-10.827539081021635     4.184920446444172
-10.673188831702893     3.9944890723725814
-10.51883858238415     4.224344424454373
-10.364488333065408     3.9582316967828346
-10.210138083746665     2.690617211209755
-10.055787834427923     1.2021960377569665
-9.90143758510918     0.24495636675672935
-9.747087335790438     0.017334843659774623
-9.592737086471697     0.00041940895075867775
-9.438386837152954     0.0025675315473696015
-9.284036587834212     0.06601280723604742
-9.12968633851547     0.5456037738394421
-8.975336089196727     1.6877114067631742
-8.820985839877984     2.7564602604197197
-8.666635590559242     3.1031859682406293
-8.5122853412405     2.906697398350867
-8.357935091921757     2.2229823519854994
-8.203584842603014     1.1792608606699702
-8.049234593284272     1.5858040354952596
-7.894884343965531     2.2544680717535797
-7.740534094646788     1.37499008183324
-7.586183845328046     0.3300054777857727
-7.431833596009303     0.04518681153526541
-7.277483346690561     0.02372343616140357
-7.123133097371818     0.06705213815598474
-6.968782848053076     0.23232824505314253
-6.814432598734333     0.4840731650883663
-6.660082349415591     0.7368396407505348
-6.505732100096848     0.7048078987670051
-6.351381850778106     0.4888714625498457
-6.197031601459365     0.4159499381942363
-6.042681352140622     0.27123150618439823
-5.88833110282188     0.0764988803620546
-5.733980853503137     0.007536105926182936
-5.579630604184395     0.00023899387463221182
-5.425280354865652     2.367178409813664e-06
-5.27093010554691     7.2418481329717526e-09
-5.116579856228167     6.811619519046678e-12
-4.962229606909425     1.965119626519971e-15
-4.807879357590682     1.2774718175436495e-18
-4.65352910827194     3.668518682978425e-15
-4.499178858953197     3.70452149570016e-12
-4.344828609634455     1.1366970620632587e-09
-4.190478360315712     1.0599192089444615e-07
-4.0361281109969696     3.008537468027911e-06
-3.881777861678227     2.6734585901106886e-05
-3.727427612359488     0.00010677883965732364
-3.5730773630407455     0.0005806830820317208
-3.418727113722003     0.002184602485459708
-3.2643768644032605     0.0028241282535673923
-3.110026615084518     0.0018585629199802335
-2.9556763657657754     0.0032220662454669467
-2.801326116447033     0.00666058785737178
-2.6469758671282904     0.011340168273115594
-2.492625617809548     0.021127931929915987
-2.3382753684908053     0.03198373769165689
-2.183925119172063     0.03021570901567148
-2.0295748698533203     0.027289217675259398
-1.8752246205345777     0.03803081486147883
-1.7208743712158352     0.04638973916348283
-1.5665241218970927     0.0561560772771528
-1.4121738725783501     0.07482800933127612
-1.2578236232596076     0.09037815211556119
-1.103473373940865     0.08428693330355982
-0.9491231246221226     0.06674269390540756
-0.79477287530338     0.0714897862433269
-0.6404226259846375     0.10688622952971501
-0.48607237666589853     0.10739653161717172
-0.331722127347156     0.06391465268133922
-0.17737187802841348     0.032503743760278904
-0.02302162870967095     0.017096061496708285
0.13132862060907158     0.00567766568444307
0.2856788699278141     0.000829211965356964
0.44002911924655663     4.6077694668319496e-05
0.5943793685652992     9.355396014652465e-07
0.7487296178840417     7.002887726885571e-09
0.9030798672027842     1.947432656665516e-11
1.0574301165215267     1.9548432219320725e-14
1.2117803658402693     6.705080254350304e-18
1.3661306151590118     7.474320793737344e-22
1.5204808644777543     1.0181379472643803e-22
1.6748311137964969     1.728150569769975e-18
1.8291813631152394     8.916139992872664e-15
1.983531612433982     1.39813984912957e-11
2.1378818617527244     6.666462908091963e-09
2.292232111071467     9.67712612691427e-07
2.4465823603902095     4.2915548850843204e-05
2.600932609708952     0.00058738879956444
2.755282859027691     0.002561088537038814
2.9096331083464335     0.003944183339096877
3.063983357665176     0.003002004305071209
3.2183336069839186     0.0030673670377892436
3.372683856302661     0.005988584326071798
3.5270341056214036     0.008441231361253543
3.681384354940146     0.009119384423325768
3.8357346042588887     0.007542374369803548
3.990084853577631     0.005134105424769863
4.144435102896374     0.0061640107410056225
4.298785352215116     0.006132089961552386
4.453135601533859     0.004516587148262314
4.607485850852601     0.002984856799889727
4.761836100171344     0.0008850952027711309
4.916186349490086     8.481477817886285e-05
5.070536598808829     2.490202577976407e-06
5.224886848127571     2.2241903943308754e-08
5.379237097446314     6.037427453887421e-11
5.5335873467650565     4.980569000291409e-14
5.687937596083799     6.873999113885501e-14
5.8422878454025415     1.859140633269748e-10
5.996638094721284     1.5282150189921564e-07
6.150988344040023     3.818073209429216e-05
6.305338593358766     0.002902829347186934
6.459688842677508     0.06761580117104184
6.614039091996251     0.5006701131745507
6.768389341314993     1.4014610644228565
6.922739590633736     2.276876207712969
7.077089839952478     2.6697437308381864
7.231440089271221     2.8130297990397923
7.385790338589963     3.3570455090246507
7.540140587908706     2.4141462834833662
7.694490837227448     0.6781117314305842
7.848841086546191     0.06449271527753185
8.003191335864933     0.0051946243022146345
8.157541585183676     0.0704581463682291
8.311891834502418     0.46886511210592136
8.466242083821161     0.9919523547857911
8.620592333139903     1.025112756982901
8.774942582458646     1.488511180414112
8.929292831777389     1.6525114081399983
9.083643081096131     1.0494124298322354
9.237993330414874     0.9870613758965383
9.392343579733613     0.7126345375753177
9.546693829052355     0.17431118339330215
9.701044078371098     0.013179283325340085
9.85539432768984     0.007241984549044319
10.009744577008583     0.11752954374013345
10.164094826327325     0.6195154413799755
10.318445075646071     1.165622195992212
10.47279532496481     1.2537547054481348
10.627145574283556     0.9245709886643712
10.781495823602295     0.28026290627173206
10.935846072921041     0.03757656406573569
11.09019632223978     0.1534227555608984
11.24454657155852     0.6796798507253421
11.398896820877265     0.9197453833743532
11.553247070196004     0.3783152717777885
11.70759731951475     0.05439059168466481
11.86194756883349     0.12060170346758564
12.016297818152236     0.6244794253057928
12.170648067470974     1.2336352455124273
12.32499831678972     1.610128179290485
12.47934856610846     2.4214939236343236
12.633698815427206     4.13266708533726
12.788049064745945     5.351136864455504
12.94239931406469     3.763973975514629
13.09674956338343     1.5436995519253631
13.251099812702176     0.8929885136357733
13.405450062020915     1.2334148732510999
13.55980031133966     1.7361272956959515
13.7141505606584     1.940355775417157
13.868500809977146     0.9949113518677307
14.022851059295885     0.8184540593534261
14.177201308614631     0.9405641029252757
14.33155155793337     0.37736582328141854
14.485901807252109     0.046221549373001394
14.640252056570855     0.0017205175050311482
14.794602305889594     1.9460058553331173e-05
14.94895255520834     6.688021778427549e-08
15.103302804527079     6.984247828062421e-11
15.257653053845825     2.2162066146117027e-14
15.412003303164564     1.5976978306218468e-16
15.56635355248331     6.795644379654814e-13
15.720703801802049     8.902651516970372e-10
15.875054051120795     3.545072827781055e-07
16.029404300439534     4.2954794201634764e-05
16.18375454975828     0.0015910192123875355
16.33810479907702     0.018399821126857927
16.492455048395765     0.073693660948933
16.646805297714504     0.15447980843532397
16.80115554703325     0.2975766507185713
16.95550579635199     0.4293939507611973
17.109856045670735     0.32977835174608433
17.264206294989474     0.18367667556186568
17.41855654430822     0.2243377482268541
17.57290679362696     0.22784177937836114
17.7272570429457     0.11380379040533661
17.881607292264444     0.023913920461448662
18.035957541583183     0.00180632152976901
18.19030779090193     4.460523717190189e-05
18.34465804022067     3.450459367942268e-07
18.499008289539415     8.341011785628393e-10
18.653358538858154     7.695917776398211e-09
18.8077087881769     1.4257884856125122e-06
18.96205903749564     8.026976369558428e-05
19.116409286814385     0.0013731541324012253
19.270759536133124     0.007138983723115626
19.42510978545187     0.011367516789615261
19.57946003477061     0.00745581551880934
19.733810284089355     0.015748569406192472
19.888160533408094     0.039885902737256305
20.04251078272684     0.04685245485241808
20.196861032045582     0.030988416774415384
