-21.931886120616586     7.802292752023035e-05
-21.777525006679113     0.00028673596737920125
-21.623163892741644     0.0003318266327917252
-21.46880277880417     0.0001390166984131897
-21.3144416648667     8.783646080031619e-05
-21.16008055092923     9.499349735195559e-05
-21.005719436991757     6.146776110279987e-05
-20.851358323054285     4.3564086900367075e-05
-20.696997209116816     2.4565688702048945e-05
-20.542636095179343     6.63537714441909e-06
-20.38827498124187     6.57843512103206e-07
-20.233913867304402     2.103961762443756e-08
-20.07955275336693     2.0784773419697017e-10
-19.925191639429457     6.265642163044205e-13
-19.770830525491988     5.745205739469541e-16
-19.616469411554515     1.601045084388017e-19
-19.462108297617043     1.3557074739319135e-23
-19.307747183679574     3.4879376802085405e-28
-19.1533860697421     2.7265000386316264e-33
-18.99902495580463     6.475521745495154e-39
-18.84466384186716     4.6727881826593753e-45
-18.690302727929687     1.0244939929560186e-51
-18.535941613992215     6.824561325665092e-59
-18.381580500054746     1.3812494187944152e-66
-18.227219386117273     8.493791062832273e-75
-18.072858272179804     1.5869498475864784e-83
-17.91849715824233     9.008595105160456e-93
-17.76413604430486     1.5537586496946331e-102
-17.609774930367387     1.4423531349069687e-98
-17.455413816429918     5.809995494679582e-89
-17.301052702492445     7.113098313557988e-80
-17.146691588554976     2.6468487195834533e-71
-16.992330474617503     2.993612345615956e-63
-16.83796936068003     1.029123144990112e-55
-16.683608246742562     1.0753604424720782e-48
-16.52924713280509     3.415589461038729e-42
-16.37488601886762     3.2977110222238793e-36
-16.220524904930148     9.678455116079062e-31
-16.066163790992675     8.634938941159984e-26
-15.911802677055205     2.3420338347408004e-21
-15.757441563117734     1.9313421701498244e-17
-15.603080449180261     4.8443468596551555e-14
-15.44871933524279     3.7018700603427266e-11
-15.29435822130532     8.674735095513088e-09
-15.139997107367847     6.397148301405072e-07
-14.985635993430376     1.6252383405272516e-05
-14.831274879492906     0.0001752165854716226
-14.676913765555433     0.0009299250857491711
-14.522552651617962     0.002136920492876772
-14.368191537680492     0.0019551571637062013
-14.213830423743019     0.0009180299046970249
-14.059469309805548     0.0006609636775507222
-13.905108195868078     0.0007707919990689367
-13.750747081930605     0.00039938746581498583
-13.596385967993134     7.72673174313328e-05
-13.442024854055663     5.641269433767199e-06
-13.287663740118191     1.4790169570240493e-07
-13.13330262618072     1.3949731595119323e-08
-12.97894151224325     2.119229971504074e-06
-12.824580398305779     0.00010804393500978419
-12.670219284368306     0.0017060930378864207
-12.515858170430835     0.009591123870809704
-12.361497056493365     0.03467292743822914
-12.207135942555892     0.10313590681859292
-12.052774828618421     0.15952122389118262
-11.89841371468095     0.257257159194366
-11.744052600743478     0.6204398169409291
-11.589691486806007     0.8745096924775538
-11.435330372868536     1.1556112892990695
-11.280969258931064     2.111327363759904
-11.126608144993593     2.4965489550703595
-10.972247031056122     2.330540963142106
-10.817885917118652     2.815615926579627
-10.66352480318118     2.9782844217943523
-10.509163689243708     2.74613574761372
-10.354802575306238     2.518835779841515
-10.200441461368765     1.5954229273720368
-10.046080347431294     0.5851307968556756
-9.891719233493824     0.09773621793708764
-9.737358119556351     0.005859762124709882
-9.58299700561888     0.00011373410758078572
-9.42863589168141     3.3189708330316505e-06
-9.274274777743937     6.825900973024963e-05
-9.119913663806466     0.0005900181842140985
-8.965552549868995     0.002143870854056717
-8.811191435931523     0.0047708547476618055
-8.656830321994052     0.007827379882988206
-8.502469208056581     0.012774506024562688
-8.348108094119109     0.018604692646514813
-8.193746980181638     0.09479868067316352
-8.039385866244167     0.9680908940995716
-7.8850247523066965     4.670835271437445
-7.730663638369224     10.518901046321563
-7.576302524431753     15.031486692177115
-7.4219414104942825     18.112374610389082
-7.26758029655681     16.141609637522585
-7.113219182619339     8.888408004335172
-6.958858068681868     2.659572903590179
-6.804496954744396     0.38526701621753784
-6.650135840806925     0.11620667230229736
-6.495774726869454     0.07167530910742181
-6.341413612931982     0.032404940924883247
-6.187052498994511     0.02457197421451942
-6.03269138505704     0.014022240001127163
-5.8783302711195695     0.0035948477989304582
-5.723969157182097     0.0003426888455625961
-5.569608043244624     1.0826189649157096e-05
-5.4152469293071555     1.078158233249291e-07
-5.260885815369683     3.323277682843068e-10
-5.10652470143221     3.1487563797498057e-13
-4.952163587494741     9.153903162496312e-17
-4.797802473557269     1.2463541229580086e-15
-4.643441359619796     4.110231074764384e-12
-4.489080245682327     4.118581864675243e-09
-4.334719131744855     1.2539610402491974e-06
-4.180358017807386     0.00011600570185928716
-4.025996903869913     0.0032612762005021197
-3.8716357899324407     0.02791883798890417
-3.7172746759949717     0.07531880606143608
-3.562913562057499     0.0993471261763451
-3.4085524481200267     0.20071964676267082
-3.2541913341825577     0.28676282150661714
-3.099830220245085     0.3539507155032676
-2.9454691063076126     0.926759540990375
-2.7911079923701436     2.028513947533259
-2.636746878432671     3.7791507372542354
-2.4823857644951985     6.893264120059046
-2.3280246505577296     9.211358659931026
-2.173663536620257     8.967388505708112
-2.0193024226827845     8.443247323037959
-1.8649413087453155     8.391453620237101
-1.710580194807843     8.321510069084612
-1.5562190808703704     7.503794006427636
-1.4018579669329014     5.283966842706899
-1.247496852995429     3.1305947474014975
-1.0931357390579564     2.191905703309496
-0.9387746251204874     1.788367944299796
-0.7844135111830148     1.7874070081676434
-0.6300523972455423     2.127169328497625
-0.4756912833080733     1.9318744230304652
-0.32133016937060077     1.812881240275844
-0.16696905543312823     2.936194152966455
-0.012607941495659247     3.8034079344141993
0.1417531724418133     2.1106171659987947
0.2961142863792823     0.41767485471453697
0.4504754003167548     0.02796924192556638
0.6048365142542274     0.0006295739088336345
0.7591976281916963     4.834984256182194e-06
0.9135587421291689     1.2915667289492629e-08
1.0679198560666414     1.204914955679288e-11
1.2222809700041104     3.846108085171352e-15
1.376642083941583     4.0588923816993544e-19
1.5310031978790555     1.4476189807316242e-19
1.6853643118165245     2.4456206814579873e-15
1.839725425753997     1.2558734093848409e-11
1.9940865396914695     1.961218087314217e-08
2.1484476536289385     9.328036203428347e-06
2.302808767566411     0.0013568929683814902
2.4571698815038836     0.06105738058581546
2.6115309954413526     0.8766607070374917
2.765892109378825     4.353592554066551
2.9202532233162977     8.903913484138467
3.0746143372537666     9.775909551431901
3.228975451191239     10.524318082905868
3.3833365651287117     19.889907561098354
3.5376976790661807     29.634857921678304
3.6920587930036532     32.60716886445687
3.846419906941126     29.037628851321863
4.000781020878595     21.806327803184967
4.155142134816067     21.221835301550538
4.30950324875354     16.28389114024671
4.463864362691009     8.226688353183544
4.618225476628481     3.961623068564273
4.772586590565954     1.0688080405829963
4.926947704503423     0.09904847456795984
5.081308818440895     0.0028417161700497436
5.235669932378368     2.4852307794842502e-05
5.390031046315837     6.609962592320782e-08
5.5443921602533095     5.3446802676892354e-11
5.6987532741907785     1.3256254159480956e-14
5.853114388128251     3.202410829615121e-13
6.007475502065724     2.6233199282179326e-10
6.1618366160031925     6.538864985301909e-08
6.316197729940665     4.989788009515813e-06
6.470558843878138     0.00012018626970118447
6.624919957815607     0.00104205251792842
6.779281071753079     0.00447979268701865
6.933642185690552     0.010792246307854286
7.088003299628021     0.011555643327722869
7.242364413565493     0.006681879354254846
7.396725527502966     0.00460431657906029
7.551086641440435     0.003012780628682679
7.705447755377907     0.0008775095169887763
7.85980886931538     8.660464738460559e-05
8.014169983252849     3.187173631026805e-06
8.168531097190321     1.0434288938568833e-05
8.322892211127794     6.896085311887902e-05
8.477253325065263     0.0001444584898248015
8.631614439002735     0.0001447824694441019
8.785975552940208     0.0002209136799660243
8.940336666877677     0.00027800679237867637
9.09469778081515     0.00020841446710966865
9.249058894752622     0.00022597833301082063
9.403420008690091     0.00016575412832302422
9.557781122627564     4.0397293332316065e-05
9.712142236565036     3.0513890353896875e-06
9.866503350502505     2.3327243958796647e-06
10.020864464439978     3.818566952512787e-05
10.175225578377447     0.0002019377486138182
10.329586692314923     0.0003961167174556885
10.483947806252392     0.00047589699059137587
10.63830892018986     0.0003735109472730183
10.792670034127337     0.00011487845094472205
10.947031148064806     4.570334358440992e-05
11.101392262002275     0.0005059484832138786
11.25575337593975     0.002241299294843163
11.41011448987722     0.003018659967196964
11.564475603814689     0.0012354058152080041
11.718836717752165     0.0001595657420151004
11.873197831689634     0.00010414321822661818
12.027558945627103     0.0004985987838409873
12.181920059564579     0.0008595133659433578
12.336281173502048     0.001262159030103072
12.490642287439517     0.004814091251096468
12.645003401376993     0.012061959377745575
12.799364515314462     0.013903365674356825
12.953725629251931     0.007580624597543287
13.1080867431894     0.002430276090465233
13.262447857126876     0.0014654245874052903
13.416808971064345     0.0022449933851060363
13.571170085001814     0.0035059743370451464
13.72553119893929     0.004215753246247291
13.879892312876759     0.002514130257405805
14.034253426814228     0.0030889641990767417
14.188614540751704     0.0037515996654422967
14.342975654689173     0.0015028317389885935
14.497336768626642     0.00018341864049283788
14.651697882564118     6.802265941346707e-06
14.806058996501587     7.664848898358557e-08
14.960420110439056     2.6241740882832984e-10
15.114781224376532     2.729739020623978e-13
15.269142338314001     8.627591045188169e-17
15.42350345225147     1.9318601843649897e-19
15.577864566188946     7.959372288947309e-16
15.732225680126415     1.0411157446197086e-12
15.886586794063884     4.139558476052439e-10
16.04094790800136     5.0112519453327e-08
16.19530902193883     1.8622951617524808e-06
16.3496701358763     2.2280248245560057e-05
16.504031249813774     0.0001112976499470006
16.658392363751243     0.0004310454838054726
16.812753477688712     0.001201594988674695
16.96711459162619     0.0015855230838337628
17.121475705563657     0.0010308279980491418
17.275836819501126     0.0007994257695707512
17.430197933438603     0.0010762178294684722
17.58455904737607     0.0009281598782499097
17.73892016131354     0.0004210520622723446
17.893281275251017     8.21055838754909e-05
18.047642389188486     5.833440047639874e-06
18.202003503125955     1.3837970300945697e-07
18.35636461706343     1.046258646024807e-09
18.5107257310009     2.568777631321118e-12
18.66508684493837     6.621242830190991e-11
18.819447958875845     1.2259159471577684e-08
18.973809072813314     6.896452172880828e-07
19.128170186750783     1.178766497821861e-05
19.28253130068826     6.125406275176878e-05
19.436892414625728     0.00010028536326120453
19.591253528563197     0.00015425691587720851
19.745614642500673     0.0009954471593608225
19.899975756438142     0.002893771521418688
20.05433687037561     0.0029933902194041557
20.20869798431309     0.0015100297650332082
