-21.49484407379268     1.6175145896989631
-21.34108549765536     1.4531268457070452
-21.187326921518043     0.9900457537432319
-21.033568345380722     0.7606423554303882
-20.879809769243405     1.1235437265934236
-20.726051193106084     1.6148618769367158
-20.572292616968767     1.9830742677011741
-20.418534040831446     1.5456021910696685
-20.26477546469413     0.540526309117547
-20.111016888556808     0.06966982527366672
-19.95725831241949     0.0030076298824315917
-19.80349973628217     4.155675825133148e-05
-19.64974116014485     1.797681067606306e-07
-19.495982584007532     2.4085167538954956e-10
-19.34222400787021     9.942184487553428e-14
-19.188465431732894     1.2613079092450385e-17
-19.034706855595573     4.911910354053354e-22
-18.880948279458256     5.868472627639702e-27
-18.727189703320935     2.150451263999726e-32
-18.573431127183618     2.416626728760461e-38
-18.419672551046297     8.327974012578918e-45
-18.265913974908976     8.80049084949078e-52
-18.11215539877166     2.8517174705032727e-59
-17.958396822634338     2.8335800646499243e-67
-17.80463824649702     8.63361370922116e-76
-17.6508796703597     8.066354012246432e-85
-17.497121094222383     2.310942843816907e-94
-17.343362518085062     2.0327001768760788e-104
-17.189603941947745     4.201763283446242e-97
-17.035845365810424     2.1239404823499286e-87
-16.882086789673103     3.293048446018008e-78
-16.728328213535786     1.5660300592883615e-69
-16.57456963739847     2.2842802811577687e-61
-16.420811061261148     1.0219910211517839e-53
-16.267052485123827     1.4024719172094912e-46
-16.11329390898651     5.903256092600997e-40
-15.959535332849189     7.621497807073724e-34
-15.805776756711872     3.018152322257187e-28
-15.65201818057455     3.6660216083363894e-23
-15.498259604437234     1.365850725277322e-18
-15.344501028299913     1.5608772937715493e-14
-15.190742452162594     5.4714308930749716e-11
-15.036983876025275     5.883463481891179e-08
-14.883225299887956     1.9412824228834865e-05
-14.729466723750637     0.0019675620005353655
-14.575708147613318     0.06149831797963846
-14.421949571475999     0.6013691845368557
-14.268190995338678     1.933641724133542
-14.11443241920136     2.382884779191964
-13.96067384306404     1.7623140447892702
-13.806915266926723     2.0230250138722043
-13.653156690789402     3.1156741368020042
-13.499398114652083     2.592738630018176
-13.345639538514764     0.7841807625994801
-13.191880962377445     0.07679869226330605
-13.038122386240126     0.002364132185158789
-12.884363810102807     2.3292917131895297e-05
-12.730605233965488     4.400361355630648e-05
-12.576846657828169     0.0009415081864990256
-12.423088081690848     0.006186601449791513
-12.269329505553529     0.01246543813940124
-12.11557092941621     0.007705379376497959
-11.96181235327889     0.0019007744741091576
-11.808053777141572     0.01759153013483921
-11.654295201004253     0.23634176604052254
-11.500536624866934     1.1662262025980115
-11.346778048729615     2.4254294346375556
-11.193019472592296     2.7797836646304717
-11.039260896454977     2.4680746890641614
-10.885502320317658     2.595433337291456
-10.731743744180337     2.6531097655966724
-10.577985168043018     2.299985358802684
-10.424226591905699     2.5826867661839104
-10.27046801576838     2.9936922596999334
-10.11670943963106     2.9911890398659087
-9.962950863493742     2.375333152839377
-9.809192287356423     1.390278379100486
-9.655433711219104     0.7036271690286792
-9.501675135081785     0.19813125944253232
-9.347916558944465     0.019838202866985566
-9.194157982807145     0.0006266763890491132
-9.040399406669826     8.775321817419152e-05
-8.886640830532507     0.0046383135241959425
-8.732882254395188     0.08443055212194041
-8.579123678257869     0.514636430223203
-8.42536510212055     1.1595565143898832
-8.27160652598323     1.1981647818489056
-8.117847949845912     0.7881893618393556
-7.9640893737085925     0.7273079894338812
-7.8103307975712735     1.1920114973896212
-7.656572221433954     1.5671819778099758
-7.502813645296634     1.0438798197122765
-7.349055069159315     0.2895741304640155
-7.195296493021996     0.04165633615259344
-7.041537916884677     0.005040637015847625
-6.8877793407473575     0.007723405120073081
-6.7340207646100385     0.17063910280011832
-6.5802621884727195     1.360123586446995
-6.4265036123354005     4.245911181075031
-6.272745036198081     6.295368077031241
-6.118986460060762     5.9770286271656
-5.965227883923443     6.969649097035659
-5.811469307786123     8.026719810789196
-5.657710731648804     4.363500508165408
-5.5039521555114845     0.8676194512269796
-5.350193579374167     0.05927779195871649
-5.1964350032368465     0.0013603701751366529
-5.042676427099526     1.0289047830030409e-05
-4.888917850962208     2.5163811031151157e-08
-4.735159274824888     1.9575500726658967e-11
-4.58140069868757     4.8579806343613855e-15
-4.42764212255025     1.9399238995545584e-13
-4.273883546412932     1.5627722164409532e-10
-4.1201249702756115     3.8604194766449556e-08
-3.9663663941382943     2.9241545839886594e-06
-3.8126078180009735     6.791929516404075e-05
-3.6588492418636562     0.0004837411429890461
-3.5050906657263354     0.0010564768708448812
-3.3513320895890146     0.0007075667256474321
-3.1975735134516974     0.00014935445468313623
-3.0438149373143766     0.00011386400278446
-2.8900563611770593     0.0010344734680620507
-2.7362977850397385     0.004244907218370773
-2.5825392089024213     0.00761227989552662
-2.4287806327651005     0.00735755822859473
-2.2750220566277832     0.005705863692199731
-2.1212634804904624     0.005014614293627631
-1.9675049043531452     0.007700090957425637
-1.8137463282158244     0.010911041369164431
-1.6599877520785036     0.013228681689862703
-1.5062291759411863     0.018112948734945084
-1.3524705998038655     0.02498449203337352
-1.1987120236665483     0.03152907844825322
-1.0449534475292275     0.03722649753717999
-0.8911948713919102     0.03590045845520707
-0.7374362952545894     0.03307175107556356
-0.5836777191172722     0.03726765481882395
-0.4299191429799514     0.04433363646096295
-0.2761605668426341     0.03910865320742788
-0.12240199070531332     0.02656708625206261
0.03135658543200748     0.013133350076243213
0.18511516156932473     0.0037487079739670468
0.33887373770664553     0.0005040114809038984
0.4926323138439628     2.8956332459277324e-05
0.6463908899812836     6.906839776023594e-07
0.8001494661186008     6.4857750301660895e-09
0.9539080422559216     2.1914961365259e-11
1.1076666183932389     2.4673844603226147e-14
1.2614251945305597     9.887675448110838e-18
1.415183770667877     3.808147641377602e-15
1.5689423468051977     4.304540830880979e-12
1.7227009229425185     1.4919937778513723e-09
1.8764594990798358     1.585748123022683e-07
2.0302180752171566     5.168070810258627e-06
2.183976651354474     5.1647875186529776e-05
2.3377352274917946     0.00015833642064789208
2.491493803629112     0.00015277673216537287
2.6452523797664327     0.0001184963188371685
2.79901095590375     0.00043797863301272286
2.9527695320410707     0.0007993876204441627
3.1065281081783915     0.0007402790266796889
3.260286684315709     0.0012699389012366467
3.4140452604530296     0.002435048292126781
3.567803836590347     0.002985953359927746
3.7215624127276676     0.0024788541081629317
3.875320988864985     0.0016107250700870056
4.029079565002306     0.0013059402586414405
4.182838141139623     0.0019417661538075667
4.336596717276944     0.0026640783679930937
4.490355293414261     0.002385459941990256
4.644113869551582     0.0017438076420114557
4.797872445688903     0.001085924269860017
4.95163102182622     0.00038126572171192036
5.105389597963541     6.159454381136079e-05
5.259148174100858     4.031116253979588e-06
5.412906750238179     9.371874651435123e-08
5.566665326375496     7.124845050066998e-10
5.720423902512817     1.7052389169327124e-12
5.874182478650134     1.2677287272967386e-15
6.027941054787455     1.6649377280680975e-14
6.181699630924772     3.181802737474022e-11
6.335458207062093     1.8645887583801492e-08
6.489216783199414     3.350579176005405e-06
6.642975359336731     0.00018462211501239282
6.796733935474052     0.0031194253711395825
6.950492511611369     0.0161620008624864
7.10425108774869     0.025691869296635535
7.258009663886007     0.01324495395414494
7.411768240023328     0.013087573968716137
7.565526816160645     0.0544528967174512
7.719285392297966     0.08738763833134175
7.873043968435283     0.058620516836544734
8.026802544572604     0.03514420496722738
8.180561120709925     0.03630712827265506
8.334319696847242     0.025840169120523532
8.488078272984563     0.006580625544930409
8.64183684912188     0.006210311961450385
8.7955954252592     0.12688249943211974
8.949354001396518     0.8665864424845693
9.103112577533839     1.8150651869896857
9.256871153671156     1.1657344650838013
9.410629729808477     0.22959164667024917
9.564388305945794     0.015185079844613715
9.718146882083115     0.04616242170361401
9.871905458220436     0.48977125008690453
10.025664034357753     1.6256274505611519
10.179422610495074     1.957176161954525
10.333181186632391     1.909335844915077
10.486939762769712     1.7775878012179025
10.640698338907033     0.6497759638237341
10.794456915044346     0.07448614619215084
10.948215491181667     0.0026228750157323267
11.101974067318988     2.9395779740252437e-05
11.255732643456309     0.00020166260790360725
11.40949121959363     0.011631729390672476
11.563249795730943     0.2058222197676917
11.717008371868264     1.1167810339671507
11.870766948005585     1.8584429860391232
12.024525524142906     0.9655865284306987
12.17828410028022     0.43597115882884074
12.33204267641754     1.6020226370617137
12.485801252554861     3.650717220742645
12.639559828692182     5.789749053499499
12.793318404829495     9.568592756244033
12.947076980966816     13.075326370997978
13.100835557104137     12.289200784544146
13.254594133241458     6.669373068751284
13.408352709378779     2.3036593154264193
13.562111285516092     0.4704348356930496
13.715869861653413     0.14247567468649916
13.869628437790734     1.0470979900453212
14.023387013928055     3.4766002906895834
14.177145590065368     4.416309609717699
14.33090416620269     2.91062264035593
14.48466274234001     2.070470249074054
14.63842131847733     1.702494885577973
14.792179894614652     0.5911613727656762
14.945938470751965     0.06510332768325802
15.099697046889286     0.0022054487180744927
15.253455623026607     2.2916386602522794e-05
15.407214199163928     7.301875401612516e-08
15.560972775301241     7.1342914742324e-11
15.714731351438562     2.1374446871640683e-14
15.868489927575883     4.679269651644197e-16
16.022248503713204     2.803443201968027e-12
16.176007079850518     5.205259112056226e-09
16.32976565598784     2.9894658316025358e-06
16.48352423212516     0.0005328652544342756
16.63728280826248     0.029640752823482452
16.7910413843998     0.5201839117414119
16.944799960537114     2.968722863840504
17.098558536674435     6.118525592242156
17.252317112811756     6.266804292107529
17.406075688949077     5.492555069280823
17.55983426508639     7.1238965028474155
17.71359284122371     9.882429853686537
17.867351417361032     8.373205050452585
18.021109993498353     4.68773783488939
18.174868569635674     1.5006489388452868
18.328627145772987     0.20448426510140616
18.48238572191031     0.009952443620205266
18.63614429804763     0.00015878777626513865
18.78990287418495     7.98584944302748e-07
18.943661450322264     1.40599893046342e-09
19.097420026459584     1.4737764115413004e-07
19.251178602596905     4.206065594985876e-05
19.404937178734226     0.0037603498951303913
19.558695754871547     0.10614087630068192
19.71245433100886     0.9540496878110988
19.86621290714618     2.762151722404836
20.019971483283502     2.8164388008000114
20.173730059420823     2.739488055199319
20.327488635558137     5.900599875009945
20.481247211695457     6.693728510590521
