-21.49484407379268     0.6344281304059629
-21.34108549765536     0.5801784407512446
-21.187326921518043     0.40153739328493365
-21.033568345380722     0.2960247183891007
-20.879809769243405     0.4188199715559352
-20.726051193106084     0.6027100744460345
-20.572292616968767     0.7523329941591541
-20.418534040831446     0.5968971052785924
-20.26477546469413     0.2112456980226699
-20.111016888556808     0.027409104291096956
-19.95725831241949     0.0011873374922506772
-19.80349973628217     1.643400014827497e-05
-19.64974116014485     7.115105206854129e-08
-19.495982584007532     9.536622251165686e-11
-19.34222400787021     3.937409009526359e-14
-19.188465431732894     4.995620997770709e-18
-19.034706855595573     1.94552809234178e-22
-18.880948279458256     2.324454103591607e-27
-18.727189703320935     8.517843371128602e-33
-18.573431127183618     9.572195840763947e-39
-18.419672551046297     3.298695914773006e-45
-18.265913974908976     3.485862484087911e-52
-18.11215539877166     1.12956195108768e-59
-17.958396822634338     1.1223779939964958e-67
-17.80463824649702     3.419765393311387e-76
-17.6508796703597     3.1950745749694016e-85
-17.497121094222383     9.153621181901586e-95
-17.343362518085062     8.074534077857956e-105
-17.189603941947745     5.460228333298945e-97
-17.035845365810424     2.760395047982274e-87
-16.882086789673103     4.2803294397472644e-78
-16.728328213535786     2.0357752573946988e-69
-16.57456963739847     2.9698208275945848e-61
-16.420811061261148     1.3288608057349209e-53
-16.267052485123827     1.8238056145195615e-46
-16.11329390898651     7.677650582674916e-40
-15.959535332849189     9.913562459411351e-34
-15.805776756711872     3.9263010631464565e-28
-15.65201818057455     4.7696969316686867e-23
-15.498259604437234     1.777266614734702e-18
-15.344501028299913     2.031289841806556e-14
-15.190742452162594     7.12127784893136e-11
-15.036983876025275     7.65849945507537e-08
-14.883225299887956     2.5272686959028922e-05
-14.729466723750637     0.002561751165795019
-14.575708147613318     0.08007441955801146
-14.421949571475999     0.7829011537292917
-14.268190995338678     2.5152887437805576
-14.11443241920136     3.0916514311480077
-13.96067384306404     2.2729195274096354
-13.806915266926723     2.5916603484030114
-13.653156690789402     3.9788310708550263
-13.499398114652083     3.304373598501617
-13.345639538514764     0.9979704965155152
-13.191880962377445     0.09762848431748254
-13.038122386240126     0.0030027570217124413
-12.884363810102807     2.886146869295108e-05
-12.730605233965488     6.670610163662871e-06
-12.576846657828169     0.00014111309640297501
-12.423088081690848     0.0009272463811949931
-12.269329505553529     0.0018683170738768426
-12.11557092941621     0.001154925423064661
-11.96181235327889     0.00029051955140260596
-11.808053777141572     0.0028724937827696033
-11.654295201004253     0.03891554226310674
-11.500536624866934     0.19450063603080353
-11.346778048729615     0.41088754295180063
-11.193019472592296     0.4748247070144467
-11.039260896454977     0.4276164332475445
-10.885502320317658     0.4786504323221069
-10.731743744180337     0.5126416510381656
-10.577985168043018     0.4495967031944713
-10.424226591905699     0.5188670098923623
-10.27046801576838     0.6213412799027713
-10.11670943963106     0.6480857982033271
-9.962950863493742     0.5432655239957656
-9.809192287356423     0.34756160121270196
-9.655433711219104     0.19269654943179954
-9.501675135081785     0.05589935729641698
-9.347916558944465     0.005630238042986737
-9.194157982807145     0.0001787568509201367
-9.040399406669826     0.00015232793835968483
-8.886640830532507     0.008574938314513928
-8.732882254395188     0.15680305709249284
-8.579123678257869     0.9631874006576718
-8.42536510212055     2.194309399902822
-8.27160652598323     2.2922617728597023
-8.117847949845912     1.5232540440255453
-7.9640893737085925     1.440125203155023
-7.8103307975712735     2.3838169841321695
-7.656572221433954     3.1356366526370123
-7.502813645296634     2.089944406498392
-7.349055069159315     0.5845763235553055
-7.195296493021996     0.08703139369586317
-7.041537916884677     0.011023071484027671
-6.8877793407473575     0.010441005728889206
-6.7340207646100385     0.222373068003098
-6.5802621884727195     1.768724386520727
-6.4265036123354005     5.491791650169072
-6.272745036198081     8.063415204368987
-6.118986460060762     7.56461811877885
-5.965227883923443     8.750079946000755
-5.811469307786123     10.057054625542584
-5.657710731648804     5.4653159559773945
-5.5039521555114845     1.0867753963298201
-5.350193579374167     0.07426943403782096
-5.1964350032368465     0.0017049864957096868
-5.042676427099526     1.2900059163387258e-05
-4.888917850962208     3.1559443576465223e-08
-4.735159274824888     2.4556995508549817e-11
-4.58140069868757     6.124785869483406e-15
-4.42764212255025     3.20693333306001e-13
-4.273883546412932     2.58345627923002e-10
-4.1201249702756115     6.381752140509233e-08
-3.9663663941382943     4.833990163102108e-06
-3.8126078180009735     0.00011227901784176859
-3.6588492418636562     0.0007996840999409232
-3.5050906657263354     0.0017464872598687037
-3.3513320895890146     0.0011696908632654504
-3.1975735134516974     0.00024672640828421813
-3.0438149373143766     0.00019187043398092982
-2.8900563611770593     0.0018600309538529397
-2.7362977850397385     0.008071993526774037
-2.5825392089024213     0.014876790338803432
-2.4287806327651005     0.014350391658890994
-2.2750220566277832     0.01133474710189024
-2.1212634804904624     0.010605830786795072
-1.9675049043531452     0.017674192368324744
-1.8137463282158244     0.02683242074701178
-1.6599877520785036     0.032502632788124236
-1.5062291759411863     0.03927511048949615
-1.3524705998038655     0.048183881630175826
-1.1987120236665483     0.05558279102950987
-1.0449534475292275     0.06189359822239204
-0.8911948713919102     0.061938346277478684
-0.7374362952545894     0.05291607618983497
-0.5836777191172722     0.046347874630979766
-0.4299191429799514     0.05533220208909802
-0.2761605668426341     0.060499860127823504
-0.12240199070531332     0.049001606234592716
0.03135658543200748     0.02505047370955762
0.18511516156932473     0.006638874725893323
0.33887373770664553     0.0008273183850148304
0.4926323138439628     4.837021974562706e-05
0.6463908899812836     1.2861062379978007e-06
0.8001494661186008     1.3556555722349682e-08
0.9539080422559216     4.941954116140159e-11
1.1076666183932389     5.794203993894902e-14
1.2614251945305597     2.2255501065153425e-17
1.415183770667877     3.8455370276401616e-15
1.5689423468051977     4.3468023560606156e-12
1.7227009229425185     1.5066420144472439e-09
1.8764594990798358     1.601316828503072e-07
2.0302180752171566     5.218810096653635e-06
2.183976651354474     5.215476455062213e-05
2.3377352274917946     0.00015985446296941033
2.491493803629112     0.0001520578395662902
2.6452523797664327     7.827692008751161e-05
2.79901095590375     0.00020502194469478857
2.9527695320410707     0.00037718168501686336
3.1065281081783915     0.0004059061712936912
3.260286684315709     0.0008260207342262062
3.4140452604530296     0.0016640108173179603
3.567803836590347     0.002394915888708554
3.7215624127276676     0.0024676755009008615
3.875320988864985     0.0016562084946609122
4.029079565002306     0.001084709723840976
4.182838141139623     0.0014762672624724117
4.336596717276944     0.001720906506502038
4.490355293414261     0.0015472236848352507
4.644113869551582     0.001514341717737711
4.797872445688903     0.001172283357979786
4.95163102182622     0.0004952937045559621
5.105389597963541     9.381925963467676e-05
5.259148174100858     6.698766060010285e-06
5.412906750238179     1.6124970469520979e-07
5.566665326375496     1.2406569786055833e-09
5.720423902512817     2.9810100767497973e-12
5.874182478650134     2.3994818546301305e-15
6.027941054787455     1.1539475659215615e-12
6.181699630924772     2.2053051018026377e-09
6.335458207062093     1.292345076328223e-06
6.489216783199414     0.0002322283925343964
6.642975359336731     0.012796145008410913
6.796733935474052     0.21620713997273394
6.950492511611369     1.1201867853523768
7.10425108774869     1.7805783628899743
7.258009663886007     0.9081801910484302
7.411768240023328     0.7023178426299295
7.565526816160645     2.6032345263045285
7.719285392297966     4.514746448910419
7.873043968435283     4.790021617475397
8.026802544572604     4.349014471494842
8.180561120709925     4.163355998560913
8.334319696847242     2.7726505739330327
8.488078272984563     0.6814070275372188
8.64183684912188     0.053209998970509514
8.7955954252592     0.004369468980230928
8.949354001396518     0.02108585174265153
9.103112577533839     0.04414419584364528
9.256871153671156     0.028351810171412403
9.410629729808477     0.005583701453220201
9.564388305945794     0.00034737670585958144
9.718146882083115     0.0003602445279278322
9.871905458220436     0.0037796159623678044
10.025664034357753     0.012660727088339561
10.179422610495074     0.016722165030694635
10.333181186632391     0.021217359453622908
10.486939762769712     0.021639809827140213
10.640698338907033     0.007981676303918106
10.794456915044346     0.0009156171660251215
10.948215491181667     3.22433182161812e-05
11.101974067318988     3.577311978001548e-07
11.255732643456309     1.794771168662122e-06
11.40949121959363     0.00010350252325278791
11.563249795730943     0.001831466188774369
11.717008371868264     0.009937447093859622
11.870766948005585     0.016537551856692166
12.024525524142906     0.008622358911506157
12.17828410028022     0.004385957466315519
12.33204267641754     0.01720061028668565
12.485801252554861     0.03937338115511188
12.639559828692182     0.06036315291025204
12.793318404829495     0.09627586897358825
12.947076980966816     0.1318337907625573
13.100835557104137     0.12741188039904083
13.254594133241458     0.0723372214243134
13.408352709378779     0.026373918433566474
13.562111285516092     0.005527824779396257
13.715869861653413     0.0013661616579882477
13.869628437790734     0.009225579001225778
14.023387013928055     0.031150180835648588
14.177145590065368     0.04167324242673598
14.33090416620269     0.03016912225349167
14.48466274234001     0.023795513280544443
14.63842131847733     0.02018782284455454
14.792179894614652     0.007032294522716135
14.945938470751965     0.0007746722883037019
15.099697046889286     2.6243587876536336e-05
15.253455623026607     2.726926638953055e-07
15.407214199163928     8.688840656957207e-10
15.560972775301241     8.489424944341247e-13
15.714731351438562     2.543601072064025e-16
15.868489927575883     3.107954003163141e-16
16.022248503713204     1.869850418377434e-12
16.176007079850518     3.4719918061589865e-09
16.32976565598784     1.9940918116021122e-06
16.48352423212516     0.0003554471570204984
16.63728280826248     0.01977152959198887
16.7910413843998     0.3469657552026358
16.944799960537114     1.980028048115852
17.098558536674435     4.080896224491292
17.252317112811756     4.180353536923974
17.406075688949077     3.6664077528592203
17.55983426508639     4.778633186888969
17.71359284122371     6.6565517354430295
17.867351417361032     5.657892208895633
18.021109993498353     3.1703546309112927
18.174868569635674     1.0125714343773502
18.328627145772987     0.13764736507416064
18.48238572191031     0.006690311893165839
18.63614429804763     0.00010667527296341933
18.78990287418495     5.363581810731995e-07
18.943661450322264     9.641753654199743e-10
19.097420026459584     1.172836691866888e-07
19.251178602596905     3.3477404875341876e-05
19.404937178734226     0.0029936522901622387
19.558695754871547     0.08452504150655334
19.71245433100886     0.7600386276142136
19.86621290714618     2.201445725961205
20.019971483283502     2.246629241243814
20.173730059420823     2.1907005515777143
20.327488635558137     4.719525438718088
20.481247211695457     5.351756488471956
