-21.911559216377903     1.7615270664994693
-21.755260013939825     0.9567976971104746
-21.59896081150175     0.1735109993603183
-21.442661609063673     0.3607663197276161
-21.286362406625596     2.108684872989638
-21.130063204187522     4.782289696318107
-20.973764001749444     4.73924110174364
-20.817464799311367     2.7719429548282877
-20.66116559687329     1.3558113427145961
-20.504866394435215     1.987116763946848
-20.348567191997137     3.0366411258548798
-20.19226798955906     1.951765856332731
-20.035968787120986     0.46594917940062985
-19.879669584682908     0.036823460664219175
-19.72337038224483     0.0008977408199597005
-19.567071179806756     6.555508934589268e-06
-19.41077197736868     1.418747424859809e-08
-19.2544727749306     9.067646896240443e-12
-19.098173572492527     1.7094614539787297e-15
-18.94187437005445     9.502306297508053e-20
-18.785575167616372     1.5572117702338656e-24
-18.629275965178294     7.523099686322277e-30
-18.47297676274022     1.0714462012880209e-35
-18.316677560302143     4.498485635792329e-42
-18.160378357864065     5.567805618718679e-49
-18.00407915542599     2.0315304381052959e-56
-17.847779952987914     2.1851641816347475e-64
-17.691480750549836     6.928931371240893e-73
-17.53518154811176     6.476940181022495e-82
-17.378882345673684     2.257328520177673e-85
-17.222583143235607     3.595107479346241e-76
-17.066283940797533     1.6879157578091563e-67
-16.909984738359455     2.336205771185072e-59
-16.753685535921377     9.532193571476011e-52
-16.5973863334833     1.1465580540688242e-44
-16.441087131045226     4.065562871396682e-38
-16.284787928607148     4.2497829465995285e-32
-16.12848872616907     1.3095866920585303e-26
-15.972189523730995     1.1896609124342083e-21
-15.815890321292919     3.1859104751315707e-17
-15.659591118854841     2.515158617497325e-13
-15.503291916416766     5.85354047464341e-10
-15.34699271397869     4.015996338857518e-07
-15.190693511540612     8.122494511933221e-05
-15.034394309102536     0.0048429165180549575
-14.87809510666446     0.0851228448052063
-14.721795904226383     0.4410811244720415
-14.565496701788305     0.6751721705407946
-14.40919749935023     0.3537266985490272
-14.252898296912154     0.5694505659768959
-14.096599094474076     1.7159411415601886
-13.940299892036     1.9316426266515732
-13.784000689597924     1.1487339250386919
-13.627701487159847     0.8816423794859516
-13.471402284721771     1.11922928474063
-13.315103082283695     0.7575212784191959
-13.158803879845618     0.18641071840515108
-13.002504677407542     0.015162712135030973
-12.846205474969464     0.0003850204095661558
-12.689906272531388     2.9691342009609517e-06
-12.533607070093312     3.600382561415831e-06
-12.377307867655235     0.0003485332327510648
-12.221008665217159     0.0125174268061192
-12.064709462779081     0.18132207739943199
-11.908410260341006     0.99925013806574
-11.75211105790293     1.9094050731873429
-11.595811855464852     1.5718256507097017
-11.439512653026776     2.1307156518380337
-11.283213450588699     3.603259949485125
-11.126914248150623     3.690687985732313
-10.970615045712547     3.3857505061407447
-10.81431584327447     4.056304105885568
-10.658016640836394     5.596082358173587
-10.501717438398316     5.925885128170944
-10.34541823596024     5.073512093259019
-10.189119033522164     4.241707135650018
-10.032819831084087     3.8910200240945856
-9.876520628646011     3.751056589474242
-9.720221426207935     2.7358330043044226
-9.563922223769858     1.164171316879604
-9.407623021331782     0.21800090846968673
-9.251323818893704     0.025235836523606135
-9.095024616455628     0.18120683351938668
-8.938725414017552     0.8458592100659398
-8.782426211579475     1.1659295498854394
-8.626127009141399     0.48783099580928563
-8.469827806703321     0.32778269640525504
-8.313528604265246     1.6777682346996767
-8.15722940182717     3.5495864901766137
-8.000930199389092     3.062030174025713
-7.844630996951016     1.9141977518257594
-7.688331794512939     1.557363909974465
-7.532032592074863     2.143037351716444
-7.375733389636787     1.948675984899784
-7.2194341871987096     0.749144203965143
-7.063134984760634     0.11797731660841053
-6.906835782322556     0.03968536976866762
-6.75053657988448     0.13369718546411272
-6.5942373774464045     0.21180002149604574
-6.437938175008327     0.34642003890700396
-6.281638972570251     0.6596273864139308
-6.125339770132175     0.6369154453414663
-5.969040567694098     0.40044505442651207
-5.81274136525602     0.4073652784994072
-5.656442162817946     0.37994989026301385
-5.500142960379868     0.1442299372654991
-5.343843757941791     0.018797767184594215
-5.187544555503717     0.000798545339653045
-5.031245353065639     1.0693463610052474e-05
-4.8749461506275615     4.409632183276301e-08
-4.7186469481894875     5.5123564253343245e-11
-4.56234774575141     2.0677553662991164e-14
-4.406048543313332     2.312418789009268e-18
-4.249749340875255     1.044402904593779e-22
-4.093450138437181     6.756100902952103e-19
-3.937150935999103     4.865225364489178e-15
-3.7808517335610254     1.0330304654275257e-11
-3.6245525311229514     6.4697131279249315e-09
-3.468253328684874     1.1964333942535402e-06
-3.311954126246796     6.554728514810191e-05
-3.155654923808722     0.0010753304011744663
-2.9993557213706445     0.005498696377614977
-2.843056518932567     0.010450638712616773
-2.6867573164944893     0.013802414126193381
-2.5304581140564153     0.02295627174273127
-2.3741589116183377     0.0331365235523598
-2.21785970918026     0.033595367501765054
-2.061560506742186     0.033839820029269545
-1.9052613043041084     0.05829082498578857
-1.7489621018660308     0.09486522861720793
-1.5926628994279568     0.11683227188111063
-1.4363636969898792     0.1390393955118918
-1.2800644945518016     0.1614496952198013
-1.1237652921137276     0.14851324310614492
-0.96746608967565     0.11671126123627745
-0.8111668872375724     0.09076899757063518
-0.6548676847994948     0.09897227901934835
-0.4985684823614207     0.12990126780523914
-0.3422692799233431     0.13229141465859795
-0.1859700774852655     0.10788437066291126
-0.02967087504719146     0.05970044134442474
0.12662832739088614     0.016956270124115106
0.28292752982896374     0.0021329636817725116
0.4392267322670378     0.00010687823965850494
0.5955259347051154     1.9758228754401504e-06
0.751825137143193     1.2925621853449062e-08
0.9081243395812706     2.91423474678342e-11
1.0644235420193446     2.20024831879317e-14
1.2207227444574222     5.3842902491134926e-18
1.3770219468954998     4.1454719138423297e-22
1.5333211493335739     9.013906311912303e-25
1.6896203517716515     2.4347250704780054e-20
1.845919554209729     1.9604114634540604e-16
2.002218756647803     4.65568263272047e-13
2.1585179590858807     3.2637473398462766e-10
2.3148171615239583     6.768728619227907e-08
2.4711163639620324     4.178260293256115e-06
2.62741556640011     7.813563249043046e-05
2.7837147688381876     0.0004682358753051964
2.940013971276265     0.0010845010292924917
3.0963131737143392     0.001551198937130836
3.252612376152417     0.002115583893805946
3.4089115785904944     0.002536394896991832
3.5652107810285685     0.002699405988072218
3.721509983466646     0.003018314574634197
3.8778091859047237     0.0033634818629026232
4.034108388342798     0.00387628941191732
4.190407590780875     0.004387182411438266
4.346706793218953     0.0031251216568867917
4.5030059956570305     0.0015269357661973925
4.659305198095105     0.0007855911657850575
4.815604400533182     0.0006223292479933264
4.97190360297126     0.00027706667679751974
5.128202805409334     3.954580882519273e-05
5.284502007847411     1.6791218557269363e-06
5.440801210285489     2.1040717759120392e-08
5.597100412723563     7.773620043104952e-11
5.753399615161641     8.466906805488923e-14
5.909698817599718     1.9719284086793847e-14
6.065998020037792     6.948639113520097e-11
6.22229722247587     7.2281797011843e-08
6.3785964249139475     2.2165604402697994e-05
6.534895627352025     0.002003789250348347
6.691194829790099     0.053401730112217854
6.847494032228177     0.419768024047484
7.003793234666254     0.9856476357488397
7.160092437104328     0.9164717884375917
7.316391639542406     1.6117792919304195
7.472690841980484     3.1013852225136103
7.628990044418558     2.8079823987617214
7.785289246856635     1.3024493857342705
7.941588449294713     0.7091862734952862
8.09788765173279     1.6795460061109375
8.254186854170865     1.8276581904917064
8.410486056608942     0.614867042780424
8.56678525904702     0.07632549619599034
8.723084461485094     0.1834017912356161
8.879383663923171     0.7380750489538628
9.035682866361249     0.9642274343453014
9.191982068799323     0.8406329729135632
9.3482812712374     0.9690685757418968
9.504580473675478     0.4885798227686863
9.660879676113552     0.1252738557867181
9.81717887855163     0.40349951808400936
9.973478080989707     0.924460155295327
10.129777283427785     0.6295426064074625
10.286076485865863     0.12638804015527108
10.442375688303933     0.00759123800601684
10.59867489074201     0.006786669367694901
10.754974093180088     0.1174687373320114
10.911273295618166     0.6111348152355763
11.067572498056244     0.9372936314134589
11.223871700494321     0.4237754009210999
11.380170902932399     0.05648294016735568
11.53647010537047     0.0022218556855988845
11.692769307808547     0.00039923250430083185
11.849068510246624     0.01623243002856635
12.005367712684702     0.2083524232392779
12.16166691512278     0.8076532142582131
12.317966117560857     1.2278850779815809
12.474265319998928     2.213836742835272
12.630564522437005     3.976270681115784
12.786863724875083     3.370222474167516
12.94316292731316     2.0229046439023106
13.099462129751238     2.0322491147398183
13.255761332189316     2.695660474381023
13.412060534627393     3.9388964622372904
13.568359737065464     3.502895154160424
13.724658939503541     2.1550141921994324
13.880958141941619     1.5556378236451163
14.037257344379697     1.1931035387098132
14.193556546817774     0.6208330527481581
14.349855749255852     0.8177056405128602
14.50615495169393     1.492692543743478
14.662454154132     1.363382536885164
14.818753356570078     0.5503705321209486
14.975052559008155     0.07822418205007688
15.131351761446233     0.0034522518271666576
15.28765096388431     4.550636706553228e-05
15.443950166322388     1.7739441299000548e-07
15.600249368760458     2.0401356533856878e-10
15.756548571198536     6.918575409433157e-14
15.912847773636614     4.640751193390396e-14
16.06914697607469     1.0427681107173198e-10
16.22544617851277     6.911027270291013e-08
16.381745380950846     1.350794100376281e-05
16.538044583388924     0.0007786428326241694
16.694343785826995     0.013242463933157648
16.850642988265072     0.06691613369192684
17.00694219070315     0.11282000809450485
17.163241393141227     0.16518576804663693
17.319540595579305     0.35535180473663014
17.475839798017383     0.40786146886491526
17.632139000455453     0.2726818917883544
17.78843820289353     0.18775599934580553
17.944737405331608     0.2008804786404052
18.101036607769686     0.17072500919861877
18.257335810207763     0.06273460808035156
18.41363501264584     0.008140312645276137
18.56993421508392     0.00034224089919565376
18.72623341752199     4.465887902853037e-06
18.882532619960067     1.7686061167117903e-08
19.038831822398144     2.967865268130308e-11
19.195131024836222     6.272424587246293e-09
19.3514302272743     1.3690127663822042e-06
19.507729429712377     9.146815628391735e-05
19.664028632150448     0.0019134427920429605
19.820327834588525     0.013075609272573454
19.976627037026603     0.031943565605978545
20.13292623946468     0.03550942433935583
20.289225441902758     0.030555240866810936
20.445524644340836     0.026583010853351737
20.601823846778913     0.02119102323004065
20.758123049216984     0.015794606660833207
