-21.860701138704417     7.698130439250689e-06
-21.816393859968215     8.995112128756693e-06
-21.772086581232017     1.0058101180299884e-05
-21.727779302495815     1.079477794641136e-05
-21.683472023759613     1.1146611547860681e-05
-21.639164745023415     1.114167120206165e-05
-21.594857466287213     1.095355483040832e-05
-21.55055018755101     1.0925416873107235e-05
-21.506242908814812     1.1534929044384499e-05
-21.46193563007861     1.3309863415944243e-05
-21.417628351342408     1.6720065306115302e-05
-21.37332107260621     2.205985133779269e-05
-21.329013793870008     2.9326629381832953e-05
-21.284706515133806     3.813347461416969e-05
-21.240399236397607     4.7752121578216495e-05
-21.196091957661405     5.7396527956256835e-05
-21.151784678925203     6.676063533607335e-05
-21.107477400189005     7.663971069786984e-05
-21.063170121452803     8.931113661218117e-05
-21.0188628427166     0.00010835684483336168
-20.974555563980402     0.00013780934057982695
-20.9302482852442     0.0001807971861127082
-20.885941006508     0.00023808820452822586
-20.8416337277718     0.0003069794710487558
-20.797326449035598     0.0003809126114802788
-20.753019170299396     0.0004501143098229504
-20.708711891563198     0.0005034459952785775
-20.664404612826996     0.0005312924572331027
-20.620097334090794     0.0005286733235720741
-20.575790055354595     0.0004972305795156055
-20.531482776618393     0.0004449497512512057
-20.48717549788219     0.00038354521580830975
-20.442868219145993     0.000324708792000256
-20.39856094040979     0.00027696441666755884
-20.35425366167359     0.00024436401525488395
-20.30994638293739     0.00022716906462858614
-20.26563910420119     0.0002237197163350618
-20.221331825464986     0.00023232824618085656
-20.177024546728788     0.0002522618284248805
-20.132717267992586     0.00028347419527862804
-20.088409989256384     0.0003253866566069627
-20.044102710520185     0.0003754157251096014
-19.999795431783983     0.00042799362933760947
-19.95548815304778     0.00047464913776984127
-19.911180874311583     0.0005054414518891636
-19.86687359557538     0.0005116122108246576
-19.82256631683918     0.0004886676604410103
-19.77825903810298     0.00043851949796512975
-19.73395175936678     0.00036940864518669806
-19.689644480630577     0.000293374696987626
-19.645337201894378     0.00022242004322669512
-19.601029923158176     0.00016520742582415405
-19.556722644421974     0.00012561630785472232
-19.512415365685776     0.00010325747278318945
-19.468108086949574     9.506038491243615e-05
-19.42380080821337     9.686463311287841e-05
-19.379493529477173     0.00010442045308623472
-19.33518625074097     0.00011381745301465424
-19.29087897200477     0.00012169778079530418
-19.24657169326857     0.0001255604278362628
-19.20226441453237     0.00012417512566015974
-19.157957135796167     0.00011785570473063996
-19.11364985705997     0.00010830465927156358
-19.069342578323766     9.796533222321942e-05
-19.025035299587564     8.913154694362244e-05
-18.980728020851366     8.32181062740329e-05
-18.936420742115164     8.047688299166074e-05
-18.892113463378962     8.017279716173654e-05
-18.847806184642764     8.103997273843828e-05
-18.80349890590656     8.182887645128715e-05
-18.75919162717036     8.183091430823376e-05
-18.71488434843416     8.12684561677964e-05
-18.67057706969796     8.135545023306591e-05
-18.626269790961757     8.383077568026354e-05
-18.58196251222556     8.998933743563653e-05
-18.537655233489357     9.961327249691965e-05
-18.493347954753155     0.00011045394413808723
-18.449040676016956     0.00011875801106353399
-18.404733397280754     0.00012075873915800269
-18.360426118544552     0.0001144102196424455
-18.316118839808354     0.00010040915609454072
-18.271811561072152     8.194712860153442e-05
-18.22750428233595     6.339183726946516e-05
-18.18319700359975     4.8652423675895895e-05
-18.13888972486355     3.999557601114549e-05
-18.094582446127347     3.768089604753504e-05
-18.05027516739115     4.037196636496444e-05
-18.005967888654947     4.6084548936428954e-05
-17.961660609918745     5.336839292706313e-05
-17.917353331182547     6.231037530301553e-05
-17.873046052446345     7.48220937756107e-05
-17.828738773710143     9.377475604190099e-05
-17.784431494973944     0.00012105287890406225
-17.740124216237742     0.00015536648325486
-17.69581693750154     0.00019117951964369464
-17.65150965876534     0.0002198260770982066
-17.60720238002914     0.00023270407587433538
-17.562895101292938     0.00022502127788042174
-17.51858782255674     0.00019798997374828118
-17.474280543820537     0.0001582099221225788
-17.429973265084335     0.00011470755813241395
-17.385665986348137     7.542609320262232e-05
-17.341358707611935     4.497029360102288e-05
-17.297051428875733     2.4308379894569963e-05
-17.252744150139534     1.1912085312513897e-05
-17.208436871403332     5.291856929974445e-06
-17.16412959266713     2.131129633082735e-06
-17.119822313930932     7.780171023864155e-07
-17.07551503519473     2.574800540973993e-07
-17.031207756458528     7.724525174262511e-08
-16.98690047772233     2.1007426548575493e-08
-16.942593198986128     5.179003392290298e-09
-16.898285920249926     1.157421205338277e-09
-16.853978641513727     2.3448135434346276e-10
-16.809671362777525     4.3062243911904464e-11
-16.765364084041327     7.1689630490135745e-12
-16.721056805305125     1.0819004123216938e-12
-16.676749526568923     1.4800944550442928e-13
-16.632442247832724     1.8355352842797387e-14
-16.588134969096522     2.0635128379674294e-15
-16.54382769036032     2.1029198737711667e-16
-16.499520411624122     1.9427162554686946e-17
-16.45521313288792     1.6269234227483652e-18
-16.410905854151718     1.2350823954101352e-19
-16.36659857541552     8.499547953356933e-21
-16.322291296679317     5.302330563993336e-22
-16.277984017943115     2.9985330655307374e-23
-16.233676739206917     1.5371701948108704e-24
-16.189369460470715     7.143419200126774e-26
-16.145062181734513     3.009271600320045e-27
-16.100754902998315     1.1491790601806715e-28
-16.056447624262113     3.9781860335219735e-30
-16.01214034552591     1.2483993667470462e-31
-15.967833066789712     3.551346580392815e-33
-15.92352578805351     9.158063326452038e-35
-15.879218509317308     2.1408453387842628e-36
-15.83491123058111     4.5366922159935155e-38
-15.790603951844908     8.802731962334587e-40
-15.746296673108706     5.280563237358159e-40
-15.701989394372507     2.714529302531899e-38
-15.657682115636305     1.30238003716243e-36
-15.613374836900103     5.664447620982198e-35
-15.569067558163905     2.233319028929699e-33
-15.524760279427703     7.982116652421411e-32
-15.480453000691503     2.5861901425141958e-30
-15.436145721955302     7.595899319357967e-29
-15.3918384432191     2.0224417258862374e-27
-15.3475311644829     4.881498451610898e-26
-15.3032238857467     1.068104134325583e-24
-15.258916607010498     2.1186600540926198e-23
-15.214609328274298     3.8097933242889237e-22
-15.170302049538098     6.210705115652118e-21
-15.125994770801896     9.178862973131151e-20
-15.081687492065695     1.2298649622139793e-18
-15.037380213329495     1.4940410275906658e-17
-14.993072934593293     1.6456039548823053e-16
-14.948765655857093     1.6435154907392273e-15
-14.904458377120893     1.488486659754535e-14
-14.86015109838469     1.2226090659374976e-13
-14.81584381964849     9.108906748208754e-13
-14.77153654091229     6.1569522294138345e-12
-14.727229262176088     3.7765720066874e-11
-14.682921983439888     2.1028503069893e-10
-14.638614704703688     1.0633791245606548e-09
-14.594307425967486     4.8863449434002334e-09
-14.550000147231286     2.041803595671477e-08
-14.505692868495085     7.765718669858688e-08
-14.461385589758883     2.691495586119998e-07
-14.417078311022683     8.512810599968747e-07
-14.372771032286483     2.4613120732535543e-06
-14.328463753550281     6.518409802886273e-06
-14.28415647481408     1.584749992914445e-05
-14.23984919607788     3.545140227122684e-05
-14.195541917341679     7.313719063535798e-05
-14.151234638605478     0.00013941954926464532
-14.106927359869278     0.00024592499339810554
-14.062620081133076     0.00040166797020523134
-14.018312802396876     0.0006073597397524013
-13.974005523660676     0.0008494138634568295
-13.929698244924474     0.001096947804770694
-13.885390966188274     0.0013054546151346246
-13.841083687452073     0.0014285141219843019
-13.796776408715871     0.0014341781897954898
-13.752469129979671     0.0013183794929901346
-13.70816185124347     0.0011077172601498182
-13.663854572507269     0.0008494217612103024
-13.619547293771069     0.0005937444797320014
-13.575240015034868     0.000377965469384649
-13.530932736298666     0.00021900203576254295
-13.486625457562466     0.00011561423904543839
-13.442318178826266     5.6204054311243016e-05
-13.398010900090064     2.7086729341401046e-05
-13.353703621353864     1.8201206298393943e-05
-13.309396342617664     2.5937561982361155e-05
-13.265089063881462     5.408017139924481e-05
-13.220781785145261     0.00011343454901944368
-13.176474506409061     0.00021945865434107802
-13.13216722767286     0.00038661906393760634
-13.087859948936659     0.0006194518166450111
-13.043552670200459     0.0009033903401283352
-12.999245391464257     0.0012012549800244391
-12.954938112728057     0.001460593751348983
-12.910630833991856     0.0016313099007000452
-12.866323555255654     0.00168528807451404
-12.822016276519454     0.0016265065112937855
-12.777708997783254     0.00148552607409542
-12.733401719047052     0.0013030966268030163
-12.689094440310852     0.001115327212850883
-12.644787161574651     0.0009512829192996572
-12.60047988283845     0.0008449250906099558
-12.55617260410225     0.0008542812450117263
-12.511865325366049     0.0010767254653265312
-12.467558046629847     0.0016498655472187845
-12.423250767893647     0.002730828978420924
-12.378943489157447     0.0044537132500566115
-12.334636210421245     0.0068767226694799585
-12.290328931685044     0.009941291568819514
-12.246021652948844     0.01346433430912016
-12.201714374212642     0.017170265697115886
-12.157407095476442     0.020759727935278593
-12.113099816740242     0.02402680419933544
-12.06879253800404     0.027061801210794736
-12.02448525926784     0.030560044092631203
-11.98017798053164     0.03616354867820502
-11.935870701795437     0.04664228593108646
-11.891563423059237     0.06569970829645305
-11.847256144323037     0.09734546255056607
-11.802948865586837     0.14503264034444394
-11.758641586850635     0.21088220932782425
-11.714334308114434     0.2951694280237417
-11.670027029378234     0.3959902618973824
-11.625719750642032     0.5090334447401943
-11.581412471905832     0.6277640404115112
-11.537105193169632     0.7445973690382085
-11.49279791443343     0.8531787685638659
-11.44849063569723     0.9508122055143512
-11.40418335696103     1.039459264508878
-11.359876078224827     1.1244421702523084
-11.315568799488627     1.2115507649406907
-11.271261520752427     1.304211107714722
-11.226954242016225     1.4019311430739265
-11.182646963280025     1.5001254184683832
-11.138339684543825     1.5908529668337645
-11.094032405807623     1.6642140441628575
-11.049725127071422     1.7103889104226688
-11.005417848335222     1.7220412720973663
-10.96111056959902     1.6963894237335098
-10.91680329086282     1.6362289423068772
-10.87249601212662     1.549579271532634
-10.828188733390418     1.4480293877140542
-10.783881454654217     1.344106390626488
-10.739574175918017     1.2482475284336887
-10.695266897181815     1.1662595848273305
-10.650959618445615     1.098187798782587
-10.606652339709415     1.039015622318605
-10.562345060973213     0.9808133672015292
-10.518037782237013     0.915446858343892
-10.473730503500812     0.8370426650248062
-10.42942322476461     0.7437536986530253
-10.38511594602841     0.63850822127773
-10.34080866729221     0.5284013500704984
-10.296501388556008     0.4226542355180742
-10.252194109819808     0.32975017168857806
-10.207886831083608     0.25494003164533424
-10.163579552347406     0.19918710923275118
-10.119272273611205     0.15981209808507277
-10.074964994875005     0.1322239423606825
-10.030657716138803     0.11176769596028459
-9.986350437402603     0.09496328604559334
-9.942043158666403     0.07991477618917314
-9.8977358799302     0.06607700401702792
-9.853428601194     0.05372567823831816
-9.8091213224578     0.043432711806011146
-9.764814043721598     0.03571295856372433
-9.720506764985398     0.030869762468228368
-9.676199486249198     0.02896951688914058
-9.631892207512996     0.029841232345063456
-9.587584928776796     0.0330351726339327
-9.543277650040595     0.037764489953159425
-9.498970371304393     0.04293090101529258
-9.454663092568193     0.04732411338725771
-9.410355813831993     0.04996917162565381
-9.366048535095791     0.05045773843110107
-9.32174125635959     0.049062848607715766
-9.27743397762339     0.046555668202014004
-9.233126698887189     0.04383740706655104
-9.188819420150988     0.04161594466164139
-9.144512141414788     0.040300846784643976
-9.100204862678588     0.04011012069759965
-9.055897583942386     0.04122467127061376
-9.011590305206186     0.04381677473180805
-8.967283026469985     0.04792121363445647
-8.922975747733783     0.05329136962134387
-8.878668468997583     0.05943156679083246
-8.834361190261383     0.06585718273828597
-8.790053911525181     0.07240652490789469
-8.74574663278898     0.079319848465671
-8.70143935405278     0.08694736478645099
-8.657132075316579     0.09526543514944424
-8.612824796580378     0.10360144152137807
-8.568517517844178     0.11087266464933564
-8.524210239107976     0.11627825424161953
-8.479902960371776     0.1200406993387395
-8.435595681635576     0.12376174177366801
-8.391288402899374     0.13026931324470872
-8.346981124163174     0.14326395309052875
-8.302673845426973     0.16736785550169625
-8.258366566690771     0.2092242789758662
-8.214059287954571     0.2800787808924363
-8.16975200921837     0.39972525369092454
-8.125444730482169     0.6006613622895902
-8.081137451745969     0.9297941871745099
-8.036830173009768     1.443738163351575
-7.992522894273566     2.1941928923859777
-7.948215615537366     3.2037725116970637
-7.903908336801166     4.4399046843687815
-7.859601058064964     5.801278552690957
-7.815293779328764     7.131180919757461
-7.770986500592564     8.260446861528882
-7.726679221856362     9.063622127241835
-7.682371943120161     9.498461339279535
-7.638064664383961     9.604554066808182
-7.593757385647759     9.462154827804182
-7.549450106911559     9.1398938500021
-7.505142828175359     8.667055289659418
-7.460835549439157     8.0450212407619
-7.4165282707029565     7.280618013940235
-7.372220991966756     6.4092177691381185
-7.327913713230554     5.489464858776354
-7.283606434494354     4.579061913792171
-7.239299155758154     3.7156012193905084
-7.194991877021952     2.9168502627347754
-7.150684598285752     2.1944466826835085
-7.106377319549551     1.5646335765162724
-7.062070040813349     1.0465356977304907
-7.017762762077149     0.6519998774207687
-6.973455483340949     0.37743193839139644
-6.929148204604747     0.20399264129740902
-6.884840925868547     0.10471854444457096
-6.840533647132347     0.053022009250591765
-6.796226368396145     0.02817916923795747
-6.751919089659944     0.016778537452948838
-6.707611810923744     0.011475347942365526
-6.663304532187542     0.00886081364836337
-6.618997253451342     0.007600933207379862
-6.574689974715142     0.00722470904985622
-6.53038269597894     0.007498040494370957
-6.4860754172427395     0.00818992796831086
-6.441768138506539     0.009056538178138935
-6.397460859770337     0.009914354975364277
-6.353153581034137     0.010706936979429047
-6.308846302297937     0.011503133533046148
-6.264539023561735     0.012414859329250781
-6.220231744825535     0.013479437875393343
-6.175924466089334     0.01458217474392103
-6.131617187353134     0.015475370772021404
-6.087309908616932     0.01589044746392662
-6.043002629880732     0.015679025022277276
-5.998695351144532     0.014897440628017082
-5.95438807240833     0.01378317861473886
-5.91008079367213     0.012640123811981376
-5.865773514935929     0.011705879824257078
-5.821466236199729     0.011078719108239618
-5.777158957463527     0.01073331532340535
-5.732851678727325     0.0105933633813199
-5.688544399991127     0.01060138995313852
-5.644237121254925     0.010744528919605258
-5.599929842518723     0.011035335449152885
-5.555622563782524     0.011475231200751657
-5.511315285046322     0.01202997998388746
-5.46700800631012     0.012629440491281167
-5.422700727573922     0.013184960362959245
-5.37839344883772     0.013610244888803445
-5.334086170101518     0.013837183449249228
-5.289778891365319     0.013827802748346232
-5.245471612629117     0.013585809811281284
-5.201164333892915     0.013164115073114366
-5.156857055156717     0.012658097200726241
-5.112549776420515     0.012178635741509278
-5.068242497684313     0.011813029938496679
-5.023935218948115     0.011593886671902734
-4.979627940211913     0.011494577746091214
-4.935320661475711     0.011454168777964732
-4.891013382739512     0.011415423680597269
-4.84670610400331     0.011351435199589165
-4.802398825267108     0.011267524899509516
-4.75809154653091     0.011187592263271666
-4.713784267794708     0.011148080460243116
-4.669476989058506     0.011213222198949453
-4.625169710322307     0.01149904181062312
-4.580862431586105     0.012175841678172037
-4.536555152849903     0.013429022411391323
-4.492247874113705     0.015388918021712026
-4.447940595377503     0.018064021404309103
-4.403633316641301     0.02130884980378034
-4.359326037905102     0.024837492095070034
-4.3150187591689     0.02828404960306983
-4.270711480432698     0.03132264595649885
-4.2264042016965     0.033868118454834124
-4.182096922960298     0.03634493854596387
-4.137789644224096     0.039925093496110765
-4.093482365487898     0.046539246114103
-4.049175086751696     0.058449521294747356
-4.004867808015494     0.07732599660992304
-3.960560529279295     0.10309676460794052
-3.916253250543093     0.1331798151249907
-3.871945971806891     0.16275014529111753
-3.8276386930706927     0.18623099235432164
-3.7833314143344907     0.19939686888515099
-3.7390241355982887     0.20092569277681213
-3.6947168568620903     0.19248678191361862
-3.6504095781258883     0.17742417609984973
-3.6061022993896863     0.15903120770420737
-3.561795020653488     0.13953904911183515
-3.517487741917286     0.12021769775436687
-3.473180463181084     0.1021141985151246
-3.4288731844448854     0.08665150940924846
-3.3845659057086834     0.07567731371863896
-3.3402586269724814     0.07111903253855031
-3.295951348236283     0.07469773386687906
-3.251644069500081     0.0880798116083692
-3.207336790763879     0.11357719116017367
-3.1630295120276806     0.15520626435883003
-3.1187222332914786     0.21962600615577837
-3.0744149545552766     0.3162559376195005
-3.030107675819078     0.4559361886003369
-2.985800397082876     0.6480909113492165
-2.941493118346674     0.8974280585262671
-2.8971858396104757     1.2020757917714382
-2.8528785608742737     1.5547198138716367
-2.8085712821380717     1.9464184785493368
-2.7642640034018733     2.3704556205239014
-2.7199567246656713     2.8229036988916207
-2.6756494459294693     3.2986213301911134
-2.631342167193271     3.784936118371305
-2.587034888457069     4.2574826875941225
-2.542727609720867     4.681783781902828
-2.4984203309846684     5.020896542085744
-2.4541130522484664     5.2460707542370715
-2.4098057735122644     5.34571642612388
-2.365498494776066     5.3286158932882985
-2.321191216039864     5.219933148304787
-2.276883937303662     5.052166110934904
-2.2325766585674636     4.855812957210511
-2.1882693798312616     4.654109985082048
-2.1439621010950596     4.462645942715369
-2.099654822358861     4.290823500515645
-2.055347543622659     4.141624122371719
-2.011040264886457     4.0095481933482295
-1.9667329861502587     3.8804482820526762
-1.9224257074140567     3.7368818796755434
-1.8781184286778583     3.5679151782899767
-1.8338111499416563     3.3771753687435844
-1.7895038712054543     3.1825812500444175
-1.7451965924692558     3.0066762713653503
-1.7008893137330539     2.863478611900426
-1.6565820349968519     2.7503706558863863
-1.6122747562606534     2.649766495007981
-1.5679674775244514     2.5385374851170788
-1.5236601987882494     2.3988129220653844
-1.479352920052051     2.224412166963121
-1.435045641315849     2.0211177863220016
-1.390738362579647     1.8026578241516737
-1.3464310838434486     1.5854338255541154
-1.3021238051072466     1.3841211378341434
-1.2578165263710446     1.2089481876333108
-1.2135092476348461     1.0647539031348763
-1.1692019688986441     0.9516581524522363
-1.1248946901624421     0.8668414113291371
-1.0805874114262437     0.8065162608782588
-1.0362801326900417     0.7671339287583055
-0.9919728539538397     0.7454402202873983
-0.9476655752176413     0.737832964983618
-0.9033582964814393     0.7399386962847008
-0.8590510177452373     0.7470569765276626
-0.8147437390090388     0.7553422883564394
-0.7704364602728369     0.7629348384603262
-0.7261291815366349     0.770232414788689
-0.6818219028004364     0.7791021282825679
-0.6375146240642344     0.7915445443965262
-0.5932073453280324     0.8085873062477985
-0.548900066591834     0.8298903299880162
-0.504592787855632     0.8540543882507268
-0.46028550911943     0.8793438774278146
-0.41597823038323156     0.9045088685130791
-0.37167095164702957     0.929398374987608
-0.3273636729108276     0.9550193684924733
-0.28305639417462913     0.98283225684506
-0.23874911543842714     1.0135361970369192
-0.19444183670222515     1.046081410266654
-0.1501345579660267     1.0775746690693204
-0.10582727922982471     1.103969487692173
-0.06152000049362272     1.120638912836234
-0.017212721757424276     1.122087939444721
0.027094556978777717     1.1013000234111348
0.07140183571497971     1.050337024344857
0.11570911445117815     0.963339624392846
0.16001639318738015     0.8409388244033763
0.20432367192358214     0.6931143726233058
0.24863095065978058     0.537806476906908
0.2929382293959826     0.3952460262869839
0.33724550813218457     0.28090570704282614
0.381552786868383     0.20082999009227867
0.425860065604585     0.1514099069620812
0.470167344340787     0.12297545441126011
0.5144746230769854     0.10479566625954788
0.5587819018131874     0.08899953961952346
0.6030891805493894     0.07210232069399741
0.6473964592855879     0.05427630869086445
0.6917037380217899     0.0374619509211751
0.7360110167579919     0.023563907716313382
0.7803182954941903     0.01348289336606951
0.8246255742303923     0.007049710843172639
0.8689328529665943     0.0034789677396297567
0.9132401317027927     0.001895610750595407
0.9575474104389947     0.0016730313709004943
1.0018546891751967     0.0025322719891548214
1.0461619679113952     0.00445972567223668
1.0904692466475971     0.007516211080024871
1.1347765253837991     0.011606133325111833
1.1790838041199976     0.016294130668675372
1.2233910828561996     0.020774206994206935
1.2676983615924016     0.024056680532247767
1.3120056403286     0.02532426927467679
1.356312919064802     0.02428424174997421
1.400620197801004     0.021312974831867497
1.4449274765372024     0.017298372961097652
1.4892347552734044     0.013265152166688856
1.5335420340096064     0.009987373207329144
1.5778493127458049     0.007774232134411181
1.6221565914820069     0.006492329569941021
1.6664638702182089     0.005757924824942702
1.7107711489544073     0.005170872802957268
1.7550784276906093     0.004479257007341867
1.7993857064268113     0.0036267186921432586
1.8436929851630097     0.0027009091626989815
1.8880002638992117     0.0018416242730858777
1.9323075426354137     0.001172206354659491
1.9766148213716122     0.000802778948473611
2.020922100107814     0.0009515642573748015
2.065229378844016     0.002271960999287505
2.1095366575802146     0.006556236152072173
2.1538439363164166     0.018035715505039816
2.1981512150526186     0.04533490500090882
2.242458493788817     0.10355417182690553
2.286765772525019     0.21498853327769551
2.331073051261221     0.40631661904445676
2.3753803299974194     0.7010230351316151
2.4196876087336214     1.1091861159723109
2.4639948874698234     1.6210416632294715
2.508302166206022     2.2115210797327873
2.552609444942224     2.8563350198186614
2.596916723678426     3.548544497720914
2.6412240024146243     4.298392377429105
2.6855312811508263     5.108813985090316
2.7298385598870283     5.94162468285757
2.7741458386232267     6.705630111060024
2.8184531173594287     7.287951058039735
2.8627603960956307     7.615728139366804
2.907067674831829     7.705105648848547
2.951374953568031     7.657941504422435
2.995682232304233     7.605171308528471
3.0399895110404316     7.637017536654811
3.0842967897766336     7.7682256610532905
3.1286040685128356     7.955615444199932
3.172911347249034     8.144612623966243
3.217218625985236     8.305794700451305
3.261525904721438     8.440118964094822
3.3058331834576364     8.56067809610642
3.3501404621938384     8.672813973639313
3.3944477409300404     8.766787520023064
3.438755019666239     8.822514394730279
3.483062298402441     8.819480410590995
3.527369577138643     8.747327839416307
3.5716768558748413     8.614682667938387
3.6159841346110433     8.45228675909356
3.6602914133472417     8.307319449291926
3.7045986920834437     8.232317864149435
3.7489059708196457     8.277122963655692
3.793213249555844     8.486994053875527
3.837520528292046     8.898355187907564
3.881827807028248     9.520663839976386
3.9261350857644466     10.306723043603446
3.9704423645006486     11.132714886436183
4.014749643236851     11.812096962134829
4.059056921973049     12.147053197664492
4.103364200709251     11.994118596028635
4.147671479445453     11.311068927534246
4.191978758181651     10.166730803184139
4.236286036917853     8.71771990118586
4.280593315654055     7.166878813138696
4.324900594390254     5.7152123822302165
4.369207873126456     4.515001276803727
4.413515151862658     3.6348372715010124
4.457822430598856     3.0512562761330515
4.502129709335058     2.675087051124741
4.54643698807126     2.402827186100602
4.590744266807459     2.1669948846013676
4.635051545543661     1.9585559577910445
4.679358824279863     1.8113599837643757
4.723666103016061     1.761571156711242
4.767973381752263     1.8089831651418922
4.812280660488465     1.9038446554252972
4.856587939224664     1.9658204536697073
4.900895217960866     1.9221429485225192
4.945202496697068     1.7416321056952997
4.989509775433266     1.4457521394067805
5.033817054169468     1.0933554972549349
5.07812433290567     0.7512825604472276
5.122431611641868     0.46846823521836906
5.16673889037807     0.2649366328527934
5.211046169114272     0.13585434242870126
5.255353447850471     0.06315700157746894
5.299660726586673     0.026617143859522636
5.343968005322875     0.010169089980616507
5.388275284059073     0.003521909767866493
5.432582562795275     0.001105725857295497
5.476889841531477     0.00031469418019076467
5.521197120267676     8.118979698855143e-05
5.565504399003878     1.8988272900072872e-05
5.60981167774008     4.0256928096316815e-06
5.654118956476278     7.736898642771032e-07
5.69842623521248     1.3479204695269712e-07
5.742733513948682     2.1287894285042215e-08
5.787040792684881     3.0476999750408194e-09
5.831348071421083     3.955330573307651e-10
5.875655350157285     4.6533361673808216e-11
5.919962628893483     4.962689876299863e-12
5.964269907629685     4.797786425964326e-13
6.008577186365887     4.2047071419994473e-14
6.052884465102085     3.3404244975293566e-15
6.097191743838287     2.4056842986265623e-16
6.141499022574489     1.5705315807410843e-17
6.185806301310688     9.29449618136626e-19
6.23011358004689     4.986592188188168e-20
6.274420858783092     2.483945910766245e-21
6.31872813751929     1.0929674190256966e-21
6.363035416255492     1.493872167256511e-20
6.407342694991694     2.0507968938088176e-19
6.451649973727893     2.5534611965181538e-18
6.495957252464095     2.882984880109591e-17
6.540264531200297     2.9519165693924095e-16
6.584571809936495     2.7413853381363558e-15
6.628879088672697     2.309475477687378e-14
6.673186367408899     1.7653441491579191e-13
6.717493646145098     1.2247372218513173e-12
6.7618009248813     7.714655471008674e-12
6.806108203617502     4.4142959527677994e-11
6.8504154823537     2.2958890452460678e-10
6.894722761089902     1.0862666677205562e-09
6.939030039826104     4.6802301865018866e-09
6.983337318562302     1.8387024232428516e-08
7.027644597298504     6.59750030479274e-08
7.071951876034706     2.166430409958695e-07
7.116259154770905     6.526194028973786e-07
7.160566433507107     1.8086732854935637e-06
7.204873712243309     4.626431633462706e-06
7.249180990979507     1.0960766682969098e-05
7.293488269715709     2.4138650723718103e-05
7.337795548451911     4.958732098664511e-05
7.38210282718811     9.53101788485525e-05
7.426410105924312     0.00017180807705086498
7.470717384660514     0.00029088413666591674
7.515024663396712     0.0004627857827211736
7.559331942132914     0.0006915615920445816
7.603639220869116     0.0009695039253748975
7.647946499605315     0.0012728960704313135
7.692253778341517     0.001562158146177658
7.736561057077719     0.0017887187848766603
7.780868335813917     0.001908002630453296
7.825175614550119     0.001894010383556639
7.869482893286321     0.0017488017130511068
7.913790172022519     0.0015019757231496832
7.958097450758721     0.0012003481077251384
8.002404729494923     0.0008930264892939747
8.046712008231122     0.0006186162454368522
8.091019286967324     0.00039887416769615104
8.135326565703526     0.0002391428429899771
8.179633844439724     0.0001330808393818062
8.223941123175926     6.857674993017325e-05
8.268248401912128     3.263229807708771e-05
8.312555680648327     1.4299306290150094e-05
8.356862959384529     5.75936719542074e-06
8.40117023812073     2.1488140040199456e-06
8.44547751685693     8.238126730977738e-07
8.489784795593131     5.970943583284915e-07
8.534092074329333     1.240036503260443e-06
8.578399353065532     3.354110910510976e-06
8.622706631801734     8.590347184872793e-06
8.667013910537936     2.006442577528187e-05
8.711321189274134     4.261315754206992e-05
8.755628468010336     8.232722492622951e-05
8.799935746746538     0.00014482260679252412
8.844243025482736     0.00023227101767259298
8.888550304218938     0.0003402691687921071
8.93285758295514     0.0004565403370470782
8.977164861691339     0.0005632233871831676
9.02147214042754     0.0006426644091455367
9.065779419163743     0.0006841093613943457
9.110086697899941     0.0006874560807281032
9.154393976636143     0.0006616444852375232
9.198701255372345     0.0006186808608050439
9.243008534108544     0.0005672223570080307
9.287315812844746     0.0005097718211249806
9.331623091580948     0.00044472039137177365
9.375930370317146     0.0003709706520527255
9.420237649053348     0.0002913976069933144
9.464544927789547     0.00021285595303818333
9.508852206525749     0.00014329007751772717
9.55315948526195     8.835889210963444e-05
9.597466763998149     4.971646787394415e-05
9.641774042734351     2.546264716636731e-05
9.686081321470553     1.1852139851050373e-05
9.730388600206751     5.009175988470723e-06
9.774695878942953     1.9211157058756633e-06
9.819003157679155     6.683378386367252e-07
9.863310436415354     2.1085860505940313e-07
9.907617715151556     6.032179856068659e-08
9.951924993887758     1.5646009581335265e-08
9.996232272623956     3.6792570753313014e-09
10.040539551360158     7.848999624131558e-10
10.08484683009636     1.5576547145633548e-10
10.129154108832559     5.479146182636149e-11
10.17346138756876     1.7693583027405382e-10
10.21776866630496     9.583773055555606e-10
10.262075945041165     4.814629776416944e-09
10.306383223777363     2.193923648511683e-08
10.350690502513562     9.062708577351041e-08
10.394997781249767     3.3936407702688716e-07
10.439305059985966     1.15198028060468e-06
10.483612338722164     3.544833862633606e-06
10.52791961745837     9.88824490849782e-06
10.572226896194568     2.5004431752467762e-05
10.616534174930766     5.731837504854369e-05
10.660841453666972     0.00011911348871294108
10.70514873240317     0.0002244112447970032
10.749456011139369     0.0003833608397921704
10.793763289875574     0.0005940185799892892
10.838070568611773     0.0008355595686119781
10.882377847347971     0.001069013385149511
10.926685126084177     0.0012496673340062266
10.970992404820375     0.001348749215641258
11.015299683556574     0.0013744295522162481
11.05960696229278     0.001379256608330892
11.103914241028978     0.0014460137482579958
11.148221519765176     0.001654587092549365
11.192528798501382     0.002043282612056281
11.23683607723758     0.00258387838010199
11.281143355973779     0.003187021785000267
11.325450634709984     0.0037419794655832836
11.369757913446183     0.004175313313148817
11.414065192182381     0.004496841242736355
11.458372470918587     0.004801479511877185
11.502679749654785     0.005217864521704175
11.546987028390983     0.005828461611605373
11.591294307127189     0.006608444547238737
11.635601585863387     0.007423103653596342
11.679908864599586     0.008087280272174955
11.724216143335791     0.008449635227363491
11.76852342207199     0.008450179111707595
11.812830700808188     0.008122947577733557
11.857137979544394     0.007557015592835546
11.901445258280592     0.006853219069202592
11.94575253701679     0.006103614213166623
11.990059815752996     0.0053916503818886895
12.034367094489195     0.004793572419376823
12.078674373225393     0.004368811275831353
12.122981651961599     0.004145294284765089
12.167288930697797     0.00411367568047844
12.211596209433996     0.0042369073078104445
12.255903488170201     0.004469443548470312
12.3002107669064     0.004775399958418679
12.344518045642598     0.00513809779996826
12.388825324378804     0.0055586592969761785
12.433132603115002     0.006045219413858647
12.4774398818512     0.00659782999263268
12.521747160587406     0.0071970887147913285
12.566054439323604     0.007803241621778885
12.610361718059803     0.008365258381330908
12.654668996796008     0.008831760886449935
12.698976275532207     0.009156114215191793
12.743283554268405     0.009296930940816435
12.78759083300461     0.009222495957116699
12.83189811174081     0.008923529575403344
12.876205390477008     0.008426627003315692
12.920512669213213     0.007794527198500236
12.964819947949412     0.007107738026746366
13.00912722668561     0.006437933005643369
13.053434505421816     0.005831380178045437
13.097741784158014     0.005312736286587018
13.142049062894213     0.0049032126095976195
13.186356341630418     0.004636554741821946
13.230663620366617     0.004559005323908793
13.274970899102815     0.0047113817062655865
13.31927817783902     0.005102954631615784
13.363585456575219     0.005691347007907227
13.407892735311417     0.0063797017263339684
13.452200014047623     0.007034885434133856
13.496507292783821     0.007521780859796794
13.54081457152002     0.007741768989096752
13.585121850256225     0.007661239289266018
13.629429128992424     0.007319820476640471
13.673736407728622     0.006816216164355835
13.718043686464828     0.006277973055497107
13.762350965201026     0.005826747543607728
13.806658243937225     0.005551312456637232
13.85096552267343     0.005496514098157634
13.895272801409629     0.005668443811414953
13.939580080145827     0.006047557834434726
13.983887358882033     0.0065981330977120676
14.028194637618231     0.007267907271536137
14.07250191635443     0.00798250724259684
14.116809195090635     0.008646202516312946
14.161116473826834     0.009157005583344893
14.205423752563032     0.009432607266624638
14.249731031299238     0.009433690862346541
14.294038310035436     0.009171278139383092
14.338345588771634     0.008695188576945123
14.38265286750784     0.008073325273602175
14.426960146244038     0.00737626651607708
14.471267424980237     0.006674654541012115
14.515574703716442     0.006043905081413089
14.55988198245264     0.005562747371585309
14.60418926118884     0.005296106376677599
14.648496539925045     0.00526628488711704
14.692803818661243     0.0054292319975615694
14.737111097397442     0.005674875692537088
14.781418376133647     0.005859053654375052
14.825725654869846     0.0058558352558888555
14.870032933606044     0.005605093948851666
14.91434021234225     0.005130980982770219
14.958647491078448     0.004522767471234114
15.002954769814647     0.0038902646503104895
15.047262048550852     0.0033184636724489817
15.09156932728705     0.002843228031633677
15.135876606023249     0.0024552717647220276
15.180183884759455     0.0021235024640274347
15.224491163495653     0.0018206999342468048
15.268798442231851     0.00153760908815043
15.313105720968057     0.001281698767263411
15.357412999704255     0.001066460925900124
15.401720278440454     0.0009006200917189726
15.44602755717666     0.0007836013266153291
15.490334835912858     0.0007078026580750161
15.534642114649056     0.0006639250445975453
15.578949393385262     0.0006448594341948826
15.62325667212146     0.0006458149563094038
15.667563950857659     0.0006615228901410922
15.711871229593864     0.0006834639150901545
15.756178508330063     0.0006999451406927101
15.800485787066261     0.0006996480640029066
15.844793065802467     0.0006765493490138528
15.889100344538665     0.0006329565798034629
15.933407623274864     0.0005787334400980473
15.97771490201107     0.000527472660838348
16.022022180747268     0.000492133001891001
16.066329459483466     0.00048216683162722674
16.11063673821967     0.0005022481052795195
16.15494401695587     0.0005514115830443553
16.19925129569207     0.0006219491713212364
16.243558574428274     0.0006990323366089116
16.287865853164472     0.0007628472214733626
16.33217313190067     0.0007938822009082575
16.376480410636876     0.0007796219227102038
16.420787689373075     0.0007192818853719236
16.465094968109273     0.000623875288860533
16.50940224684548     0.0005115234774062317
16.553709525581677     0.0004006197629147085
16.598016804317876     0.0003043508027444704
16.64232408305408     0.0002287501642247287
16.68663136179028     0.00017409971509688458
16.730938640526478     0.00013779660719459707
16.775245919262684     0.00011666354977598867
16.819553197998882     0.00010777000263459634
16.86386047673508     0.00010813621812559348
16.908167755471286     0.00011434892356376366
16.952475034207485     0.00012289906689888117
16.996782312943683     0.0001313108111526457
17.04108959167989     0.00013943920724373594
17.085396870416087     0.00015009561524429336
17.129704149152285     0.00016849603582813814
17.17401142788849     0.00020067691962376643
17.21831870662469     0.000251585193079124
17.262625985360888     0.0003236646132845785
17.306933264097093     0.00041630993789166354
17.351240542833292     0.0005258326048412429
17.39554782156949     0.0006452212889364833
17.439855100305696     0.0007635003257814042
17.484162379041894     0.0008655991733683611
17.528469657778093     0.000934211831320448
17.5727769365143     0.00095418467694293
17.617084215250497     0.0009179461140305254
17.661391493986695     0.0008290970768912126
17.7056987727229     0.0007019270776906186
17.7500060514591     0.0005569488063139443
17.794313330195298     0.0004147507307444164
17.838620608931503     0.00029102037672565703
17.8829278876677     0.00019446917887559637
17.9272351664039     0.00012772356325732568
17.9715424451401     9.009337116817898e-05
18.015849723876304     8.074273669497792e-05
18.060157002612502     0.00010085503053564576
18.1044642813487     0.0001536524676730989
18.148771560084906     0.00024174277988140837
18.193078838821105     0.0003624911930076392
18.237386117557303     0.0005037325481258779
18.28169339629351     0.0006430640958784196
18.326000675029707     0.0007528434950003057
18.370307953765906     0.0008096959438149817
18.41461523250211     0.0008037854595603362
18.45892251123831     0.0007423355839026404
18.503229789974508     0.0006451645677008695
18.547537068710714     0.0005351500888726143
18.591844347446912     0.00042951676313080064
18.63615162618311     0.0003364106022814549
18.680458904919316     0.00025696494072274893
18.724766183655515     0.00018964628402198672
18.769073462391713     0.00013339926300514208
18.81338074112792     8.827146049479919e-05
18.857688019864117     5.442343697760294e-05
18.901995298600315     3.1106463554671655e-05
18.94630257733652     1.647650795069488e-05
18.99060985607272     8.12560218751805e-06
19.034917134808918     3.769163141152848e-06
19.079224413545123     1.6704069282987575e-06
19.123531692281322     7.205702043148299e-07
19.16783897101752     3.0729438082682624e-07
19.212146249753726     1.304432146103401e-07
19.256453528489924     5.6036732316290356e-08
19.300760807226123     2.977717619801508e-08
19.34506808596233     3.8869659730584284e-08
19.389375364698527     1.0878996007326998e-07
19.433682643434725     3.331281937285649e-07
19.47798992217093     9.45312936938287e-07
19.52229720090713     2.437633696480582e-06
19.566604479643328     5.700632328354244e-06
19.610911758379533     1.2089568341415482e-05
19.65521903711573     2.325664087989638e-05
19.69952631585193     4.0604293500557814e-05
19.743833594588136     6.441142985513188e-05
19.788140873324334     9.3043558753262e-05
19.832448152060532     0.00012295015588653475
19.876755430796738     0.0001500268544011288
19.921062709532936     0.0001722172754964068
19.965369988269135     0.000192251074231499
20.00967726700534     0.00021880366867282772
20.05398454574154     0.00026463248033186163
20.098291824477737     0.00034142813679259007
20.142599103213943     0.0004528331326324202
20.18690638195014     0.0005886935097112791
20.23121366068634     0.000724202869866836
20.275520939422545     0.000826152545369181
20.319828218158744     0.0008648855546725009
20.364135496894942     0.000826579136523914
20.408442775631148     0.0007192424601765681
20.452750054367346     0.0005689947527167718
20.497057333103545     0.00040892526762620823
20.54136461183975     0.0002669203278899873
20.58567189057595     0.00015843744623987365
20.629979169312147     8.625108821014596e-05
20.674286448048353     4.510052008487345e-05
20.71859372678455     2.7558842821111807e-05
20.76290100552075     2.8350713663056315e-05
20.807208284256955     4.6107173831537724e-05
20.851515562993153     8.272829257066828e-05
20.895822841729352     0.0001409291624319324
20.940130120465557     0.00022078538376906612
20.984437399201756     0.0003165947503771787
21.028744677937954     0.00041578993777767736
21.07305195667416     0.00050117877523921
21.11735923541036     0.0005561484813305553
21.161666514146557     0.0005705003587383171
21.205973792882762     0.0005438374449992095
21.25028107161896     0.0004847616689038475
21.29458835035516     0.000406693960822149
21.33889562909137     0.00032295565148422024
