-21.85291868273084     4.556893505355304
-21.80861159935843     5.629028414541871
-21.764304515986012     6.661487121463656
-21.7199974326136     7.555847913326181
-21.675690349241183     8.221694003816962
-21.63138326586877     8.618554020606032
-21.587076182496354     8.791247458439797
-21.54276909912394     8.870850955978788
-21.498462015751524     9.03181646034574
-21.45415493237911     9.424276143572236
-21.409847849006695     10.116342507207058
-21.365540765634282     11.072232293690432
-21.321233682261866     12.167609842843152
-21.276926598889453     13.224982213575215
-21.23261951551704     14.05280791088458
-21.188312432144624     14.485924188982121
-21.14400534877221     14.433257516218122
-21.099698265399795     13.930116616629642
-21.055391182027382     13.174039444067402
-21.011084098654965     12.513385410687478
-20.966777015282553     12.368941362219141
-20.922469931910136     13.098861702106378
-20.878162848537723     14.852826425556646
-20.833855765165307     17.48271324406262
-20.789548681792894     20.565701402814536
-20.745241598420478     23.54721780363327
-20.700934515048065     25.94710289599261
-20.656627431675652     27.532909006566715
-20.612320348303236     28.379035804769668
-20.568013264930823     28.79233968526306
-20.523706181558406     29.15328138766931
-20.479399098185993     29.7545743926928
-20.435092014813577     30.704526377047078
-20.390784931441164     31.920315345032765
-20.346477848068748     33.196778662370434
-20.302170764696335     34.313863970683016
-20.25786368132392     35.138800175611436
-20.213556597951506     35.68250960787393
-20.16924951457909     36.08535586168934
-20.124942431206676     36.53658621219404
-20.08063534783426     37.16528761555432
-20.036328264461847     37.95880449287919
-19.992021181089434     38.752670509316594
-19.947714097717018     39.29821155548186
-19.903407014344605     39.372077492243534
-19.85909993097219     38.87140728907848
-19.814792847599776     37.850904483033375
-19.77048576422736     36.49401752616694
-19.726178680854947     35.044630121277564
-19.68187159748253     33.736154560491144
-19.637564514110117     32.740667104962505
-19.5932574307377     32.14160467575342
-19.548950347365288     31.928313232628227
-19.504643263992875     32.01573237656197
-19.46033618062046     32.28828414435225
-19.416029097248042     32.647397605271216
-19.37172201387563     33.02804442585348
-19.327414930503217     33.36669661135543
-19.2831078471308     33.546900879053375
-19.238800763758388     33.38099989429532
-19.19449368038597     32.67004963328389
-19.15018659701356     31.321633760758665
-19.105879513641142     29.445357982331654
-19.06157243026873     27.344189498103255
-19.017265346896313     25.388787263532453
-18.9729582635239     23.8514275655645
-18.928651180151483     22.810811570392033
-18.88434409677907     22.18521573417446
-18.840037013406658     21.851385308572535
-18.79572993003424     21.743744830324097
-18.75142284666183     21.85382264587598
-18.707115763289412     22.138769598148222
-18.662808679917     22.4258707855075
-18.618501596544583     22.406337871243462
-18.57419451317217     21.744670914863303
-18.529887429799754     20.24219249767956
-18.48558034642734     17.95017430725447
-18.441273263054924     15.159737729834339
-18.39696617968251     12.276955798804376
-18.352659096310095     9.661728937853228
-18.308352012937682     7.520400642164135
-18.264044929565266     5.895083064583912
-18.219737846192853     4.728431462041259
-18.17543076282044     3.94544727773618
-18.131123679448024     3.5001776172101153
-18.08681659607561     3.370516224735009
-18.042509512703194     3.5210855097581377
-17.99820242933078     3.870799988705641
-17.953895345958365     4.2926315144586376
-17.909588262585952     4.64817171916116
-17.865281179213536     4.835871247063797
-17.820974095841123     4.8232550886580725
-17.776667012468707     4.643883216153906
-17.732359929096294     4.362221321823144
-17.68805284572388     4.029781090037598
-17.643745762351465     3.660472979835164
-17.59943867897905     3.2384240847292873
-17.555131595606635     2.7479665603214998
-17.510824512234223     2.2009793946083183
-17.466517428861806     1.6419258415252325
-17.422210345489393     1.1298167600006734
-17.377903262116977     0.7124440868982022
-17.333596178744564     0.4099886924762218
-17.289289095372148     0.21475518301494284
-17.244982011999735     0.10222990774855129
-17.200674928627322     0.04418893773919447
-17.156367845254906     0.017362858053658732
-17.11206076188249     0.006320584047397605
-17.067753678510076     0.002586602964297445
-17.023446595137663     0.002633412068910675
-16.979139511765247     0.00652618966847111
-16.93483242839283     0.01797267799012855
-16.890525345020418     0.045772001936592005
-16.846218261648005     0.10585413175270328
-16.80191117827559     0.22194799639131643
-16.757604094903176     0.4218631172605797
-16.71329701153076     0.7268818010220466
-16.668989928158346     1.135344121623024
-16.62468284478593     1.6075433062747437
-16.580375761413517     2.0633328355933784
-16.536068678041104     2.400752223962161
-16.491761594668688     2.5321931657251566
-16.44745451129627     2.421128092699765
-16.40314742792386     2.09850565405623
-16.358840344551446     1.6488227177135353
-16.31453326117903     1.1743815606734347
-16.270226177806617     0.7582561245015408
-16.2259190944342     0.44380692260451593
-16.181612011061787     0.23547437869127427
-16.13730492768937     0.11325690498110053
-16.092997844316958     0.049380690798583565
-16.04869076094454     0.01951736009943083
-16.00438367757213     0.006992885722952915
-15.960076594199714     0.00227124105197453
-15.9157695108273     0.0006687156231386437
-15.871462427454885     0.00017848065546713238
-15.82715534408247     4.3182946965254774e-05
-15.782848260710056     9.471196426589512e-06
-15.738541177337641     1.8830803549353701e-06
-15.694234093965228     3.393941120788403e-07
-15.649927010592812     5.545123166678692e-08
-15.605619927220399     8.212767577716116e-09
-15.561312843847983     1.1026541338129177e-09
-15.51700576047557     1.342024763501045e-10
-15.472698677103153     1.4806526610968518e-11
-15.42839159373074     1.4808712287951606e-12
-15.384084510358326     1.3426191633338878e-13
-15.339777426985911     1.1034682198845987e-14
-15.295470343613497     8.221257698222469e-16
-15.251163260241082     5.552498967032978e-17
-15.206856176868667     3.400269943569694e-18
-15.162549093496253     2.0195227877261293e-19
-15.11824201012384     2.0604741794592985e-19
-15.073934926751424     2.63750014462236e-18
-15.02962784337901     3.2078382038518814e-17
-14.985320760006594     3.538222216714628e-16
-14.941013676634181     3.5389659068470432e-15
-14.896706593261765     3.210217716790546e-14
-14.852399509889352     2.6413359406422615e-13
-14.808092426516938     1.971645190363061e-12
-14.763785343144523     1.335555265953206e-11
-14.719478259772108     8.212400611720965e-11
-14.675171176399694     4.586126247370246e-10
-14.630864093027279     2.3272310177305308e-09
-14.586557009654864     1.0739214269630757e-08
-14.54224992628245     4.510812400708907e-08
-14.497942842910035     1.726632213299652e-07
-14.453635759537622     6.031683996839375e-07
-14.409328676165206     1.9263074632359835e-06
-14.365021592792793     5.635502721347905e-06
-14.320714509420377     1.5136367673290179e-05
-14.276407426047964     3.74103099102039e-05
-14.23210034267555     8.526989046623453e-05
-14.187793259303135     0.00017957361354398679
-14.14348617593072     0.0003498553225783087
-14.099179092558305     0.0006308961954593291
-14.05487200918589     0.0010527079575670644
-14.010564925813476     0.0016234964487041434
-13.966257842441061     0.0023100968109835136
-13.921950759068647     0.0030263371744286118
-13.877643675696234     0.0036418398763589767
-13.833336592323818     0.004016712206116621
-13.789029508951405     0.004052080546985977
-13.74472242557899     0.0037322213879292846
-13.700415342206576     0.0031339134193531706
-13.656108258834161     0.0023961047909308478
-13.611801175461746     0.0016665148435777192
-13.567494092089332     0.0010537606205174614
-13.523187008716917     0.0006062007094933138
-13.478879925344502     0.00032012576477848586
-13.434572841972088     0.00016531717151872495
-13.390265758599673     0.00011379124169019997
-13.345958675227259     0.00016465044621439656
-13.301651591854844     0.0003651288422351033
-13.25734450848243     0.0008276457985911663
-13.213037425110015     0.0017338456948047607
-13.168730341737602     0.0033060326981042385
-13.124423258365187     0.00572768430451977
-13.080116174992773     0.0090202183150501
-13.035809091620358     0.01292828930888025
-12.991502008247943     0.016898385978624218
-12.947194924875529     0.02021183718670789
-12.902887841503114     0.022243167827142966
-12.8585807581307     0.02271350089846127
-12.814273674758285     0.02178768302390042
-12.76996659138587     0.019965595021856294
-12.725659508013456     0.017879826575711646
-12.681352424641041     0.016208605866646714
-12.637045341268626     0.015865451742709494
-12.592738257896213     0.018459088243290938
-12.548431174523799     0.026807545587562775
-12.504124091151384     0.04510552899912862
-12.45981700777897     0.07826171397825572
-12.415509924406555     0.13010138521254466
-12.37120284103414     0.20072950959229646
-12.326895757661726     0.28423039599022365
-12.282588674289311     0.3683990874455228
-12.238281590916896     0.43757606106183744
-12.193974507544482     0.47785109348860244
-12.149667424172067     0.482094320492404
-12.105360340799653     0.452061374093901
-12.061053257427238     0.3966315764601314
-12.016746174054823     0.3276755242428962
-11.97243909068241     0.25613828771118097
-11.928132007309996     0.1900273129237404
-11.883824923937581     0.13425962276085748
-11.839517840565167     0.09131070019964904
-11.795210757192752     0.0617896164184227
-11.750903673820337     0.04476470420187531
-11.706596590447923     0.03808471888324764
-11.662289507075508     0.03890021408161143
-11.617982423703094     0.044367821877644584
-11.573675340330679     0.0523675034308414
-11.529368256958264     0.0620247834293413
-11.48506117358585     0.07387357231766527
-11.440754090213435     0.08960384298571923
-11.396447006841022     0.11146967446257017
-11.352139923468608     0.14150552521318505
-11.307832840096193     0.18068996975013193
-11.263525756723778     0.22820441151605245
-11.219218673351364     0.2810529122541979
-11.174911589978949     0.3344323004098081
-11.130604506606534     0.3830844080390508
-11.08629742323412     0.423282874837058
-11.041990339861705     0.4544165908972208
-10.99768325648929     0.4789740124134693
-10.953376173116876     0.5005167342358524
-10.909069089744461     0.5206203071885607
-10.864762006372047     0.5367616196691716
-10.820454922999632     0.5428251698644901
-10.77614783962722     0.5322646732587235
-10.731840756254805     0.5020698823111938
-10.68753367288239     0.45499401945183754
-10.643226589509975     0.3986176830551531
-10.59891950613756     0.34195345416686374
-10.554612422765146     0.2918134935681356
-10.510305339392731     0.2510042056250844
-10.465998256020317     0.21891561974043997
-10.421691172647902     0.19355870178237866
-10.377384089275488     0.17366934762387667
-10.333077005903073     0.1601841321535469
-10.288769922530658     0.15734765918272373
-10.244462839158244     0.17400144978172138
-10.200155755785831     0.22492047136707952
-10.155848672413416     0.33092359486792305
-10.111541589041002     0.5159951678542787
-10.067234505668587     0.8008783034243694
-10.022927422296172     1.1954941786455449
-9.978620338923758     1.6951031752189136
-9.934313255551343     2.2842444404341284
-9.890006172178929     2.9470819203820313
-9.845699088806514     3.676525764566487
-9.8013920054341     4.473907522422737
-9.757084922061685     5.338691028748689
-9.71277783868927     6.257684892197332
-9.668470755316855     7.205191634734566
-9.62416367194444     8.15583849424609
-9.579856588572028     9.099159941933054
-9.535549505199613     10.042625069637136
-9.491242421827199     11.001192222738995
-9.446935338454784     11.985086011830584
-9.40262825508237     12.998299060364346
-9.358321171709955     14.046798283057159
-9.31401408833754     15.142655935787491
-9.269707004965126     16.293963375580446
-9.225399921592711     17.488310539511737
-9.181092838220296     18.690602738785095
-9.136785754847882     19.86761258955376
-9.092478671475467     21.026247679899413
-9.048171588103052     22.232679779145418
-9.00386450473064     23.586440155870694
-8.959557421358225     25.157801371400538
-8.91525033798581     26.933915764848717
-8.870943254613396     28.82575647363621
-8.826636171240981     30.74881204825462
-8.782329087868566     32.72828976027486
-8.738022004496152     34.94373562944247
-8.693714921123737     37.655355048133124
-8.649407837751323     41.03368745555068
-8.605100754378908     44.9898984694041
-8.560793671006493     49.118308518973976
-8.516486587634079     52.80188529957583
-8.472179504261664     55.43505603561484
-8.42787242088925     56.64980666430039
-8.383565337516837     56.433139587803396
-8.339258254144422     55.090969526741674
-8.294951170772007     53.098552150399826
-8.250644087399593     50.926557177903504
-8.206337004027178     48.92094564923713
-8.162029920654764     47.26311040786082
-8.117722837282349     45.98692801900048
-8.073415753909934     45.012874568535764
-8.02910867053752     44.176348208108436
-7.984801587165105     43.254412357572534
-7.94049450379269     42.00781680112857
-7.896187420420276     40.24432813025345
-7.851880337047861     37.8846453303843
-7.807573253675448     34.99498312065959
-7.763266170303034     31.760062237084153
-7.718959086930619     28.40595431391144
-7.674652003558204     25.117326869944595
-7.63034492018579     21.996358949505204
-7.586037836813375     19.076795804993775
-7.5417307534409606     16.36716863959176
-7.497423670068546     13.886681168983507
-7.453116586696131     11.677875558541077
-7.408809503323717     9.803517661811819
-7.364502419951302     8.337859922354506
-7.320195336578887     7.351196611846161
-7.275888253206473     6.883817358365648
-7.231581169834058     6.917884957456808
-7.187274086461645     7.366579769305687
-7.142967003089231     8.091593796096124
-7.098659919716816     8.937815861798695
-7.0543528363444015     9.760595641113232
-7.010045752971987     10.430905158041986
-6.965738669599572     10.827262236469362
-6.921431586227158     10.837002266167971
-6.877124502854743     10.380387663258132
-6.832817419482328     9.448214425940735
-6.788510336109914     8.127650588853639
-6.744203252737499     6.594874206185667
-6.6998961693650845     5.072359307160242
-6.65558908599267     3.768250263729052
-6.611282002620257     2.8226097390364564
-6.566974919247842     2.2789639424026324
-6.522667835875428     2.087282249439289
-6.478360752503013     2.1345860277052697
-6.4340536691305985     2.2936764207590805
-6.389746585758184     2.475869852265513
-6.345439502385769     2.6690011473464375
-6.301132419013355     2.9419183685137615
-6.25682533564094     3.4071312689441418
-6.212518252268525     4.153492599051099
-6.168211168896111     5.18083852838796
-6.123904085523696     6.37439223263259
-6.0795970021512815     7.539888730690989
-6.035289918778867     8.486174829868814
-5.990982835406454     9.110939936486385
-5.946675752034039     9.440936764252795
-5.902368668661625     9.60701568805642
-5.85806158528921     9.775801225754869
-5.813754501916794     10.081943948103838
-5.769447418544381     10.593838435869248
-5.725140335171968     11.317075040864255
-5.680833251799552     12.219269373986016
-5.636526168427139     13.257488579258391
-5.592219085054722     14.397258313576124
-5.54791200168231     15.619910551808463
-5.503604918309893     16.920206786054127
-5.45929783493748     18.2988311689689
-5.414990751565064     19.752949835552407
-5.370683668192651     21.264083153895758
-5.326376584820235     22.782579615522188
-5.282069501447822     24.214828226914438
-5.237762418075405     25.425406924982113
-5.193455334702993     26.262033446879784
-5.149148251330576     26.59799315029766
-5.104841167958163     26.376132131038514
-5.0605340845857505     25.63807844801566
-5.016227001213334     24.52867148726854
-4.971919917840921     23.271857587668638
-4.927612834468505     22.119822866318533
-4.883305751096092     21.285842015333287
-4.838998667723676     20.883260978205875
-4.794691584351263     20.89991104856966
-4.750384500978846     21.22785653714997
-4.7060774176064335     21.740234367048476
-4.661770334234017     22.374256180721854
-4.617463250861604     23.16703137656094
-4.573156167489188     24.214669837300015
-4.528849084116775     25.57498042262349
-4.484542000744362     27.176403445234577
-4.440234917371946     28.79743652354216
-4.395927833999533     30.13639895831249
-4.3516207506271165     30.93133325529926
-4.307313667254704     31.058761954109915
-4.263006583882287     30.56051976573246
-4.218699500509874     29.601170211114336
-4.174392417137458     28.400769696112917
-4.130085333765045     27.18773413219111
-4.085778250392629     26.180498640453
-4.041471167020216     25.570525626427493
-3.9971640836477995     25.477575058257077
-3.9528570002753867     25.88431977796859
-3.908549916902974     26.59823070775534
-3.8642428335305574     27.291682017671107
-3.8199357501581446     27.624831177528645
-3.775628666785728     27.394550290335832
-3.7313215834133153     26.62752881508129
-3.687014500040899     25.566831028959008
-3.642707416668486     24.56242078944912
-3.5984003332960697     23.92421569336519
-3.554093249923657     23.808062753687615
-3.5097861665512404     24.18437585960221
-3.4654790831788276     24.899262273007725
-3.421171999806411     25.792347334621233
-3.3768649164339983     26.8035590525927
-3.3325578330615855     28.004991614755085
-3.288250749689169     29.53812471416357
-3.2439436663167562     31.49514016329181
-3.19963658294434     33.81652466506864
-3.155329499571927     36.265375438940985
-3.1110224161995106     38.494601171177685
-3.0667153328270977     40.176365945185545
-3.0224082494546813     41.135750247596484
-2.9781011660822685     41.42809110997011
-2.933794082709852     41.319326242920965
-2.8894869993374392     41.16851817168154
-2.845179915965023     41.26259903203089
-2.80087283259261     41.689514306766576
-2.7565657492201936     42.32522051671117
-2.7122586658477807     42.94580589811397
-2.667951582475368     43.396537677627194
-2.6236444991029515     43.713325842489674
-2.5793374157305387     44.12641605329812
-2.5350303323581223     44.95256884896339
-2.4907232489857094     46.44387856757014
-2.446416165613293     48.67325392621791
-2.40210908224088     51.504837027640214
-2.3578019988684638     54.651488265018855
-2.313494915496051     57.78507164130691
-2.2691878321236345     60.64878889238673
-2.2248807487512217     63.12612807108603
-2.1805736653788053     65.24484283610278
-2.1362665820063924     67.12594120731175
-2.0919594986339796     68.91071021618883
-2.047652415261563     70.70167012502196
-2.0033453318891503     72.53767052841081
-1.959038248516734     74.40219070636087
-1.914731165144321     76.25060292550394
-1.8704240817719047     78.04011103004527
-1.8261169983994918     79.74926455237039
-1.7818099150270754     81.37679923799651
-1.7375028316546626     82.91448484533223
-1.6931957482822462     84.30152753097785
-1.6488886649098333     85.38629981340539
-1.604581581537417     85.92985447202408
-1.560274498165004     85.66967901449118
-1.5159674147925912     84.42393867331023
-1.4716603314201748     82.18083627096371
-1.427353248047762     79.11512652624762
-1.3830461646753456     75.51396477880452
-1.3387390813029327     71.65301172355593
-1.2944319979305163     67.69811730939162
-1.2501249145581035     63.690389486747954
-1.205817831185687     59.614837939823666
-1.1615107478132742     55.497161252344846
-1.1172036644408578     51.45795388413497
-1.072896581068445     47.68582493539297
-1.0285894976960286     44.34645239823212
-0.9842824143236157     41.48743473999807
-0.9399753309512029     39.002516597198195
-0.8956682475787865     36.68081058715373
-0.8513611642063736     34.31153672033808
-0.8070540808339572     31.780270270938516
-0.7627469974615444     29.10240169948702
-0.718439914089128     26.384058433239563
-0.6741328307167151     23.74615254893041
-0.6298257473442987     21.26329473420076
-0.5855186639718859     18.95064854549332
-0.5412115805994695     16.796109860554182
-0.49690449722705665     14.807049669688098
-0.45259741385464025     13.03609945529194
-0.4082903304822274     11.568688049075202
-0.363983247109811     10.481474161696127
-0.31967616373739816     9.797105958390787
-0.2753690803649853     9.458594767142111
-0.2310619969925689     9.332699595340687
-0.18675491362015606     9.238848253803267
-0.14244783024773966     8.994230336810794
-0.09814074687532681     8.46332381448295
-0.05383366350291041     7.5972120278291975
-0.009526580130497564     6.447392173473458
0.034780503241918836     5.14622906846169
0.07908758661433168     3.8613077981932387
0.12339466998674808     2.7443605821264736
0.16770175335916093     1.8968566482675102
0.21200883673157733     1.3621387804011784
0.2563159201039902     1.1370989154973
0.30062300347640303     1.1870679605320495
0.34493008684881943     1.4519429135605855
0.3892371702212323     1.845105364783549
0.4335442535936487     2.257731790247971
0.4778513369660615     2.579571630077373
0.5221584203384779     2.7330810132144086
0.5664655037108908     2.7022953339385696
0.6107725870833072     2.535360723671108
0.65507967045572     2.3148255649197576
0.6993867538281364     2.1119664481165006
0.7436938372005493     1.9529709708062042
0.7880009205729657     1.816370831591476
0.8323080039453785     1.6595851462048723
0.8766150873177914     1.4544812614453007
0.9209221706902078     1.2097786457995452
0.9652292540626206     0.970635857995279
1.009536337435037     0.8009922866759345
1.0538434208074499     0.7608901362483113
1.0981505041798663     0.8873932773832078
1.142457587552279     1.1811687920101195
1.1867646709246955     1.5990757949421892
1.2310717542971084     2.056585389296343
1.2753788376695248     2.4457384744937127
1.3196859210419376     2.668480731115864
1.363993004414354     2.6736753878023864
1.4083000877867669     2.478630715246755
1.4526071711591797     2.1610842533954373
1.496914254531596     1.8237639077218968
1.541221337904009     1.5498169588675612
1.5855284212764253     1.3721762797523887
1.6298355046488382     1.2706587253610364
1.6741425880212546     1.1942911945449035
1.7184496713936674     1.0935130123926002
1.7627567547660838     0.9443546389610928
1.8070638381384967     0.7543261815213359
1.851370921510913     0.5515809869953817
1.895678004883326     0.36733492262735346
1.9399850882557423     0.22225402331533609
1.9842921716281552     0.12203086609347204
2.028599255000568     0.06077485513609739
2.0729063383729844     0.027466179039409244
2.1172134217453973     0.011318654914434914
2.1615205051178137     0.004403190789378737
2.2058275884902265     0.001975996772153707
2.250134671862643     0.0016971029771944916
2.294441755235056     0.002667525363532067
2.338748838607472     0.004681635806865985
2.383055921979885     0.007734488244253612
2.4273630053523014     0.011722310145248887
2.4716700887247143     0.016313285787111977
2.5159771720971307     0.02100224866127919
2.5602842554695435     0.02531859570324642
2.60459133884196     0.029057329645100254
2.6488984222143728     0.03235501548570084
2.6932055055867856     0.035524255084163646
2.737512588959202     0.03875526972066221
2.781819672331615     0.041929745286796334
2.8261267557040313     0.04472575953670023
2.870433839076444     0.04695262190988452
2.9147409224488605     0.04884265920191736
2.9590480058212734     0.05103723734229729
3.0033550891936898     0.05423637559472157
3.0476621725661026     0.05873978448565674
3.091969255938519     0.06418502793145547
3.136276339310932     0.06964616170387106
3.1805834226833483     0.07402737320161519
3.224890506055761     0.0765346315066429
3.269197589428174     0.07699846792916466
3.3135046728005904     0.075912792109412
3.357811756173003     0.07418290913684983
3.4021188395454196     0.07270109486619296
3.4464259229178325     0.07195626497064757
3.490733006290249     0.07188059542808779
3.5350400896626617     0.07200582168245581
3.579347173035078     0.07180678775620997
3.623654256407491     0.07099801918660655
3.6679613397799073     0.06962109080169022
3.71226842315232     0.06794570750596161
3.7565755065247366     0.06632262506670217
3.8008825898971494     0.06507777035422188
3.8451896732695623     0.06442448948716799
3.8894967566419787     0.06435771338830679
3.9338038400143915     0.06459466846586093
3.978110923386808     0.06468521493989773
4.022418006759221     0.06430315068439363
4.066725090131637     0.06352601229464294
4.11103217350405     0.06283556784656773
4.155339256876466     0.06274955094167804
4.199646340248879     0.06330656302885157
4.243953423621296     0.0637991480128542
4.2882605069937085     0.06300976346988629
4.332567590366125     0.05983997519320383
4.376874673738538     0.0539248600365347
4.421181757110951     0.045836795514965764
4.465488840483367     0.036788235691192855
4.50979592385578     0.028080436860536014
4.554103007228196     0.020651532848774346
4.598410090600609     0.014917954488967286
4.6427171739730255     0.010864561199299936
4.687024257345438     0.008221174141449225
4.731331340717855     0.0066061254474744785
4.775638424090268     0.005617392430367725
4.819945507462684     0.004901626975489928
4.864252590835097     0.004214176061107582
4.908559674207513     0.0034511220204958212
4.952866757579926     0.002633034192448286
4.9971738409523425     0.0018477408625877146
5.041480924324755     0.001184399052000147
5.085788007697168     0.000690937385128509
5.130095091069585     0.0003661310291348882
5.1744021744419975     0.00017606124193771013
5.218709257814414     7.678903648163388e-05
5.263016341186827     3.036886794114004e-05
5.307323424559243     1.0889120719051915e-05
5.351630507931656     3.539657757332416e-06
5.395937591304072     1.0430813068676001e-06
5.440244674676485     2.786475895864541e-07
5.484551758048902     6.747896560100706e-08
5.5288588414213145     1.4813420268963055e-08
5.573165924793731     2.947914860297879e-09
5.617473008166144     5.317978823961898e-10
5.6617800915385565     8.6966109304493e-11
5.706087174910973     1.289214229708267e-11
5.750394258283386     1.7324937234839813e-12
5.794701341655802     2.11052128845896e-13
5.839008425028215     2.3306618650354595e-14
5.883315508400631     2.3331370890842567e-15
5.927622591773044     2.117252690558553e-16
5.971929675145461     1.7417129251659977e-17
6.0162367585178735     1.2988287696477025e-18
6.06054384189029     8.780083984249756e-20
6.104850925262703     5.3804399514064585e-21
6.149158008635119     2.9916619005494273e-22
6.193465092007532     2.133407689359853e-23
6.237772175379945     1.2870681542013148e-22
6.282079258752361     2.3646331106430597e-21
6.326386342124774     3.959239025870081e-20
6.3706934254971905     6.009474610878933e-19
6.415000508869603     8.26861913907472e-18
6.45930759224202     1.0313385229526059e-16
6.503614675614433     1.1661149539957669e-15
6.547921758986849     1.1952355525828593e-14
6.592228842359262     1.1105493010623279e-13
6.636535925731678     9.353941303644043e-13
6.680843009104091     7.142072292843422e-12
6.7251500924765075     4.9434156167762884e-11
6.76945717584892     3.1017297456390205e-10
6.813764259221333     1.7642318891539346e-09
6.85807134259375     9.096694396207023e-09
6.9023784259661625     4.251965361285191e-08
6.946685509338579     1.8016768614956199e-07
6.990992592710992     6.920692104999446e-07
7.035299676083408     2.409985018868658e-06
7.079606759455821     7.608200514351515e-06
7.123913842828237     2.1775561512257576e-05
7.16822092620065     5.650728151260177e-05
7.212528009573067     0.00013296383439210567
7.2568350929454795     0.00028374986044955576
7.301142176317896     0.0005493481359930388
7.345449259690309     0.0009654091574118171
7.389756343062725     0.0015415672754959047
7.434063426435138     0.0022407749906110824
7.478370509807551     0.002975058856394124
7.522677593179967     0.0036307170146716956
7.56698467655238     0.004119692767269902
7.6112917599247965     0.004432386120509482
7.655598843297209     0.0046573086436047925
7.699905926669626     0.004946236383125836
7.7442130100420385     0.005434352832048493
7.788520093414455     0.006153940957065581
7.832827176786868     0.00698905760310233
7.877134260159284     0.007701451425944625
7.921441343531697     0.008022550685575953
7.965748426904113     0.007769767519040198
8.010055510276526     0.006928385897888251
8.05436259364894     0.005656632443880461
8.098669677021356     0.0042146021891279984
8.142976760393768     0.0028598603304099885
8.187283843766185     0.0017650098426709377
8.231590927138598     0.000989853107553881
8.275898010511014     0.0005041261461651332
8.320205093883427     0.00023305808450549596
8.364512177255843     9.779920792691092e-05
8.408819260628256     3.737414057131712e-05
8.453126344000673     1.351299820246488e-05
8.497433427373085     6.399115186047592e-06
8.541740510745502     8.819884293983133e-06
8.586047594117915     2.293580394451858e-05
8.630354677490327     6.116096592311718e-05
8.674661760862744     0.0001510470268125155
8.718968844235157     0.0003425238311874666
8.763275927607573     0.0007133408263186561
8.807583010979986     0.0013654353461948665
8.851890094352402     0.002403708640953144
8.896197177724815     0.0038932072112404597
8.940504261097232     0.005803226692546253
8.984811344469644     0.007963425345462431
9.02911842784206     0.01006567095200923
9.073425511214474     0.011732370774246766
9.11773259458689     0.012636081203128677
9.162039677959303     0.012616760706757208
9.206346761331716     0.011733996004068258
9.250653844704132     0.010226437381221342
9.294960928076545     0.008407042962114936
9.339268011448961     0.006556796613554728
9.383575094821374     0.004866739630627588
9.42788217819379     0.0034355579759144223
9.472189261566204     0.00229632369224842
9.51649634493862     0.0014430875667168581
9.560803428311033     0.0008459598782132115
9.60511051168345     0.00045920843290079584
9.649417595055862     0.00022941893146521622
9.693724678428278     0.0001049996486139361
9.738031761800691     4.387554148132542e-05
9.782338845173108     1.669977281329798e-05
9.82664592854552     5.780347440560573e-06
9.870953011917933     1.8175371932344052e-06
9.91526009529035     5.187840867497907e-07
9.959567178662763     1.3436080147509934e-07
10.003874262035179     3.160767420634884e-08
10.048181345407592     7.103289397480664e-09
10.092488428780008     4.126028997170397e-09
10.136795512152421     1.9309736192620044e-08
10.181102595524838     1.1678766027964043e-07
10.225409678897254     6.47544904091523e-07
10.269716762269663     3.2556799559430745e-06
10.31402384564208     1.4838441345501553e-05
10.358330929014496     6.130648569362937e-05
10.402638012386905     0.00022961279023699888
10.446945095759322     0.0007795740015021543
10.491252179131738     0.0023993327183184938
10.535559262504155     0.006694159280117294
10.579866345876564     0.016930719990166054
10.62417342924898     0.038817892060969694
10.668480512621397     0.08068142445484151
10.712787595993813     0.15202652033776543
10.757094679366222     0.2597259111241858
10.801401762738639     0.40241293895569075
10.845708846111055     0.5657907517804337
10.890015929483472     0.7229504323921724
10.93432301285588     0.8424916416826346
10.978630096228297     0.9029034237505161
11.022937179600714     0.9067208512526899
11.067244262973123     0.8862069469008583
11.11155134634554     0.8955947911808524
11.155858429717956     0.9914848396530923
11.200165513090372     1.2090716030932862
11.244472596462781     1.5446913332062184
11.288779679835198     1.9538347130871694
11.333086763207614     2.368195499232519
11.37739384658003     2.7263187889801888
11.42170092995244     3.003367780047741
11.466008013324856     3.2226046270639697
11.510315096697273     3.4391893554566773
11.554622180069689     3.7035882677906766
11.598929263442098     4.026749701456743
11.643236346814515     4.37012595896164
11.687543430186931     4.667442143172997
11.73185051355934     4.862861802398329
11.776157596931757     4.939687448711169
11.820464680304173     4.923625178270425
11.86477176367659     4.865261615572338
11.909078847048999     4.818784803050583
11.953385930421415     4.829179807138972
11.997693013793832     4.927395043148729
12.042000097166248     5.1274238005536255
12.086307180538657     5.424292297744539
12.130614263911074     5.7975663329571185
12.17492134728349     6.222130200128081
12.2192284306559     6.679820756262343
12.263535514028316     7.162411188809042
12.307842597400732     7.663013192477047
12.352149680773149     8.163104656906896
12.396456764145558     8.626619120294665
12.440763847517974     9.00752770766532
12.48507093089039     9.267849361837007
12.529378014262807     9.39628516869389
12.573685097635217     9.417320977179347
12.617992181007633     9.38544278502131
12.66229926438005     9.365880962469383
12.706606347752466     9.409495353441855
12.750913431124875     9.532843576037473
12.795220514497291     9.712681568657372
12.839527597869708     9.896626090242663
12.883834681242117     10.022746075699638
12.928141764614534     10.037420961009596
12.97244884798695     9.905717704951625
13.016755931359366     9.616650611910394
13.061063014731776     9.188796909566808
13.105370098104192     8.677153685591865
13.149677181476608     8.175164142027327
13.193984264849025     7.803964393707092
13.238291348221434     7.686436602533121
13.28259843159385     7.912424315525009
13.326905514966267     8.507283901664897
13.371212598338676     9.415709567079544
13.415519681711093     10.507730586568965
13.459826765083509     11.6069600300428
13.504133848455925     12.534505257546416
13.548440931828335     13.156330528162298
13.592748015200751     13.419133641375172
13.637055098573168     13.362639270362612
13.681362181945584     13.104856870580132
13.725669265317993     12.806996692813746
13.76997634869041     12.63058288900059
13.814283432062826     12.698863431264936
13.858590515435242     13.070797192049584
13.902897598807652     13.732226265087245
13.947204682180068     14.605705800386358
13.991511765552485     15.576291542606024
14.035818848924894     16.525344919273227
14.08012593229731     17.36063076861474
14.124433015669727     18.031766234659987
14.168740099042143     18.526660757941205
14.213047182414552     18.854534510637375
14.257354265786969     19.028167285518116
14.301661349159385     19.056000992645995
14.345968432531802     18.944351690822195
14.39027551590421     18.701057110419782
14.434582599276627     18.334193748249852
14.478889682649044     17.850603781377608
14.52319676602146     17.26472941481243
14.56750384939387     16.618878386114165
14.611810932766286     15.999454323012339
14.656118016138702     15.528444902815341
14.700425099511111     15.324262123589602
14.744732182883528     15.449547644306797
14.789039266255944     15.87577089104697
14.83334634962836     16.485651115674674
14.87765343300077     17.1121962999384
14.921960516373186     17.593563626774223
14.966267599745603     17.817663553929787
15.01057468311802     17.74026587985474
15.054881766490428     17.376977371235228
15.099188849862845     16.781647610650587
15.143495933235261     16.02490535870457
15.18780301660767     15.179054179283908
15.232110099980087     14.308187567069425
15.276417183352503     13.461470195872067
15.32072426672492     12.670999073332657
15.365031350097329     11.956607810026703
15.409338433469745     11.335759960779649
15.453645516842162     10.832129938769857
15.497952600214578     10.477262883953077
15.542259683586988     10.304794525941704
15.586566766959404     10.340191897273465
15.63087385033182     10.588608589219614
15.675180933704237     11.02339667187788
15.719488017076646     11.581122905155919
15.763795100449062     12.17085110053481
15.808102183821479     12.698977261096228
15.852409267193888     13.098448310637972
15.896716350566304     13.345317278329132
15.941023433938721     13.454821738265924
15.985330517311137     13.465884117467956
16.029637600683547     13.429901106722019
16.073944684055963     13.409239142032181
16.11825176742838     13.474245283422821
16.162558850800796     13.68357298576523
16.206865934173205     14.047848910584252
16.25117301754562     14.498422014564014
16.295480100918038     14.890352706240021
16.339787184290454     15.051594285034826
16.384094267662864     14.858382743183752
16.42840135103528     14.293888159773596
16.472708434407696     13.452853270701961
16.517015517780106     12.488574785411158
16.561322601152522     11.53743398503617
16.60562968452494     10.671425913523057
16.649936767897355     9.908210251088589
16.694243851269764     9.265486204895286
16.73855093464218     8.812939751167942
16.782858018014597     8.675119935158358
16.827165101387013     8.972939340351266
16.871472184759423     9.736864208621034
16.91577926813184     10.849987028104696
16.960086351504255     12.065112114002233
17.004393434876665     13.09374625423967
17.04870051824908     13.717371329517409
17.093007601621498     13.857200661960746
17.137314684993914     13.569083795027442
17.181621768366323     12.981833063787432
17.22592885173874     12.229673023637451
17.270235935111156     11.419765688851195
17.314543018483572     10.6372571083365
17.35885010185598     9.958907949784649
17.403157185228398     9.44752848867201
17.447464268600815     9.127102476444934
17.49177135197323     8.963678900507366
17.53607843534564     8.875877085792617
17.580385518718057     8.773594831387596
17.624692602090473     8.599051358389486
17.668999685462882     8.343282274589683
17.7133067688353     8.032803466384374
17.757613852207715     7.7037019891867375
17.80192093558013     7.384205030967867
17.84622801895254     7.092680308257387
17.890535102324957     6.843192087098192
17.934842185697374     6.64871461492596
17.97914926906979     6.520108122961315
18.0234563524422     6.464580182594036
18.067763435814616     6.484365407709223
18.112070519187032     6.5710980540008475
18.15637760255944     6.693666287977391
18.200684685931858     6.78753782947092
18.244991769304274     6.760509428428692
18.28929885267669     6.52271265768356
18.3336059360491     6.029906074916503
18.377913019421516     5.3142045549381285
18.422220102793933     4.480100358556461
18.46652718616635     3.6650968221129316
18.51083426953876     2.9870326905657563
18.555141352911175     2.5067397485767136
18.59944843628359     2.2216554442073058
18.643755519656008     2.0855083666823
18.688062603028417     2.036686566659234
18.732369686400833     2.0194660335343313
18.77667676977325     1.9924458585713007
18.82098385314566     1.9279006057523977
18.865290936518075     1.8089768502341097
18.909598019890492     1.6292454019686136
18.95390510326291     1.3945433428783647
18.998212186635318     1.1237723741797274
19.042519270007734     0.8453932861949714
19.08682635338015     0.5894859460078218
19.131133436752567     0.37881513359808106
19.175440520124976     0.22335072965438194
19.219747603497392     0.12041982431120471
19.26405468686981     0.05922233495755646
19.308361770242225     0.026519803016954675
19.352668853614635     0.010799330862282132
19.39697593698705     0.003995928675317513
19.441283020359467     0.0013441389776874708
19.485590103731877     0.0004152103140642782
19.529897187104293     0.0001290012021745327
19.57420427047671     6.567512511596193e-05
19.618511353849126     8.614318878345594e-05
19.662818437221535     0.00015643688090262705
19.70712552059395     0.0002761805497376086
19.751432603966368     0.00045099893489056403
19.795739687338784     0.0006823139207801967
19.840046770711194     0.0009661900041551339
19.88435385408361     0.0012981442274041122
19.928660937456026     0.001678735570015204
19.972968020828436     0.0021124442433908142
20.017275104200852     0.002595989503248187
20.06158218757327     0.0031018228060517737
20.105889270945685     0.0035702464258108514
20.150196354318094     0.0039205894073115755
20.19450343769051     0.004078484559175026
20.238810521062927     0.004003825518884434
20.283117604435343     0.003703781134887695
20.327424687807753     0.0032267123657905615
20.37173177118017     0.0026446061360856777
20.416038854552585     0.0020343534300453947
20.460345937925002     0.001463295977096928
20.50465302129741     0.0009796491603729486
20.548960104669828     0.0006076979457183444
20.593267188042244     0.000348647667672444
20.637574271414653     0.0001872442139504923
20.68188135478707     0.00010192633737119881
20.726188438159486     7.48466542461139e-05
20.770495521531902     9.875685746465635e-05
20.814802604904312     0.0001793437182145877
20.859109688276728     0.00033269377151775854
20.903416771649145     0.0005782489652915531
20.94772385502156     0.0009289815199918685
20.99203093839397     0.0013826164812772764
21.036338021766387     0.0019185242895093328
21.080645105138803     0.0025020014436740036
21.12495218851122     0.0030918568404680307
21.16925927188363     0.00364377489572071
21.213566355256045     0.004106133658484083
21.25787343862846     0.004415037089702548
21.30218052200087     0.004501248013923534
21.346487605373287     0.004314536029201801
