-21.860701138704417     1.5449595840651
-21.816393859968215     1.9096827198753779
-21.772086581232017     2.261543875203095
-21.727779302495815     2.5673887212722315
-21.683472023759613     2.796869657615268
-21.639164745023415     2.936527518917567
-21.594857466287213     3.001567173200512
-21.55055018755101     3.0360468520542256
-21.506242908814812     3.098402847935361
-21.46193563007861     3.238794993209159
-21.417628351342408     3.479988325666304
-21.37332107260621     3.810384224812671
-21.329013793870008     4.189572101473823
-21.284706515133806     4.560625423811503
-21.240399236397607     4.8638354223653835
-21.196091957661405     5.051312760680603
-21.151784678925203     5.104235843031097
-21.107477400189005     5.050591591143049
-21.063170121452803     4.974298450255906
-21.0188628427166     5.004137916817041
-20.974555563980402     5.277740492796999
-20.9302482852442     5.889699591546842
-20.885941006508     6.8455544862911895
-20.8416337277718     8.045781819129688
-20.797326449035598     9.312058014247787
-20.753019170299396     10.447037365144858
-20.708711891563198     11.301153824368715
-20.664404612826996     11.816854202084954
-20.620097334090794     12.033805867751479
-20.575790055354595     12.058745379570915
-20.531482776618393     12.018204616420345
-20.48717549788219     12.01475976333092
-20.442868219145993     12.100274696180259
-20.39856094040979     12.270311830007701
-20.35425366167359     12.477683189801441
-20.30994638293739     12.659624346248425
-20.26563910420119     12.769378890900551
-20.221331825464986     12.79930036200352
-20.177024546728788     12.783513529410332
-20.132717267992586     12.777277883099133
-20.088409989256384     12.823826299415723
-20.044102710520185     12.927872751697386
-19.999795431783983     13.050893244607497
-19.95548815304778     13.12922112674902
-19.911180874311583     13.102579371330274
-19.86687359557538     12.93724911212372
-19.82256631683918     12.635093135165326
-19.77825903810298     12.229625519011211
-19.73395175936678     11.775360354326798
-19.689644480630577     11.335061959179457
-19.645337201894378     10.965867859175033
-19.601029923158176     10.704978664301507
-19.556722644421974     10.559060882198787
-19.512415365685776     10.503536071516823
-19.468108086949574     10.493792115925975
-19.42380080821337     10.482048785375966
-19.379493529477173     10.429040931949297
-19.33518625074097     10.304500006876376
-19.29087897200477     10.081223604407986
-19.24657169326857     9.734290032833785
-19.20226441453237     9.252543421172403
-19.157957135796167     8.656730785555744
-19.11364985705997     8.008636885819808
-19.069342578323766     7.39812097658841
-19.025035299587564     6.909922348490833
-18.980728020851366     6.588220257985151
-18.936420742115164     6.420701119547311
-18.892113463378962     6.351406858848398
-18.847806184642764     6.312621431891917
-18.80349890590656     6.255327944274448
-18.75919162717036     6.162227730159507
-18.71488434843416     6.041062445240266
-18.67057706969796     5.907471388720533
-18.626269790961757     5.769091547017837
-18.58196251222556     5.617754402431032
-18.537655233489357     5.43040046011661
-18.493347954753155     5.176062225260577
-18.449040676016956     4.826151565342024
-18.404733397280754     4.36576194764767
-18.360426118544552     3.802850181435494
-18.316118839808354     3.171094561994339
-18.271811561072152     2.523659072686182
-18.22750428233595     1.9194878558611408
-18.18319700359975     1.4079111790028551
-18.13888972486355     1.0177619019021247
-18.094582446127347     0.7539773434242657
-18.05027516739115     0.6009482561264994
-18.005967888654947     0.5300790610156065
-17.961660609918745     0.5088623902414484
-17.917353331182547     0.5089510464951023
-17.873046052446345     0.5110422059606893
-17.828738773710143     0.5055347255434421
-17.784431494973944     0.48979552407681237
-17.740124216237742     0.4642866369369538
-17.69581693750154     0.42975730779983967
-17.65150965876534     0.3864444599110213
-17.60720238002914     0.3348330453124889
-17.562895101292938     0.276820516419391
-17.51858782255674     0.216216795595566
-17.474280543820537     0.15811464417431412
-17.429973265084335     0.10742501007021586
-17.385665986348137     0.06738850456513364
-17.341358707611935     0.03884212116303246
-17.297051428875733     0.020495251608117538
-17.252744150139534     0.009872863268458768
-17.208436871403332     0.004333090117688842
-17.16412959266713     0.0017301485018280504
-17.119822313930932     0.0006278344267846504
-17.07551503519473     0.00020689900940289567
-17.031207756458528     6.188606106567375e-05
-16.98690047772233     1.6795209873478494e-05
-16.942593198986128     4.134482851026218e-06
-16.898285920249926     9.230370454630918e-07
-16.853978641513727     1.868625553111906e-07
-16.809671362777525     3.4299724164937e-08
-16.765364084041327     5.708158994761646e-09
-16.721056805305125     8.612294321573373e-10
-16.676749526568923     1.1779997468777896e-10
-16.632442247832724     1.4607145633269956e-11
-16.588134969096522     1.6419977011399271e-12
-16.54382769036032     1.6732544270887935e-13
-16.499520411624122     1.545718227494645e-14
-16.45521313288792     1.294420065356123e-15
-16.410905854151718     9.826414138614875e-17
-16.36659857541552     6.762210063461468e-18
-16.322291296679317     4.2184723882492384e-19
-16.277984017943115     2.3855809436131854e-20
-16.233676739206917     1.222939856534445e-21
-16.189369460470715     5.68313221218294e-23
-16.145062181734513     2.3940981058239137e-24
-16.100754902998315     9.142553553959877e-26
-16.056447624262113     3.1649319281094846e-27
-16.01214034552591     9.931902734011546e-29
-15.967833066789712     2.8253465075698264e-30
-15.92352578805351     7.285881820383389e-32
-15.879218509317308     1.7031921583467383e-33
-15.83491123058111     3.609294171393313e-35
-15.790603951844908     7.2546865089538194e-37
-15.746296673108706     1.888486697640612e-36
-15.701989394372507     9.931201368700487e-35
-15.657682115636305     4.764805149250669e-33
-15.613374836900103     2.0723411395007757e-31
-15.569067558163905     8.170517050236199e-30
-15.524760279427703     2.9201851467599263e-28
-15.480453000691503     9.46115758383092e-27
-15.436145721955302     2.778765205741842e-25
-15.3918384432191     7.398334698541528e-24
-15.3475311644829     1.7856312810127562e-22
-15.3032238857467     3.9068505848123015e-21
-15.258916607010498     7.748917642226343e-20
-15.214609328274298     1.3932761480233456e-18
-15.170302049538098     2.2710089890635593e-17
-15.125994770801896     3.355759014695055e-16
-15.081687492065695     4.495306334617715e-15
-15.037380213329495     5.45924898700091e-14
-14.993072934593293     6.010670041750037e-13
-14.948765655857093     5.99990413296605e-12
-14.904458377120893     5.430218006704618e-11
-14.86015109838469     4.4562398379712406e-10
-14.81584381964849     3.316148282043867e-09
-14.77153654091229     2.238005233415191e-08
-14.727229262176088     1.3699778595463298e-07
-14.682921983439888     7.608093263714633e-07
-14.638614704703688     3.834071569404207e-06
-14.594307425967486     1.7539428230068612e-05
-14.550000147231286     7.286813975087112e-05
-14.505692868495085     0.0002750960691098397
-14.461385589758883     0.0009444754329550876
-14.417078311022683     0.0029518089254463712
-14.372771032286483     0.008408631858011766
-14.328463753550281     0.02186677942628842
-14.28415647481408     0.05201104230964141
-14.23984919607788     0.11340429683592232
-14.195541917341679     0.22723505198577568
-14.151234638605478     0.4195459475119499
-14.106927359869278     0.7155697030684903
-14.062620081133076     1.1299075795061067
-14.018312802396876     1.654302172848683
-13.974005523660676     2.2471964335062817
-13.929698244924474     2.8311555866043574
-13.885390966188274     3.3038873762197394
-13.841083687452073     3.5641955862774823
-13.796776408715871     3.5459163285647377
-13.752469129979671     3.2450889942870207
-13.70816185124347     2.725210752328564
-13.663854572507269     2.0955616033947404
-13.619547293771069     1.4727110033478854
-13.575240015034868     0.944475359300533
-13.530932736298666     0.5521251291396408
-13.486625457562466     0.2941816348157052
-13.442318178826266     0.14363695592353234
-13.398010900090064     0.06696852490296136
-13.353703621353864     0.03737546732823656
-13.309396342617664     0.040846831123542544
-13.265089063881462     0.07727859843985524
-13.220781785145261     0.15874506471900315
-13.176474506409061     0.30496295612238816
-13.13216722767286     0.5346833432654025
-13.087859948936659     0.8532011319947106
-13.043552670200459     1.240232713866017
-12.999245391464257     1.6460037731349688
-12.954938112728057     2.0019935683657075
-12.910630833991856     2.244663766487664
-12.866323555255654     2.3403069426603325
-12.822016276519454     2.2957550906425337
-12.777708997783254     2.148055192548723
-12.733401719047052     1.9409594942512856
-12.689094440310852     1.704939831067918
-12.644787161574651     1.4527875207063883
-12.60047988283845     1.1893518244904928
-12.55617260410225     0.9238123778694922
-12.511865325366049     0.6738528086992936
-12.467558046629847     0.4600983817684757
-12.423250767893647     0.29704576492959683
-12.378943489157447     0.1876337383463416
-12.334636210421245     0.12408817939143506
-12.290328931685044     0.09292811244701771
-12.246021652948844     0.08042357738127776
-12.201714374212642     0.07604516589881219
-12.157407095476442     0.07344811607786984
-12.113099816740242     0.06979024107049907
-12.06879253800404     0.06446059054314159
-12.02448525926784     0.05799930567752655
-11.98017798053164     0.051511068706919606
-11.935870701795437     0.04645543144914301
-11.891563423059237     0.04450361246744296
-11.847256144323037     0.047248958619882424
-11.802948865586837     0.05583032507043675
-11.758641586850635     0.07072744163836016
-11.714334308114434     0.09193576227464033
-11.670027029378234     0.11947229961166789
-11.625719750642032     0.1539317916319909
-11.581412471905832     0.1967917532692367
-11.537105193169632     0.25031890953917635
-11.49279791443343     0.3170658577134941
-11.44849063569723     0.39898174992833374
-11.40418335696103     0.49623952137013744
-11.359876078224827     0.6061410660022695
-11.315568799488627     0.7227174878063766
-11.271261520752427     0.8375008122396026
-11.226954242016225     0.9413141116308829
-11.182646963280025     1.0262822148742021
-11.138339684543825     1.0872091414964178
-11.094032405807623     1.1220458755526526
-11.049725127071422     1.1317830892971987
-11.005417848335222     1.1201849630129121
-10.96111056959902     1.093453191728469
-10.91680329086282     1.0597862460777192
-10.87249601212662     1.029135203820563
-10.828188733390418     1.013683931464934
-10.783881454654217     1.0289140460201691
-10.739574175918017     1.09372556424247
-10.695266897181815     1.227410806406319
-10.650959618445615     1.4427349624331516
-10.606652339709415     1.7375565930934853
-10.562345060973213     2.08988135217048
-10.518037782237013     2.4605175088344535
-10.473730503500812     2.8035290441302925
-10.42942322476461     3.080119742565799
-10.38511594602841     3.2696145756901296
-10.34080866729221     3.372958057139731
-10.296501388556008     3.4080840462094266
-10.252194109819808     3.400063889223067
-10.207886831083608     3.370553495957057
-10.163579552347406     3.3307317970805874
-10.119272273611205     3.280289854669484
-10.074964994875005     3.2125979990130453
-10.030657716138803     3.123593295129433
-9.986350437402603     3.0202952667577483
-9.942043158666403     2.92503569497517
-9.8977358799302     2.8732527497355718
-9.853428601194     2.905174881492207
-9.8091213224578     3.054363290099763
-9.764814043721598     3.3383156671919214
-9.720506764985398     3.7564062768167115
-9.676199486249198     4.296409192077557
-9.631892207512996     4.944014381344465
-9.587584928776796     5.685970196263822
-9.543277650040595     6.502474930461225
-9.498970371304393     7.356176400143993
-9.454663092568193     8.192654139863071
-9.410355813831993     8.960320193600484
-9.366048535095791     9.63927043876265
-9.32174125635959     10.255561965729076
-9.27743397762339     10.864834720329434
-9.233126698887189     11.513689409411096
-9.188819420150988     12.20757476748729
-9.144512141414788     12.910841580143032
-9.100204862678588     13.579383871152787
-9.055897583942386     14.19983968424474
-9.011590305206186     14.803823091464832
-8.967283026469985     15.446165033151159
-8.922975747733783     16.166625981112357
-8.878668468997583     16.969905447391977
-8.834361190261383     17.844435361936423
-8.790053911525181     18.805757293918436
-8.74574663278898     19.923546176013705
-8.70143935405278     21.297294606714818
-8.657132075316579     22.983354658511995
-8.612824796580378     24.917482860965574
-8.568517517844178     26.889236248535955
-8.524210239107976     28.596025981362097
-8.479902960371776     29.754475296685076
-8.435595681635576     30.209958644333522
-8.391288402899374     29.98668716694541
-8.346981124163174     29.25781239777925
-8.302673845426973     28.26108245587304
-8.258366566690771     27.210408982521365
-8.214059287954571     26.2447867356535
-8.16975200921837     25.42484915011237
-8.125444730482169     24.75795328443013
-8.081137451745969     24.223189870310645
-8.036830173009768     23.779415097476814
-7.992522894273566     23.35955441787524
-7.948215615537366     22.86757413131789
-7.903908336801166     22.192627956734892
-7.859601058064964     21.240763258324794
-7.815293779328764     19.96902380488324
-7.770986500592564     18.401841094197408
-7.726679221856362     16.61993890127087
-7.682371943120161     14.72989953533365
-7.638064664383961     12.833300731965847
-7.593757385647759     11.009743989861969
-7.549450106911559     9.314786056512867
-7.505142828175359     7.785442300501792
-7.460835549439157     6.4477966211748745
-7.4165282707029565     5.325768393150802
-7.372220991966756     4.4487152697186225
-7.327913713230554     3.8507616715335837
-7.283606434494354     3.55637311185086
-7.239299155758154     3.5578295074230537
-7.194991877021952     3.80112655128731
-7.150684598285752     4.194701815555726
-7.106377319549551     4.638966695885682
-7.062070040813349     5.057204505878096
-7.017762762077149     5.4060725977360145
-6.973455483340949     5.6603429654090744
-6.929148204604747     5.7883334577096965
-6.884840925868547     5.742661086036947
-6.840533647132347     5.47784579817429
-6.796226368396145     4.982989529273347
-6.751919089659944     4.304248554855097
-6.707611810923744     3.539144208347732
-6.663304532187542     2.805837721696708
-6.618997253451342     2.207601843374998
-6.574689974715142     1.8133816838977992
-6.53038269597894     1.6615231679936793
-6.4860754172427395     1.7774665277618356
-6.441768138506539     2.1882392554272063
-6.397460859770337     2.919813981171424
-6.353153581034137     3.9743626419639497
-6.308846302297937     5.297596276547752
-6.264539023561735     6.755732838663217
-6.220231744825535     8.141418259117884
-6.175924466089334     9.215936664238015
-6.131617187353134     9.776314265114014
-6.087309908616932     9.721001627878588
-6.043002629880732     9.08566019197626
-5.998695351144532     8.032623246327816
-5.95438807240833     6.797770362895226
-5.91008079367213     5.617145202399862
-5.865773514935929     4.663646228834606
-5.821466236199729     4.017317992247596
-5.777158957463527     3.674854291040968
-5.732851678727325     3.5852140527530225
-5.688544399991127     3.6890572634841723
-5.644237121254925     3.9434107494285664
-5.599929842518723     4.324919585548874
-5.555622563782524     4.817240330624019
-5.511315285046322     5.394618589356087
-5.46700800631012     6.012805770313168
-5.422700727573922     6.612281200404977
-5.37839344883772     7.131200769849562
-5.334086170101518     7.520353884910911
-5.289778891365319     7.7518693520834985
-5.245471612629117     7.817629174790184
-5.201164333892915     7.720229812512549
-5.156857055156717     7.46462705956587
-5.112549776420515     7.057999194921743
-5.068242497684313     6.518425705853013
-5.023935218948115     5.884877142381484
-4.979627940211913     5.218618514435538
-4.935320661475711     4.591613970989786
-4.891013382739512     4.066421170540952
-4.84670610400331     3.677762133743459
-4.802398825267108     3.425182428802354
-4.75809154653091     3.2802758190332364
-4.713784267794708     3.204460420781149
-4.669476989058506     3.1679377457296045
-4.625169710322307     3.159968532521132
-4.580862431586105     3.185605802086762
-4.536555152849903     3.252088611179243
-4.492247874113705     3.3543846534767243
-4.447940595377503     3.4695907773984094
-4.403633316641301     3.5636485673416347
-4.359326037905102     3.60545962921397
-4.3150187591689     3.579122202997996
-4.270711480432698     3.487604193169425
-4.2264042016965     3.347963433817915
-4.182096922960298     3.183384455738416
-4.137789644224096     3.017198827964128
-4.093482365487898     2.8700625382500693
-4.049175086751696     2.757932484608834
-4.004867808015494     2.6885505232653797
-3.960560529279295     2.6572695781891476
-3.916253250543093     2.645908553354675
-3.871945971806891     2.6278225870299488
-3.8276386930706927     2.578440801005522
-3.7833314143344907     2.4862454678852077
-3.7390241355982887     2.358109159600984
-3.6947168568620903     2.2159609114502135
-3.6504095781258883     2.0865897995978626
-3.6061022993896863     1.9898238816241818
-3.561795020653488     1.9307892741416661
-3.517487741917286     1.899825080637099
-3.473180463181084     1.879994296803256
-3.4288731844448854     1.8582513311593738
-3.3845659057086834     1.8339802430859475
-3.3402586269724814     1.8196372757207775
-3.295951348236283     1.83274337577026
-3.251644069500081     1.8838681747465138
-3.207336790763879     1.9677878037900718
-3.1630295120276806     2.0629118690652635
-3.1187222332914786     2.1390317598052873
-3.0744149545552766     2.1689937360795377
-3.030107675819078     2.138573995588984
-2.985800397082876     2.0506128654124076
-2.941493118346674     1.9225744163767733
-2.8971858396104757     1.7793608626386916
-2.8528785608742737     1.6446207532307835
-2.8085712821380717     1.533872074469674
-2.7642640034018733     1.451674029869985
-2.7199567246656713     1.3932157121184605
-2.6756494459294693     1.3488470287511583
-2.631342167193271     1.3091509120104818
-2.587034888457069     1.2684721901345783
-2.542727609720867     1.2259263139835386
-2.4984203309846684     1.184088459390664
-2.4541130522484664     1.1463921134769761
-2.4098057735122644     1.1146503618697616
-2.365498494776066     1.0879714244654826
-2.321191216039864     1.0635913321807384
-2.276883937303662     1.039029833996896
-2.2325766585674636     1.0141335641280493
-2.1882693798312616     0.9916022181176378
-2.1439621010950596     0.9755170900953651
-2.099654822358861     0.9686138466445563
-2.055347543622659     0.9698326324903664
-2.011040264886457     0.9736336901652357
-1.9667329861502587     0.9717177810096121
-1.9224257074140567     0.9565072595435073
-1.8781184286778583     0.9246459153206623
-1.8338111499416563     0.878563494846172
-1.7895038712054543     0.8251603029561271
-1.7451965924692558     0.7724090153447692
-1.7008893137330539     0.7259623145634664
-1.6565820349968519     0.6877104811426913
-1.6122747562606534     0.6567583292077424
-1.5679674775244514     0.6316355768977446
-1.5236601987882494     0.6119195618399552
-1.479352920052051     0.5981396575117567
-1.435045641315849     0.5901981069521032
-1.390738362579647     0.5856254743999015
-1.3464310838434486     0.5791531735652109
-1.3021238051072466     0.5642556275525884
-1.2578165263710446     0.5359784636778665
-1.2135092476348461     0.4933956884800531
-1.1692019688986441     0.44017077507020114
-1.1248946901624421     0.3829119678751258
-1.0805874114262437     0.328409297829451
-1.0362801326900417     0.28136589196664663
-0.9919728539538397     0.24361224572259801
-0.9476655752176413     0.21468775042228333
-0.9033582964814393     0.19298124013516338
-0.8590510177452373     0.17667282540558382
-0.8147437390090388     0.16418843100902966
-0.7704364602728369     0.15427707304668203
-0.7261291815366349     0.14593682190495139
-0.6818219028004364     0.13833959676846921
-0.6375146240642344     0.13080219968197931
-0.5932073453280324     0.12279606469124683
-0.548900066591834     0.11397317277867823
-0.504592787855632     0.10418910062922433
-0.46028550911943     0.09351544711571236
-0.41597823038323156     0.08224037616312156
-0.37167095164702957     0.0708472370119768
-0.3273636729108276     0.05994799430113386
-0.28305639417462913     0.05015711323079726
-0.23874911543842714     0.04193053481372014
-0.19444183670222515     0.03543430228452604
-0.1501345579660267     0.030508579606855716
-0.10582727922982471     0.026747158570192928
-0.06152000049362272     0.023652682016727065
-0.017212721757424276     0.02079565318688587
0.027094556978777717     0.017916860137913385
0.07140183571497971     0.014951679696787087
0.11570911445117815     0.011991868429064623
0.16001639318738015     0.009217076571668452
0.20432367192358214     0.006824126431319964
0.24863095065978058     0.004968905876094491
0.2929382293959826     0.0037256521734796394
0.33724550813218457     0.003065938558430528
0.381552786868383     0.0028614246425583225
0.425860065604585     0.002913823406979103
0.470167344340787     0.0030083106428617384
0.5144746230769854     0.0029746777519792478
0.5587819018131874     0.0027322251088749737
0.6030891805493894     0.002298705919616526
0.6473964592855879     0.0017612427454185252
0.6917037380217899     0.001227271324313412
0.7360110167579919     0.0007822575527054966
0.7803182954941903     0.00047349982900163264
0.8246255742303923     0.0003237671667697436
0.8689328529665943     0.0003664437696884819
0.9132401317027927     0.0006891468538428812
0.9575474104389947     0.0014697400764272645
1.0018546891751967     0.002981068541766926
1.0461619679113952     0.005533508187150701
1.0904692466475971     0.009335737550590804
1.1347765253837991     0.014300096218699357
1.1790838041199976     0.019886804840822895
1.2233910828561996     0.025118430768063926
1.2676983615924016     0.02884240228346501
1.3120056403286     0.030173863185325146
1.356312919064802     0.028904025857969667
1.400620197801004     0.025634180376872446
1.4449274765372024     0.021536144553417416
1.4892347552734044     0.017855854036519396
1.5335420340096064     0.015416772271257146
1.5778493127458049     0.014359358711936086
1.6221565914820069     0.014207954524178026
1.6664638702182089     0.014189202675523354
1.7107711489544073     0.013622304424781611
1.7550784276906093     0.01219558357074831
1.7993857064268113     0.010025074212567335
1.8436929851630097     0.00751260117522165
1.8880002638992117     0.005115976406908197
1.9323075426354137     0.003161595992779939
1.9766148213716122     0.0017722185852151108
2.020922100107814     0.000901671356155595
2.065229378844016     0.00041913940023939627
2.1095366575802146     0.00018652570831200003
2.1538439363164166     0.00010246379382432303
2.1981512150526186     0.00011532283542571211
2.242458493788817     0.0002190693376261513
2.286765772525019     0.0004423644957198575
2.331073051261221     0.0008332275162043008
2.3753803299974194     0.0014381784988250525
2.4196876087336214     0.0022793784181425873
2.4639948874698234     0.0033416877069017263
2.508302166206022     0.004583249777280527
2.552609444942224     0.005969309444512313
2.596916723678426     0.007504579455821881
2.6412240024146243     0.009227002691760619
2.6855312811508263     0.011147572479212753
2.7298385598870283     0.013170873067480448
2.7741458386232267     0.015067171617822029
2.8184531173594287     0.01654500585898823
2.8627603960956307     0.017396723734873956
2.907067674831829     0.017620259930685913
2.951374953568031     0.017426326834470034
2.995682232304233     0.017124674501259287
3.0399895110404316     0.016973839876245598
3.0842967897766336     0.017095033965306965
3.1286040685128356     0.0174831262677259
3.172911347249034     0.018066089409223968
3.217218625985236     0.018744963023832762
3.261525904721438     0.019395530305766247
3.3058331834576364     0.01986728824910416
3.3501404621938384     0.02001546405941032
3.3944477409300404     0.019755224117295446
3.438755019666239     0.019093362018869325
3.483062298402441     0.01811149932557705
3.527369577138643     0.01692242532738866
3.5716768558748413     0.015642924946144162
3.6159841346110433     0.014402047640934978
3.6602914133472417     0.013365680296747265
3.7045986920834437     0.01274635400945116
3.7489059708196457     0.01278277073710257
3.793213249555844     0.013688909792083868
3.837520528292046     0.015575262999194053
3.881827807028248     0.018352735167825467
3.9261350857644466     0.021657932824645912
3.9704423645006486     0.024864209136238404
4.014749643236851     0.027222321724133698
4.059056921973049     0.028098990924316523
4.103364200709251     0.027203824876346077
4.147671479445453     0.0246859194400396
4.191978758181651     0.02105664673310025
4.236286036917853     0.016994907843025073
4.280593315654055     0.013138697818372866
4.324900594390254     0.009940853973518876
4.369207873126456     0.00760979284426601
4.413515151862658     0.006119579983933951
4.457822430598856     0.005269550714826402
4.502129709335058     0.004778203968912033
4.54643698807126     0.0043888407969715
4.590744266807459     0.003951705481593888
4.635051545543661     0.003449748823912677
4.679358824279863     0.002960556696212058
4.723666103016061     0.002580607694340964
4.767973381752263     0.002356135777657753
4.812280660488465     0.002255844977615043
4.856587939224664     0.0021927076317595283
4.900895217960866     0.002074192387315066
4.945202496697068     0.00184844337165466
4.989509775433266     0.0015222389995989726
5.033817054169468     0.001146901554125301
5.07812433290567     0.0007867080538192205
5.122431611641868     0.000490164305932364
5.16673889037807     0.0002771039343906223
5.211046169114272     0.00014206925101493528
5.255353447850471     6.604104521814928e-05
5.299660726586673     2.7831599837967337e-05
5.343968005322875     1.0632896215153474e-05
5.388275284059073     3.6825137663421633e-06
5.432582562795275     1.1561444170662665e-06
5.476889841531477     3.2904297732250206e-07
5.521197120267676     8.489166379074597e-08
5.565504399003878     1.9854040576530077e-08
5.60981167774008     4.2092430490759015e-09
5.654118956476278     8.089659593150131e-10
5.69842623521248     1.4093783432101797e-10
5.742733513948682     2.2258506634558103e-11
5.787040792684881     3.1866585169596623e-12
5.831348071421083     4.135672120199048e-13
5.875655350157285     4.865502963060557e-14
5.919962628893483     5.1889615133278235e-15
5.964269907629685     5.016539361935091e-16
6.008577186365887     4.396418891435092e-17
6.052884465102085     3.492729666715341e-18
6.097191743838287     2.515371011089439e-19
6.141499022574489     1.6422897552623338e-20
6.185806301310688     1.0055607791750174e-21
6.23011358004689     7.376178098272224e-22
6.274420858783092     1.2629680544841683e-20
6.31872813751929     2.1085827878014213e-19
6.363035416255492     3.191928224309929e-18
6.407342694991694     4.3802132071609673e-17
6.451649973727893     5.4490334899990495e-16
6.495957252464095     6.145104643308808e-15
6.540264531200297     6.282453119468595e-14
6.584571809936495     5.822713751191719e-13
6.628879088672697     4.892443179395068e-12
6.673186367408899     3.726840316631365e-11
6.717493646145098     2.573855890629854e-10
6.7618009248813     1.611663261377996e-09
6.806108203617502     9.150292952501334e-09
6.8504154823537     4.710835365270111e-08
6.894722761089902     2.199403041516161e-07
6.939030039826104     9.313454437432004e-07
6.983337318562302     3.5775746119089135e-06
7.027644597298504     1.2469095768183613e-05
7.071951876034706     3.9443675476530465e-05
7.116259154770905     0.00011328845173862267
7.160566433507107     0.00029558714968157756
7.204873712243309     0.0007010973117734329
7.249180990979507     0.001513097226197259
7.293488269715709     0.0029750335689317556
7.337795548451911     0.005338033861514962
7.38210282718811     0.008760276333036597
7.426410105924312     0.013189540859928432
7.470717384660514     0.01829406838984745
7.515024663396712     0.02350522111135466
7.559331942132914     0.028181419672926318
7.603639220869116     0.03182365187647979
7.647946499605315     0.03422780715064813
7.692253778341517     0.035489110646747285
7.736561057077719     0.03586168906576202
7.780868335813917     0.03556064425661423
7.825175614550119     0.03462205375088265
7.869482893286321     0.03289822716767387
7.913790172022519     0.0301879472125436
7.958097450758721     0.026424704503861824
8.002404729494923     0.021809923719581275
8.046712008231122     0.016807779818818862
8.091019286967324     0.012001431465502805
8.135326565703526     0.00789395268042143
8.179633844439724     0.004762394687365004
8.223941123175926     0.0026269840952535474
8.268248401912128     0.0013218908105668537
8.312555680648327     0.0006058197217103602
8.356862959384529     0.00025276331355327534
8.40117023812073     9.676415132018904e-05
8.44547751685693     3.717826513107691e-05
8.489784795593131     2.5136089764587634e-05
8.534092074329333     4.9925893408910404e-05
8.578399353065532     0.0001361910871406821
8.622706631801734     0.00035583156093074226
8.667013910537936     0.0008522135072302124
8.711321189274134     0.0018654432419066178
8.755628468010336     0.0037356651004225518
8.799935746746538     0.006853663526147367
8.844243025482736     0.011537689186814725
8.888550304218938     0.01785158729417859
8.93285758295514     0.025432509449376445
8.977164861691339     0.033433052312173375
9.02147214042754     0.04066143494045536
9.065779419163743     0.0459111342742728
9.110086697899941     0.04835083359549043
9.154393976636143     0.04778167530334786
9.198701255372345     0.044627205327558164
9.243008534108544     0.03967982582853511
9.287315812844746     0.03377305987007083
9.331623091580948     0.02756690708599202
9.375930370317146     0.02151597809392191
9.420237649053348     0.015946828274709585
9.464544927789547     0.011122215033856173
9.508852206525749     0.0072332902475963495
9.55315948526195     0.004351788758666511
9.597466763998149     0.002407112643170523
9.641774042734351     0.0012185772622490027
9.686081321470553     0.0005628058688021309
9.730388600206751     0.00023663197271251685
9.774695878942953     9.044164367091982e-05
9.819003157679155     3.1392586504078065e-05
9.863310436415354     9.889521906658598e-06
9.907617715151556     2.8263994999411736e-06
9.951924993887758     7.326400146862373e-07
9.996232272623956     1.72310627753131e-07
10.040539551360158     3.755521667008905e-08
10.08484683009636     1.3448245687087106e-08
10.129154108832559     4.4137381248281575e-08
10.17346138756876     2.6259496456871574e-07
10.21776866630496     1.455096784844574e-06
10.262075945041165     7.314389931488768e-06
10.306383223777363     3.333062497909566e-05
10.350690502513562     0.00013768293260234756
10.394997781249767     0.0005155703049307715
10.439305059985966     0.0017501162882673893
10.483612338722164     0.0053853924984570735
10.52791961745837     0.01502241605967225
10.572226896194568     0.037987039631275525
10.616534174930766     0.08707779116482288
10.660841453666972     0.18095183783026644
10.70514873240317     0.3408944698214398
10.749456011139369     0.5822655137393865
10.793763289875574     0.9019236491719077
10.838070568611773     1.2676993663978944
10.882377847347971     1.6190683908312204
10.926685126084177     1.8852551112269573
10.970992404820375     2.0172994638822086
11.015299683556574     2.019617855896032
11.05960696229278     1.962730718606367
11.103914241028978     1.966234979082822
11.148221519765176     2.155681285083982
11.192528798501382     2.610337600743284
11.23683607723758     3.3248077542171584
11.281143355973779     4.20437866625883
11.325450634709984     5.101835384721812
11.369757913446183     5.8839531440206825
11.414065192182381     6.496175576946135
11.458372470918587     6.987554749146126
11.502679749654785     7.47552188165789
11.546987028390983     8.066569259858195
11.591294307127189     8.781282864748153
11.635601585863387     9.533773377389224
11.679908864599586     10.179871823775756
11.724216143335791     10.600083669506581
11.76852342207199     10.761124594795168
11.812830700808188     10.722119169757894
11.857137979544394     10.5963979587734
11.901445258280592     10.505901178489134
11.94575253701679     10.553716679095908
11.990059815752996     10.812335019005943
12.034367094489195     11.314182278536233
12.078674373225393     12.043822900281526
12.122981651961599     12.944607843758076
12.167288930697797     13.945335083244835
12.211596209433996     14.991889074381321
12.255903488170201     16.05992731265149
12.3002107669064     17.139760824269036
12.344518045642598     18.209497327021047
12.388825324378804     19.223086037840172
12.433132603115002     20.126911299681613
12.4774398818512     20.89493302426965
12.521747160587406     21.558157308646663
12.566054439323604     22.207967900150262
12.610361718059803     22.967732329327806
12.654668996796008     23.942143220935353
12.698976275532207     25.163922697708248
12.743283554268405     26.561588863511844
12.78759083300461     27.96624559051916
12.83189811174081     29.15708380423949
12.876205390477008     29.922980911619792
12.920512669213213     30.109656495900005
12.964819947949412     29.638049615042597
13.00912722668561     28.506161742579774
13.053434505421816     26.797039012653894
13.097741784158014     24.698449884259915
13.142049062894213     22.512288439107753
13.186356341630418     20.62251420804492
13.230663620366617     19.411166798669214
13.274970899102815     19.146931340300448
13.31927817783902     19.89284290417159
13.363585456575219     21.474317958156917
13.407892735311417     23.522258110614565
13.452200014047623     25.576033222818843
13.496507292783821     27.211369609349063
13.54081457152002     28.152683371225656
13.585121850256225     28.336861452022653
13.629429128992424     27.912998695793622
13.673736407728622     27.184557180142153
13.718043686464828     26.51780724739684
13.762350965201026     26.24592330672014
13.806658243937225     26.59242713758239
13.85096552267343     27.628091774022593
13.895272801409629     29.26754314191459
13.939580080145827     31.304821898569692
13.983887358882033     33.478153746383356
14.028194637618231     35.54431728331717
14.07250191635443     37.33767547628262
14.116809195090635     38.79308812037261
14.161116473826834     39.92645292855093
14.205423752563032     40.786566512881606
14.249731031299238     41.40622280446699
14.294038310035436     41.77757690757654
14.338345588771634     41.85725429564946
14.38265286750784     41.58732188272426
14.426960146244038     40.917162545916035
14.471267424980237     39.82623575936015
14.515574703716442     38.35623405253338
14.55988198245264     36.647436886690436
14.60418926118884     34.950895033865756
14.648496539925045     33.58503747627054
14.692803818661243     32.83536417482249
14.737111097397442     32.83893493001533
14.781418376133647     33.5160837595229
14.825725654869846     34.59135410716566
14.870032933606044     35.69634416685917
14.91434021234225     36.501268525927316
14.958647491078448     36.80884570915664
15.002954769814647     36.57152590708336
15.047262048550852     35.842529608711345
15.09156932728705     34.708490563765125
15.135876606023249     33.25069407713068
15.180183884759455     31.547020960803685
15.224491163495653     29.69017066052666
15.268798442231851     27.79112583008052
15.313105720968057     25.960823552453547
15.357412999704255     24.288942959895227
15.401720278440454     22.84047868229074
15.44602755717666     21.670837078027365
15.490334835912858     20.841894235351408
15.534642114649056     20.42088451732697
15.578949393385262     20.456852897397873
15.62325667212146     20.943582670490155
15.667563950857659     21.788190303566875
15.711871229593864     22.80928404706141
15.756178508330063     23.780398542053046
15.800485787066261     24.5080819001935
15.844793065802467     24.903773758177064
15.889100344538665     25.00429214147746
15.933407623274864     24.930568829920897
15.97771490201107     24.821596934817293
16.022022180747268     24.795078391795055
16.066329459483466     24.95199136836113
16.11063673821967     25.392646129862705
16.15494401695587     26.196923461343395
16.19925129569207     27.357880460764033
16.243558574428274     28.713055568603842
16.287865853164472     29.94068129186576
16.33217313190067     30.654171649361697
16.376480410636876     30.55940370134812
16.420787689373075     29.586478468691936
16.465094968109273     27.91340622619093
16.50940224684548     25.8653379123888
16.553709525581677     23.755883349465385
16.598016804317876     21.776348034247707
16.64232408305408     20.002091357677504
16.68663136179028     18.49599548534721
16.730938640526478     17.41248641091996
16.775245919262684     17.00112724757443
16.819553197998882     17.483998610160747
16.86386047673508     18.8827772141842
16.908167755471286     20.92298827979569
16.952475034207485     23.101174508888207
16.996782312943683     24.891273480552133
17.04108959167989     25.968512003419445
17.085396870416087     26.316615359702755
17.129704149152285     26.16671334009451
17.17401142788849     25.82969951211025
17.21831870662469     25.541945230692107
17.262625985360888     25.409927415323267
17.306933264097093     25.450640650425274
17.351240542833292     25.656962162564852
17.39554782156949     26.01853163095108
17.439855100305696     26.486245513403336
17.484162379041894     26.927168932038196
17.528469657778093     27.12801115972045
17.5727769365143     26.864328298961272
17.617084215250497     25.997464381162217
17.661391493986695     24.538509609306956
17.7056987727229     22.64372395208207
17.7500060514591     20.55305265605645
17.794313330195298     18.512748505285657
17.838620608931503     16.718084018089698
17.8829278876677     15.288767506528114
17.9272351664039     14.272806838956809
17.9715424451401     13.670819138632563
18.015849723876304     13.470523755647369
18.060157002612502     13.672586316089376
18.1044642813487     14.28417196028248
18.148771560084906     15.271553411912715
18.193078838821105     16.49658340301471
18.237386117557303     17.688519367729672
18.28169339629351     18.49369350490033
18.326000675029707     18.597470292403386
18.370307953765906     17.857492390424248
18.41461523250211     16.368757978188118
18.45892251123831     14.418912617376735
18.503229789974508     12.360826657013632
18.547537068710714     10.477877639070426
18.591844347446912     8.91135465871407
18.63615162618311     7.669633513720925
18.680458904919316     6.687397728430113
18.724766183655515     5.885587583828696
18.769073462391713     5.201496125931384
18.81338074112792     4.589605602793439
18.857688019864117     4.0123677127477935
18.901995298600315     3.4381379857598877
18.94630257733652     2.8494210367286046
18.99060985607272     2.2523529421080193
19.034917134808918     1.6766376439877209
19.079224413545123     1.1631315610337463
19.123531692281322     0.745990282765069
19.16783897101752     0.439755092399699
19.212146249753726     0.23727687060785482
19.256453528489924     0.11685485230384737
19.300760807226123     0.052480154277981174
19.34506808596233     0.021692020974891722
19.389375364698527     0.009034043871481028
19.433682643434725     0.006164801913576007
19.47798992217093     0.01077636818781133
19.52229720090713     0.02593890096767983
19.566604479643328     0.060253144518710264
19.610911758379533     0.12789062007269783
19.65521903711573     0.24668787187995453
19.69952631585193     0.43265955704818815
19.743833594588136     0.6913626766980135
19.788140873324334     1.0100777088154806
19.832448152060532     1.3572356355756434
19.876755430796738     1.6934469265849692
19.921062709532936     1.9910868268783284
19.965369988269135     2.2512126208301058
20.00967726700534     2.5050216577676676
20.05398454574154     2.795372890325839
20.098291824477737     3.1468861886592188
20.142599103213943     3.541149136408969
20.18690638195014     3.9112288196680196
20.23121366068634     4.1597613057308145
20.275520939422545     4.193874095311142
20.319828218158744     3.962596064267505
20.364135496894942     3.480280860290286
20.408442775631148     2.824544703127727
20.452750054367346     2.108990828369969
20.497057333103545     1.4440367784731523
20.54136461183975     0.9048179975422903
20.58567189057595     0.5192638377624109
20.629979169312147     0.2768691909328394
20.674286448048353     0.1487514620995686
20.71859372678455     0.10770279196390918
20.76290100552075     0.1412204256998765
20.807208284256955     0.2554873637442926
20.851515562993153     0.47065802901295395
20.895822841729352     0.8084465362144139
20.940130120465557     1.2747113661593497
20.984437399201756     1.843400226366129
21.028744677937954     2.4510233156338472
21.07305195667416     3.008257358845369
21.11735923541036     3.4261944980534595
21.161666514146557     3.6445735627122593
21.205973792882762     3.6467942113185483
21.25028107161896     3.455235347895572
21.29458835035516     3.1138471197328252
21.33889562909137     2.6716880131814524
