-21.860701138704417     5.957733464371949e-05
-21.816393859968215     9.340774054223933e-05
-21.772086581232017     0.0001336522853012978
-21.727779302495815     0.00017513852064034776
-21.683472023759613     0.00021188698295404067
-21.639164745023415     0.00024142192873062
-21.594857466287213     0.0002717033646497229
-21.55055018755101     0.00033158196790692053
-21.506242908814812     0.0004885121873611175
-21.46193563007861     0.0008859901176000416
-21.417628351342408     0.0018389919772009806
-21.37332107260621     0.004089892964601746
-21.329013793870008     0.009446926125099543
-21.284706515133806     0.02216285483967363
-21.240399236397607     0.051384201045403005
-21.196091957661405     0.11446998011864626
-21.151784678925203     0.23966906252239586
-21.107477400189005     0.46492885162834835
-21.063170121452803     0.8290337676990012
-21.0188628427166     1.3540247692590168
-20.974555563980402     2.024467464502501
-20.9302482852442     2.7759499385163204
-20.885941006508     3.505182385394624
-20.8416337277718     4.103022904175784
-20.797326449035598     4.495055259543702
-20.753019170299396     4.665568700126012
-20.708711891563198     4.649848262266084
-20.664404612826996     4.50144505548581
-20.620097334090794     4.258145243687689
-20.575790055354595     3.9289133020650904
-20.531482776618393     3.5065941267781353
-20.48717549788219     2.9927494476962844
-20.442868219145993     2.4151196456089323
-20.39856094040979     1.826491267193321
-20.35425366167359     1.2876533425925112
-20.30994638293739     0.8463903085293233
-20.26563910420119     0.5243365900447768
-20.221331825464986     0.3164264344304371
-20.177024546728788     0.19984156108271953
-20.132717267992586     0.1457281172030875
-20.088409989256384     0.12821909227858547
-20.044102710520185     0.12882350866126474
-19.999795431783983     0.13709121069927768
-19.95548815304778     0.14945521864099237
-19.911180874311583     0.16774281928518261
-19.86687359557538     0.19791714785412495
-19.82256631683918     0.24876052430493822
-19.77825903810298     0.32979917400157044
-19.73395175936678     0.44808255984156786
-19.689644480630577     0.6044693146767923
-19.645337201894378     0.7912032801787922
-19.601029923158176     0.9926868822058899
-19.556722644421974     1.1898306451603973
-19.512415365685776     1.3659563738224265
-19.468108086949574     1.5109150309342165
-19.42380080821337     1.6212421048499424
-19.379493529477173     1.6970353809479195
-19.33518625074097     1.7384082169074282
-19.29087897200477     1.744215527782328
-19.24657169326857     1.713854183789364
-19.20226441453237     1.6509838282861953
-19.157957135796167     1.5668879220250134
-19.11364985705997     1.4809125821763272
-19.069342578323766     1.4162797190390721
-19.025035299587564     1.39198831160136
-18.980728020851366     1.4144748188002363
-18.936420742115164     1.473693799510693
-18.892113463378962     1.5458861828084738
-18.847806184642764     1.6012940184685425
-18.80349890590656     1.6128391012005714
-18.75919162717036     1.5626689519193746
-18.71488434843416     1.4456603832681991
-18.67057706969796     1.2700599328391664
-18.626269790961757     1.055255931148111
-18.58196251222556     0.8267821864462489
-18.537655233489357     0.6097823865965925
-18.493347954753155     0.42323822951623646
-18.449040676016956     0.2769735735250899
-18.404733397280754     0.17192133012279143
-18.360426118544552     0.10264394677867038
-18.316118839808354     0.06057330287143391
-18.271811561072152     0.03679881937829966
-18.22750428233595     0.023870795382026945
-18.18319700359975     0.01656995250803104
-18.13888972486355     0.011856366764296397
-18.094582446127347     0.008328265733996698
-18.05027516739115     0.005535177679444601
-18.005967888654947     0.0034080449775627493
-17.961660609918745     0.0019255661685570612
-17.917353331182547     0.0009993531403580094
-17.873046052446345     0.0004872316978930933
-17.828738773710143     0.0002431735814918368
-17.784431494973944     0.00015192392242391244
-17.740124216237742     0.0001371349073529073
-17.69581693750154     0.00015323531483618584
-17.65150965876534     0.00017401482392194858
-17.60720238002914     0.0001848962061322474
-17.562895101292938     0.00017954462672613522
-17.51858782255674     0.0001583863410704709
-17.474280543820537     0.0001267381738204899
-17.429973265084335     9.195340472754433e-05
-17.385665986348137     6.048485569534782e-05
-17.341358707611935     3.606818448064805e-05
-17.297051428875733     1.9498044480451757e-05
-17.252744150139534     9.555231627314548e-06
-17.208436871403332     4.244934486306796e-06
-17.16412959266713     1.7095342000198628e-06
-17.119822313930932     6.241081187179304e-07
-17.07551503519473     2.065455571605438e-07
-17.031207756458528     6.19647918785355e-08
-16.98690047772233     1.6851813065446114e-08
-16.942593198986128     4.154515095540382e-09
-16.898285920249926     9.284656051926586e-10
-16.853978641513727     1.8809742854207016e-10
-16.809671362777525     3.454389531322682e-11
-16.765364084041327     5.750837127755629e-12
-16.721056805305125     8.678847616747532e-13
-16.676749526568923     1.1873103224740287e-13
-16.632442247832724     1.4724398876324106e-14
-16.588134969096522     1.655320252696568e-15
-16.54382769036032     1.6869320550339823e-16
-16.499520411624122     1.5584190481628502e-17
-16.45521313288792     1.3050945956759546e-18
-16.410905854151718     9.907653624464486e-20
-16.36659857541552     6.818215363897799e-21
-16.322291296679317     4.253453487288832e-22
-16.277984017943115     2.4053802024621348e-23
-16.233676739206917     1.2330958778771272e-24
-16.189369460470715     5.730348411214559e-26
-16.145062181734513     2.4139945129744954e-27
-16.100754902998315     9.218549590433602e-29
-16.056447624262113     3.1912437774718524e-30
-16.01214034552591     1.0014480667535628e-31
-15.967833066789712     2.848839292131786e-33
-15.92352578805351     7.346467059193445e-35
-15.879218509317308     1.717359731480198e-36
-15.83491123058111     3.6698554235354616e-38
-15.790603951844908     2.0405499118218102e-38
-15.746296673108706     1.1505694257282614e-36
-15.701989394372507     6.089485873158623e-35
-15.657682115636305     2.921626479901547e-33
-15.613374836900103     1.2706929795643918e-31
-15.569067558163905     5.0098959265199824e-30
-15.524760279427703     1.7905615810758151e-28
-15.480453000691503     5.801265841065978e-27
-15.436145721955302     1.7038440274817407e-25
-15.3918384432191     4.53639942999316e-24
-15.3475311644829     1.0948842500044708e-22
-15.3032238857467     2.3955323919240232e-21
-15.258916607010498     4.7513249266892385e-20
-15.214609328274298     8.542968875828278e-19
-15.170302049538098     1.3924760747564166e-17
-15.125994770801896     2.057576714520672e-16
-15.081687492065695     2.756257412790728e-15
-15.037380213329495     3.3472415091713583e-14
-14.993072934593293     3.685264401373247e-13
-14.948765655857093     3.6785697072966195e-12
-14.904458377120893     3.329180106165925e-11
-14.86015109838469     2.7319278292018713e-10
-14.81584381964849     2.0328673837813537e-09
-14.77153654091229     1.3718369350332012e-08
-14.727229262176088     8.396736607381609e-08
-14.682921983439888     4.6624522213444246e-07
-14.638614704703688     2.3492114423413946e-06
-14.594307425967486     1.0744271011089208e-05
-14.550000147231286     4.462397818915095e-05
-14.505692868495085     0.00016840113301663613
-14.461385589758883     0.0005778723925800305
-14.417078311022683     0.0018048816374798427
-14.372771032286483     0.005137242587145108
-14.328463753550281     0.013345807885734095
-14.28415647481408     0.0317036481470945
-14.23984919607788     0.06902182383132383
-14.195541917341679     0.13805878425897544
-14.151234638605478     0.254389573066423
-14.106927359869278     0.43293989830681745
-14.062620081133076     0.6820878236385394
-14.018312802396876     0.9964432421367044
-13.974005523660676     1.3508115444526279
-13.929698244924474     1.6988716400887747
-13.885390966188274     1.9798381442661885
-13.841083687452073     2.133816649664875
-13.796776408715871     2.1217767057363113
-13.752469129979671     1.9415342083484481
-13.70816185124347     1.6308578297670835
-13.663854572507269     1.254699388029284
-13.619547293771069     0.8824319387218463
-13.575240015034868     0.5664441323344074
-13.530932736298666     0.3314819663000115
-13.486625457562466     0.17680121338302082
-13.442318178826266     0.08634397061566891
-13.398010900090064     0.040030191882969614
-13.353703621353864     0.021614344525464964
-13.309396342617664     0.02223319299418863
-13.265089063881462     0.04096499511105426
-13.220781785145261     0.08373310295836973
-13.176474506409061     0.16072774197439052
-13.13216722767286     0.2817375400338942
-13.087859948936659     0.4494895991233104
-13.043552670200459     0.653218730222738
-12.999245391464257     0.8665848237544852
-12.954938112728057     1.0533352154655373
-12.910630833991856     1.1798406585945016
-12.866323555255654     1.2282587612022415
-12.822016276519454     1.2022674523992685
-12.777708997783254     1.1216872230248265
-12.733401719047052     1.0100632287337532
-12.689094440310852     0.8839795822413705
-12.644787161574651     0.7505048590245686
-12.60047988283845     0.6121213563803418
-12.55617260410225     0.47314522779069124
-12.511865325366049     0.3420831197107236
-12.467558046629847     0.22900475087445182
-12.423250767893647     0.1410849341874006
-12.378943489157447     0.07995093055850658
-12.334636210421245     0.04214076031345486
-12.290328931685044     0.02154885475650491
-12.246021652948844     0.011971310736756701
-12.201714374212642     0.008584695554064152
-12.157407095476442     0.008264039939031652
-12.113099816740242     0.009248949844281455
-12.06879253800404     0.010698448757990612
-12.02448525926784     0.01241744121325982
-11.98017798053164     0.014762955075260133
-11.935870701795437     0.01857880484305194
-11.891563423059237     0.02499995340101928
-11.847256144323037     0.03509657243036009
-11.802948865586837     0.049515343914618294
-11.758641586850635     0.06838660275192443
-11.714334308114434     0.09168071980360656
-11.670027029378234     0.11992593824112126
-11.625719750642032     0.15491917112584674
-11.581412471905832     0.1999832070315355
-11.537105193169632     0.25949685191110844
-11.49279791443343     0.3376997990472483
-11.44849063569723     0.43700404389377817
-11.40418335696103     0.5562487102608837
-11.359876078224827     0.6895662316325181
-11.315568799488627     0.826605280827897
-11.271261520752427     0.9544508500106442
-11.226954242016225     1.0606907814484736
-11.182646963280025     1.1362881723935847
-11.138339684543825     1.1769647433525532
-11.094032405807623     1.182788453870426
-11.049725127071422     1.1568620562642236
-11.005417848335222     1.10451851829953
-10.96111056959902     1.0339623026697995
-10.91680329086282     0.9583188385622009
-10.87249601212662     0.8981910193279301
-10.828188733390418     0.88328584543283
-10.783881454654217     0.9513669718328056
-10.739574175918017     1.142871291143838
-10.695266897181815     1.4906393198389618
-10.650959618445615     2.006751124905397
-10.606652339709415     2.6715055197129605
-10.562345060973213     3.430833670233199
-10.518037782237013     4.205930435046232
-10.473730503500812     4.913138381753665
-10.42942322476461     5.48644799539162
-10.38511594602841     5.893148937939741
-10.34080866729221     6.136362948579211
-10.296501388556008     6.244203649688879
-10.252194109819808     6.250698433800196
-10.207886831083608     6.176410935814498
-10.163579552347406     6.0168752535741925
-10.119272273611205     5.744657843051889
-10.074964994875005     5.325674879407242
-10.030657716138803     4.743126200830001
-9.986350437402603     4.016884508089673
-9.942043158666403     3.207188085624313
-9.8977358799302     2.399931031407917
-9.853428601194     1.6815850136397563
-9.8091213224578     1.1173130959912059
-9.764814043721598     0.7424379045670688
-9.720506764985398     0.5679161462154466
-9.676199486249198     0.5915354241108348
-9.631892207512996     0.8038877467114979
-9.587584928776796     1.1833436884661035
-9.543277650040595     1.6842014942371966
-9.498970371304393     2.2305272714796898
-9.454663092568193     2.7280873486142916
-9.410355813831993     3.0956838616074602
-9.366048535095791     3.3010534813731387
-9.32174125635959     3.377706138832217
-9.27743397762339     3.407127467145197
-9.233126698887189     3.4724394054191037
-9.188819420150988     3.609610339648036
-9.144512141414788     3.7854112843717487
-9.100204862678588     3.9150738587041802
-9.055897583942386     3.9086747191247593
-9.011590305206186     3.7193925328134876
-8.967283026469985     3.367585560616037
-8.922975747733783     2.9297423657373813
-8.878668468997583     2.5009086602355137
-8.834361190261383     2.152261782311542
-8.790053911525181     1.90572649791739
-8.74574663278898     1.7360002623119968
-8.70143935405278     1.5945824904991008
-8.657132075316579     1.4396456661864498
-8.612824796580378     1.2553470708187453
-8.568517517844178     1.0531630282546118
-8.524210239107976     0.8592687825315002
-8.479902960371776     0.6985271801140628
-8.435595681635576     0.5843898586750921
-8.391288402899374     0.517864009158059
-8.346981124163174     0.493049047813723
-8.302673845426973     0.5047981948503872
-8.258366566690771     0.5550971877616854
-8.214059287954571     0.6562811303648349
-8.16975200921837     0.8299422916173633
-8.125444730482169     1.1009559204872694
-8.081137451745969     1.4874041484719613
-8.036830173009768     1.9889860870731282
-7.992522894273566     2.577588972093538
-7.948215615537366     3.1936013866683033
-7.903908336801166     3.750860532803619
-7.859601058064964     4.151929997923616
-7.815293779328764     4.3124324700087335
-7.770986500592564     4.1878662358317715
-7.726679221856362     3.7916480554951395
-7.682371943120161     3.194154991384082
-7.638064664383961     2.5010738116347464
-7.593757385647759     1.8204702151144077
-7.549450106911559     1.2336183560569967
-7.505142828175359     0.7809473546119093
-7.460835549439157     0.4649992932626926
-7.4165282707029565     0.2641206136187291
-7.372220991966756     0.1482072475425946
-7.327913713230554     0.09058577334619164
-7.283606434494354     0.07444024900479165
-7.239299155758154     0.09494430073989028
-7.194991877021952     0.15852381342574992
-7.150684598285752     0.27950138749986053
-7.106377319549551     0.47355346774467466
-7.062070040813349     0.7482676249633936
-7.017762762077149     1.0935285684441027
-6.973455483340949     1.476707001869675
-6.929148204604747     1.8472000138479285
-6.884840925868547     2.150677601302995
-6.840533647132347     2.347303809859115
-6.796226368396145     2.4244230050901905
-6.751919089659944     2.396292931801341
-6.707611810923744     2.2911282205718377
-6.663304532187542     2.1341359722770457
-6.618997253451342     1.937966445970786
-6.574689974715142     1.7063058234811328
-6.53038269597894     1.446213443820545
-6.4860754172427395     1.178323345048825
-6.441768138506539     0.9363002655217824
-6.397460859770337     0.755502773804319
-6.353153581034137     0.6583110296183886
-6.308846302297937     0.6447676586832782
-6.264539023561735     0.6927748991361019
-6.220231744825535     0.7665036366820634
-6.175924466089334     0.8284289789533718
-6.131617187353134     0.8501514802908259
-6.087309908616932     0.8187490910018627
-6.043002629880732     0.7375621977688198
-5.998695351144532     0.6222349965724628
-5.95438807240833     0.4940792959228418
-5.91008079367213     0.3732294823851181
-5.865773514935929     0.27369259358254183
-5.821466236199729     0.20146567608929883
-5.777158957463527     0.15567787728911503
-5.732851678727325     0.13162551136516332
-5.688544399991127     0.12405264008522775
-5.644237121254925     0.12929916150889414
-5.599929842518723     0.14576766541417518
-5.555622563782524     0.17302703614837836
-5.511315285046322     0.21034458284982271
-5.46700800631012     0.25545186279773363
-5.422700727573922     0.3041054734049946
-5.37839344883772     0.3506720288911576
-5.334086170101518     0.3895515130337365
-5.289778891365319     0.41679268527105295
-5.245471612629117     0.43102029430675526
-5.201164333892915     0.4331090698885112
-5.156857055156717     0.42483766956486896
-5.112549776420515     0.4074688523305331
-5.068242497684313     0.3812331938493234
-5.023935218948115     0.3459985904044033
-4.979627940211913     0.30254249533976313
-4.935320661475711     0.2534547904052899
-4.891013382739512     0.20300921417385817
-4.84670610400331     0.15606050228092705
-4.802398825267108     0.1166337426910305
-4.75809154653091     0.08698912706855612
-4.713784267794708     0.06754918633139827
-4.669476989058506     0.05749174980900858
-4.625169710322307     0.05545975244261247
-4.580862431586105     0.05992296802491652
-4.536555152849903     0.06911197011722582
-4.492247874113705     0.08080566915839661
-4.447940595377503     0.09234154811425706
-4.403633316641301     0.10101931682465637
-4.359326037905102     0.10476732198538527
-4.3150187591689     0.10275251305433722
-4.270711480432698     0.09564137130422211
-4.2264042016965     0.08541019714170235
-4.182096922960298     0.07481717125464447
-4.137789644224096     0.06675582758920517
-4.093482365487898     0.06367154245850284
-4.049175086751696     0.06710955876695175
-4.004867808015494     0.07739182990017948
-3.960560529279295     0.09344821439996051
-3.916253250543093     0.11289808671357032
-3.871945971806891     0.1324805904874143
-3.8276386930706927     0.14881930280965147
-3.7833314143344907     0.159340412793843
-3.7390241355982887     0.16304201458151615
-3.6947168568620903     0.16079960661312226
-3.6504095781258883     0.15501548981186905
-3.6061022993896863     0.14867825512774321
-3.561795020653488     0.1442201504103821
-3.517487741917286     0.14275501125551462
-3.473180463181084     0.14413631534103039
-3.4288731844448854     0.1477787911116879
-3.3845659057086834     0.15364021998479072
-3.3402586269724814     0.16260624487951858
-3.295951348236283     0.17595441940199225
-3.251644069500081     0.19429436880242956
-3.207336790763879     0.21679527663076528
-3.1630295120276806     0.24125873504671264
-3.1187222332914786     0.2649007526517516
-3.0744149545552766     0.2851919517243238
-3.030107675819078     0.3002057668463678
-2.985800397082876     0.308492672360209
-2.941493118346674     0.30896598004769515
-2.8971858396104757     0.30121353261082234
-2.8528785608742737     0.28613060891119224
-2.8085712821380717     0.26630973906399796
-2.7642640034018733     0.24566031821354786
-2.7199567246656713     0.22824462195781467
-2.6756494459294693     0.2168828647814092
-2.631342167193271     0.2122676597393307
-2.587034888457069     0.21303909429666715
-2.542727609720867     0.21674318462831663
-2.4984203309846684     0.22116145248837502
-2.4541130522484664     0.22536712412719867
-2.4098057735122644     0.23005746993519918
-2.365498494776066     0.2371091423754569
-2.321191216039864     0.2486961183530901
-2.276883937303662     0.26648393703408374
-2.2325766585674636     0.2912614131621481
-2.1882693798312616     0.3229887918039445
-2.1439621010950596     0.3609116207509077
-2.099654822358861     0.40339080327044347
-2.055347543622659     0.44746194276481704
-2.011040264886457     0.48857456992905796
-1.9667329861502587     0.5210822514724673
-1.9224257074140567     0.5396853156150146
-1.8781184286778583     0.5413689169827807
-1.8338111499416563     0.5268748834609119
-1.7895038712054543     0.5007948799988889
-1.7451965924692558     0.4700504769179428
-1.7008893137330539     0.4414642033024069
-1.6565820349968519     0.41968166170151494
-1.6122747562606534     0.4064258466149403
-1.5679674775244514     0.401125651479286
-1.5236601987882494     0.4020972841123947
-1.479352920052051     0.40733954236372527
-1.435045641315849     0.4146248469990697
-1.390738362579647     0.42129019672444495
-1.3464310838434486     0.42433171191034613
-1.3021238051072466     0.421021834516241
-1.2578165263710446     0.4097403415627214
-1.2135092476348461     0.3904965530980347
-1.1692019688986441     0.3648271439019676
-1.1248946901624421     0.33515538414924884
-1.0805874114262437     0.3039851137710684
-1.0362801326900417     0.27331200942818074
-0.9919728539538397     0.24441919281600777
-0.9476655752176413     0.21797510020042618
-0.9033582964814393     0.19423691417996233
-0.8590510177452373     0.17321086589163887
-0.8147437390090388     0.1547361511112451
-0.7704364602728369     0.1385353653804295
-0.7261291815366349     0.12427706432862978
-0.6818219028004364     0.11165583497899155
-0.6375146240642344     0.10045535695030942
-0.5932073453280324     0.09054870293245396
-0.548900066591834     0.08182035964613603
-0.504592787855632     0.07405527646383359
-0.46028550911943     0.06688670366934957
-0.41597823038323156     0.059873346207241704
-0.37167095164702957     0.0526836649380244
-0.3273636729108276     0.04527042320445795
-0.28305639417462913     0.037908232336316953
-0.23874911543842714     0.03105785540142769
-0.19444183670222515     0.02513984085164202
-0.1501345579660267     0.020352405027290178
-0.10582727922982471     0.016623909483424886
-0.06152000049362272     0.013697084886406983
-0.017212721757424276     0.011272221891573831
0.027094556978777717     0.009126263532724757
0.07140183571497971     0.0071616500677956
0.11570911445117815     0.005387070104156288
0.16001639318738015     0.0038627558549406394
0.20432367192358214     0.0026465354625938866
0.24863095065978058     0.001761761484007233
0.2929382293959826     0.001189494212282819
0.33724550813218457     0.000876253945701576
0.381552786868383     0.0007477371692329313
0.425860065604585     0.0007234036525590598
0.470167344340787     0.0007305480888997724
0.5144746230769854     0.0007165670699361232
0.5587819018131874     0.000656359047021459
0.6030891805493894     0.0005516967152995887
0.6473964592855879     0.00042247890774940836
0.6917037380217899     0.000293950538611169
0.7360110167579919     0.00018583462843977614
0.7803182954941903     0.0001074473183104049
0.8246255742303923     5.9025869460760575e-05
0.8689328529665943     3.660315199925447e-05
0.9132401317027927     3.7216504567614535e-05
0.9575474104389947     6.228263031897673e-05
1.0018546891751967     0.00011809245860943796
1.0461619679113952     0.00021296920046321222
1.0904692466475971     0.000351314736613005
1.1347765253837991     0.0005263408048657151
1.1790838041199976     0.000715308230531801
1.2233910828561996     0.00088163869935897
1.2676983615924016     0.0009854970895289681
1.3120056403286     0.0009990804702736302
1.356312919064802     0.000918647947340898
1.400620197801004     0.0007662003066949876
1.4449274765372024     0.0005797793627428405
1.4892347552734044     0.0003981914555718321
1.5335420340096064     0.0002484544792641228
1.5778493127458049     0.00014115654154624375
1.6221565914820069     7.340398235426277e-05
1.6664638702182089     3.535352138601895e-05
1.7107711489544073     1.6168784329055088e-05
1.7550784276906093     7.345551558689264e-06
1.7993857064268113     3.5142022535236067e-06
1.8436929851630097     1.8333100989505646e-06
1.8880002638992117     1.0214010000960164e-06
1.9323075426354137     5.811145299001959e-07
1.9766148213716122     3.4973199338700964e-07
2.020922100107814     3.1598502709449073e-07
2.065229378844016     6.212094618891999e-07
2.1095366575802146     1.7152361993769051e-06
2.1538439363164166     4.685715957216093e-06
2.1981512150526186     1.1758437011325185e-05
2.242458493788817     2.682025729568968e-05
2.286765772525019     5.55573846826407e-05
2.331073051261221     0.00010460865250420957
2.3753803299974194     0.00017935563059222437
2.4196876087336214     0.00028085507631509063
2.4639948874698234     0.00040361909384914913
2.508302166206022     0.0005363631319839091
2.552609444942224     0.0006663955047470632
2.596916723678426     0.0007853999412778925
2.6412240024146243     0.0008923296392706867
2.6855312811508263     0.0009905653758813119
2.7298385598870283     0.0010812032702194824
2.7741458386232267     0.0011584873366438054
2.8184531173594287     0.0012126223864590063
2.8627603960956307     0.0012392154213086207
2.907067674831829     0.0012482869898596586
2.951374953568031     0.0012649669968642053
2.995682232304233     0.0013197609071994639
3.0399895110404316     0.0014338916282645921
3.0842967897766336     0.0016084955281816427
3.1286040685128356     0.0018232729411387124
3.172911347249034     0.0020439057395865547
3.217218625985236     0.002233326209868315
3.261525904721438     0.002362051104451881
3.3058331834576364     0.0024153662587604037
3.3501404621938384     0.0023968825041634826
3.3944477409300404     0.002327939088526446
3.438755019666239     0.0022423301725622686
3.483062298402441     0.0021773879257032907
3.527369577138643     0.002164397324020117
3.5716768558748413     0.0022214590275320663
3.6159841346110433     0.00235038581437134
3.6602914133472417     0.0025382336029599263
3.7045986920834437     0.0027641011593821803
3.7489059708196457     0.003010216949661185
3.793213249555844     0.0032716793182667897
3.837520528292046     0.003555889012848519
3.881827807028248     0.0038673863058096354
3.9261350857644466     0.004186166343557896
3.9704423645006486     0.00445701989383484
4.014749643236851     0.004602757592570483
4.059056921973049     0.004556612265175277
4.103364200709251     0.004293547624903935
4.147671479445453     0.0038408118536992883
4.191978758181651     0.003263892369761234
4.236286036917853     0.0026403673962307824
4.280593315654055     0.002037894666294204
4.324900594390254     0.0015040733419620076
4.369207873126456     0.001065720729769468
4.413515151862658     0.0007317346465958287
4.457822430598856     0.0004966466429239028
4.502129709335058     0.00034533476900350794
4.54643698807126     0.00025937579192532285
4.590744266807459     0.00022328288053920798
4.635051545543661     0.00022759302875192733
4.679358824279863     0.00026706978910657646
4.723666103016061     0.00033526877715779895
4.767973381752263     0.00041924349487089613
4.812280660488465     0.0004984683173381582
4.856587939224664     0.0005496590938933574
4.900895217960866     0.0005553250290084835
4.945202496697068     0.0005111060623344149
4.989509775433266     0.00042739680092783265
5.033817054169468     0.0003243217455495169
5.07812433290567     0.0002232032998800505
5.122431611641868     0.00013928111838451158
5.16673889037807     7.879508696865589e-05
5.211046169114272     4.041079923008928e-05
5.255353447850471     1.8787810425760952e-05
5.299660726586673     7.918269425917702e-06
5.343968005322875     3.0252232577071923e-06
5.388275284059073     1.047747337017659e-06
5.432582562795275     3.2894795244422984e-07
5.476889841531477     9.362009316136521e-08
5.521197120267676     2.415361312330197e-08
5.565504399003878     5.6489307377225594e-09
5.60981167774008     1.1976267257416583e-09
5.654118956476278     2.3016950463696225e-10
5.69842623521248     4.0100072454857195e-11
5.742733513948682     6.333059957421997e-12
5.787040792684881     9.066780649847179e-13
5.831348071421083     1.1766943959507986e-13
5.875655350157285     1.384348159171818e-14
5.919962628893483     1.4763796020698409e-15
5.964269907629685     1.4273215117179843e-16
6.008577186365887     1.2508828914513429e-17
6.052884465102085     9.93762525843353e-19
6.097191743838287     7.157159063926891e-20
6.141499022574489     4.758395757640376e-21
6.185806301310688     2.2072210316690657e-21
6.23011358004689     3.9248472333337225e-20
6.274420858783092     7.227305249600137e-19
6.31872813751929     1.2069013798320485e-17
6.363035416255492     1.8270413203552492e-16
6.407342694991694     2.5073143734723288e-15
6.451649973727893     3.1192995298165145e-14
6.495957252464095     3.5180219713826627e-13
6.540264531200297     3.596997877484047e-12
6.584571809936495     3.334196408940844e-11
6.628879088672697     2.801971068426684e-10
6.673186367408899     2.134880240271375e-09
6.717493646145098     1.4748293328700347e-08
6.7618009248813     9.238383902256105e-08
6.806108203617502     5.24774331535179e-07
6.8504154823537     2.7034563445732233e-06
6.894722761089902     1.2632792125546839e-05
6.939030039826104     5.355444499711512e-05
6.983337318562302     0.0002060236771216177
7.027644597298504     0.0007194622910121631
7.071951876034706     0.0022816950772939983
7.116259154770905     0.006575292203931008
7.160566433507107     0.017230906862626676
7.204873712243309     0.04110241548627934
7.249180990979507     0.08936286530645496
7.293488269715709     0.17738422207345642
7.337795548451911     0.3221813656985521
7.38210282718811     0.5369723296197445
7.426410105924312     0.8242343309310567
7.470717384660514     1.1705307143831767
7.515024663396712     1.546622062614564
7.559331942132914     1.9140051057313598
7.603639220869116     2.235234958124897
7.647946499605315     2.4829529595791846
7.692253778341517     2.6434293834579172
7.736561057077719     2.7139568775723326
7.780868335813917     2.6969843826096627
7.825175614550119     2.5952626195093456
7.869482893286321     2.4110908338084305
7.913790172022519     2.149976275449636
7.958097450758721     1.826054832997222
8.002404729494923     1.4650293456786132
8.046712008231122     1.1014286967717843
8.091019286967324     0.7704744520443936
8.135326565703526     0.49849853685866813
8.179633844439724     0.29688508301904054
8.223941123175926     0.16214315379620722
8.268248401912128     0.08097337052214114
8.312555680648327     0.03689765025431009
8.356862959384529     0.01532869245737013
8.40117023812073     0.005850828399446987
8.44547751685693     0.0022478644488008134
8.489784795593131     0.0015297647135003808
8.534092074329333     0.0030360331298285156
8.578399353065532     0.008210601239339912
8.622706631801734     0.021211379660795643
8.667013910537936     0.05011645470920801
8.711321189274134     0.10795353809257577
8.755628468010336     0.21217172143289398
8.799935746746538     0.3810091128115376
8.844243025482736     0.62623079299266
8.888550304218938     0.9441197650921992
8.93285758295514     1.3092523573474528
8.977164861691339     1.6761899506488558
9.02147214042754     1.9910562334806237
9.065779419163743     2.209007384346231
9.110086697899941     2.308770001003939
9.154393976636143     2.2959859197678805
9.198701255372345     2.193809848243395
9.243008534108544     2.027676145849521
9.287315812844746     1.8147647118224683
9.331623091580948     1.5642488354554436
9.375930370317146     1.285480713749967
9.420237649053348     0.9954267828756849
9.464544927789547     0.7185342986425177
9.508852206525749     0.4793175003976361
9.55315948526195     0.29361699088416426
9.597466763998149     0.16444028724368845
9.641774042734351     0.08394981776490494
9.686081321470553     0.03899146272740479
9.730388600206751     0.01645530425809983
9.774695878942953     0.006304798585795523
9.819003157679155     0.002191966632643842
9.863310436415354     0.0006912645948857165
9.907617715151556     0.00019769941354814226
9.951924993887758     5.126893523393493e-05
9.996232272623956     1.2054530171213983e-05
10.040539551360158     2.569608757203284e-06
10.08484683009636     4.965841959352118e-07
10.129154108832559     8.704335225773826e-08
10.17346138756876     1.4106726924014616e-08
10.21776866630496     3.5989953274326706e-09
10.262075945041165     8.35192382020638e-09
10.306383223777363     3.690623149337564e-08
10.350690502513562     1.5232953542490052e-07
10.394997781249767     5.704041332307885e-07
10.439305059985966     1.9362490298251817e-06
10.483612338722164     5.958145740889436e-06
10.52791961745837     1.66200471240746e-05
10.572226896194568     4.20266521803097e-05
10.616534174930766     9.633613924066486e-05
10.660841453666972     0.00020018278124367297
10.70514873240317     0.00037708560590956095
10.749456011139369     0.0006439251717669128
10.793763289875574     0.0009968468107997834
10.838070568611773     0.0013991220135510087
10.882377847347971     0.0017807543508684028
10.926685126084177     0.0020562754497012
10.970992404820375     0.002156661394992398
11.015299683556574     0.0020600667282171057
11.05960696229278     0.0018036372497862122
11.103914241028978     0.001468808969033906
11.148221519765176     0.0011486413278490634
11.192528798501382     0.0009162660568984099
11.23683607723758     0.0008119650580552959
11.281143355973779     0.0008555488237129656
11.325450634709984     0.0010777524602128595
11.369757913446183     0.0015539770876081811
11.414065192182381     0.002417502580351582
11.458372470918587     0.003830529555868345
11.502679749654785     0.005906420101206727
11.546987028390983     0.00860718554645708
11.591294307127189     0.011672916508599274
11.635601585863387     0.014645878216151527
11.679908864599586     0.017010298612005727
11.724216143335791     0.018394984653815248
11.76852342207199     0.018732980613436288
11.812830700808188     0.018288882625953906
11.857137979544394     0.017544152650624003
11.901445258280592     0.01701385004551699
11.94575253701679     0.017096668265192818
11.990059815752996     0.018028500680077296
12.034367094489195     0.019955762228014092
12.078674373225393     0.023102514736435143
12.122981651961599     0.027983587554945785
12.167288930697797     0.035617746759395656
12.211596209433996     0.04773690797944849
12.255903488170201     0.0670738724218431
12.3002107669064     0.09788693837630376
12.344518045642598     0.14682486919081364
12.388825324378804     0.22395025812458563
12.433132603115002     0.3432857121329017
12.4774398818512     0.5219147726906543
12.521747160587406     0.7768300863596416
12.566054439323604     1.1195311712454257
12.610361718059803     1.5495871009685132
12.654668996796008     2.0494627811410937
12.698976275532207     2.58329501487252
12.743283554268405     3.101514622846515
12.78759083300461     3.5509877837124164
12.83189811174081     3.8872308788788024
12.876205390477008     4.0831394059410595
12.920512669213213     4.1299876322902325
12.964819947949412     4.031553935715462
13.00912722668561     3.797596000926753
13.053434505421816     3.4433915163204154
13.097741784158014     2.9961410024351536
13.142049062894213     2.501416006210122
13.186356341630418     2.0206296349941355
13.230663620366617     1.616294195324272
13.274970899102815     1.3310940126192918
13.31927817783902     1.1722080611276242
13.363585456575219     1.1100352710053818
13.407892735311417     1.0924988642737563
13.452200014047623     1.0677787950233546
13.496507292783821     1.00446271423454
13.54081457152002     0.9004915523377814
13.585121850256225     0.7789921211901224
13.629429128992424     0.6757422586651286
13.673736407728622     0.6256064465082892
13.718043686464828     0.6530662145556189
13.762350965201026     0.7677638129283822
13.806658243937225     0.9634273844898751
13.85096552267343     1.218951871900236
13.895272801409629     1.502077933830927
13.939580080145827     1.7765261467715532
13.983887358882033     2.011804637221428
14.028194637618231     2.192582065019003
14.07250191635443     2.3234512921852746
14.116809195090635     2.426047559649326
14.161116473826834     2.528543042535246
14.205423752563032     2.6513931699033746
14.249731031299238     2.7959623762444035
14.294038310035436     2.942129059550032
14.338345588771634     3.056500287607293
14.38265286750784     3.1068682490343127
14.426960146244038     3.0752290280971626
14.471267424980237     2.9634315021759936
14.515574703716442     2.790597032975659
14.55988198245264     2.5857069821606875
14.60418926118884     2.379491421050276
14.648496539925045     2.197775988736603
14.692803818661243     2.05661430632413
14.737111097397442     1.9595940112542038
14.781418376133647     1.8986460820636775
14.825725654869846     1.8591831027215338
14.870032933606044     1.8277280403962874
14.91434021234225     1.7975369822820055
14.958647491078448     1.7681855712281638
15.002954769814647     1.7393824052359375
15.047262048550852     1.7042870728149424
15.09156932728705     1.648768093901803
15.135876606023249     1.558570671719642
15.180183884759455     1.4295381255476318
15.224491163495653     1.2727310882952916
15.268798442231851     1.109757305070815
15.313105720968057     0.961224890163053
15.357412999704255     0.8365817794997243
15.401720278440454     0.7322692152481024
15.44602755717666     0.638485202989592
15.490334835912858     0.5486164520256898
15.534642114649056     0.46434379955243543
15.578949393385262     0.39359296236941466
15.62325667212146     0.3439150678425452
15.667563950857659     0.31646375006599914
15.711871229593864     0.304394223548692
15.756178508330063     0.2960821101550129
15.800485787066261     0.2806691721398027
15.844793065802467     0.2526236000752452
15.889100344538665     0.21321501005707974
15.933407623274864     0.16893917137382614
15.97771490201107     0.12860569548775688
16.022022180747268     0.10112467009430443
16.066329459483466     0.09500143664574244
16.11063673821967     0.11894997558365399
16.15494401695587     0.18187543986095833
16.19925129569207     0.29050537316119973
16.243558574428274     0.44439629982357526
16.287865853164472     0.6303956034985007
16.33217313190067     0.8204935726349737
16.376480410636876     0.9765609024368749
16.420787689373075     1.0620058546509645
16.465094968109273     1.0556119092103302
16.50940224684548     0.960288808713676
16.553709525581677     0.801722727050822
16.598016804317876     0.6177842457203354
16.64232408305408     0.44475630481898043
16.68663136179028     0.3072546165615814
16.730938640526478     0.21516495070204192
16.775245919262684     0.16634293487535112
16.819553197998882     0.15153285962380583
16.86386047673508     0.1586667827777514
16.908167755471286     0.1757287588700504
16.952475034207485     0.19272538625426222
16.996782312943683     0.20329902660923263
17.04108959167989     0.20579321731644654
17.085396870416087     0.20313754351783456
17.129704149152285     0.20123581674156044
17.17401142788849     0.2063332229539298
17.21831870662469     0.22245715954764134
17.262625985360888     0.2500186920902497
17.306933264097093     0.2860441364404249
17.351240542833292     0.32566038336520176
17.39554782156949     0.3638571913522546
17.439855100305696     0.3965352903081584
17.484162379041894     0.4204578293835439
17.528469657778093     0.4325871717502779
17.5727769365143     0.4297803212351949
17.617084215250497     0.40950251259720044
17.661391493986695     0.3713009699461495
17.7056987727229     0.3180090843129936
17.7500060514591     0.2556865836990623
17.794313330195298     0.19212157804301855
17.838620608931503     0.13466304383251546
17.8829278876677     0.08852616449223495
17.9272351664039     0.05634731944883394
17.9715424451401     0.03901736181493495
18.015849723876304     0.03716801782858824
18.060157002612502     0.052380070609690764
18.1044642813487     0.08725233437422403
18.148771560084906     0.1439116280465616
18.193078838821105     0.2213540604488304
18.237386117557303     0.3129628691353608
18.28169339629351     0.4060285316032295
18.326000675029707     0.4844161168400138
18.370307953765906     0.5336990473696512
18.41461523250211     0.5462404310828938
18.45892251123831     0.523392261367522
18.503229789974508     0.4737039806765127
18.547537068710714     0.4085577819448462
18.591844347446912     0.3380042112250457
18.63615162618311     0.26883079623266437
18.680458904919316     0.20494362825352022
18.724766183655515     0.1486883470455406
18.769073462391713     0.10172155252188275
18.81338074112792     0.06502395430602306
18.857688019864117     0.038535539120547184
18.901995298600315     0.021044343480788454
18.94630257733652     0.010543147487634493
18.99060985607272     0.00483104445156522
19.034917134808918     0.0020207542162787966
19.079224413545123     0.000770885010647468
19.123531692281322     0.0002682495622344978
19.16783897101752     8.528674975658158e-05
19.212146249753726     2.4901561552412986e-05
19.256453528489924     6.876487267125086e-06
19.300760807226123     2.4468345401518454e-06
19.34506808596233     3.3068188944402293e-06
19.389375364698527     1.0140877110024035e-05
19.433682643434725     3.155598882897113e-05
19.47798992217093     8.975503097849589e-05
19.52229720090713     0.00023164543308971122
19.566604479643328     0.0005423119060540163
19.610911758379533     0.0011521324446622672
19.65521903711573     0.00222279236248897
19.69952631585193     0.0038992164403212795
19.743833594588136     0.006232349692432082
19.788140873324334     0.009108828650606254
19.832448152060532     0.012245177977916298
19.876755430796738     0.015285098734503722
19.921062709532936     0.017971905906337713
19.965369988269135     0.020295770955488762
20.00967726700534     0.02250371996397433
20.05398454574154     0.02493735401326572
20.098291824477737     0.027779258291965963
20.142599103213943     0.030854948190330724
20.18690638195014     0.03360663056854462
20.23121366068634     0.03526013912647832
20.275520939422545     0.03511337646493035
20.319828218158744     0.03282382126792672
20.364135496894942     0.028571138136687917
20.408442775631148     0.02301856533293487
20.452750054367346     0.01708646837348174
20.497057333103545     0.011645128794072286
20.54136461183975     0.007271322643915985
20.58567189057595     0.0041654982776175966
20.629979169312147     0.002229935965702948
20.674286448048353     0.0012332737491606348
20.71859372678455     0.000973456273367169
20.76290100552075     0.001383819193676588
20.807208284256955     0.0025635718600069486
20.851515562993153     0.004730413888678322
20.895822841729352     0.008099555892213874
20.940130120465557     0.012714201455573525
20.984437399201756     0.018292243128554462
21.028744677937954     0.024181608902165357
21.07305195667416     0.029487901138131285
21.11735923541036     0.03334430164666737
21.161666514146557     0.03519263176548201
21.205973792882762     0.0349232825015611
21.25028107161896     0.032813366042621576
21.29458835035516     0.029338371235921513
21.33889562909137     0.024998195800760493
