-21.85291868273084     0.005166073128758369
-21.80861159935843     0.006134199118925886
-21.764304515986012     0.006975276284728992
-21.7199974326136     0.007609622679120957
-21.675690349241183     0.007974407761267156
-21.63138326586877     0.008060897263502977
-21.587076182496354     0.00794733104792224
-21.54276909912394     0.007795756892115426
-21.498462015751524     0.007800404803185239
-21.45415493237911     0.008109818229652607
-21.409847849006695     0.008765479822951134
-21.365540765634282     0.00968849662554342
-21.321233682261866     0.010714214204254606
-21.276926598889453     0.011650634925812238
-21.23261951551704     0.012337405835904904
-21.188312432144624     0.012698325734212075
-21.14400534877221     0.012788071369730378
-21.099698265399795     0.012822358076046873
-21.055391182027382     0.013164318080776862
-21.011084098654965     0.014242928818476719
-20.966777015282553     0.01641126214631751
-20.922469931910136     0.0197963376257157
-20.878162848537723     0.024215734224038537
-20.833855765165307     0.029213788625511678
-20.789548681792894     0.03420738189762985
-20.745241598420478     0.038667355315479976
-20.700934515048065     0.04224398678675091
-20.656627431675652     0.04478901970217124
-20.612320348303236     0.04629914365871145
-20.568013264930823     0.04685134585494403
-20.523706181558406     0.04658725201776848
-20.479399098185993     0.045745812725246096
-20.435092014813577     0.04468832598758074
-20.390784931441164     0.04385160216323527
-20.346477848068748     0.04361513660859067
-20.302170764696335     0.044143255878264065
-20.25786368132392     0.04530543667587113
-20.213556597951506     0.046746421333202
-20.16924951457909     0.04808428914898753
-20.124942431206676     0.049123002674883454
-20.08063534783426     0.049946689521312426
-20.036328264461847     0.050835993324663015
-19.992021181089434     0.05206146698081313
-19.947714097717018     0.05368303295744932
-19.903407014344605     0.05547028091512003
-19.85909993097219     0.056976380902271175
-19.814792847599776     0.057713112612127575
-19.77048576422736     0.05733888551084548
-19.726178680854947     0.05579034751339186
-19.68187159748253     0.05332760445713239
-19.637564514110117     0.0504925354690869
-19.5932574307377     0.04799924545859541
-19.548950347365288     0.04660010833765707
-19.504643263992875     0.046992571802065945
-19.46033618062046     0.04981639631467309
-19.416029097248042     0.05571975941036308
-19.37172201387563     0.06538420994716404
-19.327414930503217     0.07937164392019297
-19.2831078471308     0.09774351838286675
-19.238800763758388     0.11957532413961167
-19.19449368038597     0.14264654795618198
-19.15018659701356     0.1636105392795787
-19.105879513641142     0.17877504165949828
-19.06157243026873     0.1852964055318645
-19.017265346896313     0.18227891886487055
-18.9729582635239     0.17120175162977053
-18.928651180151483     0.15538525498055775
-18.88434409677907     0.1387194815165143
-18.840037013406658     0.12428042414734816
-18.79572993003424     0.1134819394415281
-18.75142284666183     0.1060588777548223
-18.707115763289412     0.10070971413450698
-18.662808679917     0.09594164016644727
-18.618501596544583     0.09068553451416095
-18.57419451317217     0.08449455887648848
-18.529887429799754     0.07740941634972548
-18.48558034642734     0.06971041739419771
-18.441273263054924     0.061757024009819014
-18.39696617968251     0.0540133406990492
-18.352659096310095     0.047251583749654665
-18.308352012937682     0.04284142433972089
-18.264044929565266     0.042958123534390005
-18.219737846192853     0.050473438228410564
-18.17543076282044     0.06828968447721391
-18.131123679448024     0.09806442534845511
-18.08681659607561     0.13872256342955855
-18.042509512703194     0.18567525468735496
-17.99820242933078     0.23176775625329166
-17.953895345958365     0.2702188061904982
-17.909588262585952     0.298369196080929
-17.865281179213536     0.3198949449572826
-17.820974095841123     0.34340014041960626
-17.776667012468707     0.37727975930151636
-17.732359929096294     0.4233783236303482
-17.68805284572388     0.47341254968289204
-17.643745762351465     0.5110237951874991
-17.59943867897905     0.5190000864576785
-17.555131595606635     0.48776166768750623
-17.510824512234223     0.4201747683443061
-17.466517428861806     0.33006662138023457
-17.422210345489393     0.2358007940511858
-17.377903262116977     0.1529831279192106
-17.333596178744564     0.09006808737518764
-17.289289095372148     0.048100974441877525
-17.244982011999735     0.023296910648334175
-17.200674928627322     0.010231822051723892
-17.156367845254906     0.00407469313807719
-17.11206076188249     0.0014715670281978273
-17.067753678510076     0.00048287694530088984
-17.023446595137663     0.00014715152250273784
-16.979139511765247     5.146808283657815e-05
-16.93483242839283     4.59595246490518e-05
-16.890525345020418     9.539184561557312e-05
-16.846218261648005     0.00021625544651695643
-16.80191117827559     0.0004526388394500841
-16.757604094903176     0.000860213550274415
-16.71329701153076     0.0014821522007042026
-16.668989928158346     0.002315026824232147
-16.62468284478593     0.0032778656581797386
-16.580375761413517     0.004207244531852144
-16.536068678041104     0.004895260466377655
-16.491761594668688     0.005163275482109215
-16.44745451129627     0.004936807937569908
-16.40314742792386     0.004278963761236965
-16.358840344551446     0.003362036525449894
-16.31453326117903     0.0023946259712348894
-16.270226177806617     0.001546124249037162
-16.2259190944342     0.0009049457337129714
-16.181612011061787     0.00048014468351425616
-16.13730492768937     0.00023093680552503264
-16.092997844316958     0.00010068983422730162
-16.04869076094454     3.979692712242516e-05
-16.00438367757213     1.4258862985262044e-05
-15.960076594199714     4.6311803523841605e-06
-15.9157695108273     1.3635464419417985e-06
-15.871462427454885     3.63931474451572e-07
-15.82715534408247     8.805230751252635e-08
-15.782848260710056     1.9312269283905275e-08
-15.738541177337641     3.839700208903707e-09
-15.694234093965228     6.920425034621202e-10
-15.649927010592812     1.1306798738402068e-10
-15.605619927220399     1.674626645707664e-11
-15.561312843847983     2.2483699629989014e-12
-15.51700576047557     2.7364593078906433e-13
-15.472698677103153     3.0191289061175315e-14
-15.42839159373074     3.0195745771913407e-15
-15.384084510358326     2.737671321508125e-16
-15.339777426985911     2.250030167362831e-17
-15.295470343613497     1.6764103480787364e-18
-15.251163260241082     1.1426076102364154e-19
-15.206856176868667     2.5687480645231154e-20
-15.162549093496253     3.063012290424313e-19
-15.11824201012384     4.5234941389190946e-18
-15.073934926751424     6.063921985282669e-17
-15.02962784337901     7.369882297217817e-16
-14.985320760006594     8.12102323378946e-15
-14.941013676634181     8.113864178636079e-14
-14.896706593261765     7.350937546881865e-13
-14.852399509889352     6.0394474043724915e-12
-14.808092426516938     4.500348074960678e-11
-14.763785343144523     3.0420210810085105e-10
-14.719478259772108     1.8656997584786958e-09
-14.675171176399694     1.0385121157527269e-08
-14.630864093027279     5.248537703686689e-08
-14.586557009654864     2.409572005109827e-07
-14.54224992628245     1.0055398346645819e-06
-14.497942842910035     3.817512998922878e-06
-14.453635759537622     1.3199163640459598e-05
-14.409328676165206     4.161745763344144e-05
-14.365021592792793     0.00011986038993041744
-14.320714509420377     0.0003159278119902857
-14.276407426047964     0.0007637898634249513
-14.23210034267555     0.0016977718297888156
-14.187793259303135     0.0034782910914844846
-14.14348617593072     0.006582861533642065
-14.099179092558305     0.011529531794712113
-14.05487200918589     0.018708536410376293
-14.010564925813476     0.028132421465022414
-13.966257842441061     0.03917712639247531
-13.921950759068647     0.05045394284397831
-13.877643675696234     0.059969346331412626
-13.833336592323818     0.06563570444267616
-13.789029508951405     0.06599471573027513
-13.74472242557899     0.06082398839507469
-13.700415342206576     0.05128403892223769
-13.656108258834161     0.03949155168992106
-13.611801175461746     0.027736041757735863
-13.567494092089332     0.01774727362541588
-13.523187008716917     0.010338004027788549
-13.478879925344502     0.005482753742129602
-13.434572841972088     0.002660445391072964
-13.390265758599673     0.0012260714238323885
-13.345958675227259     0.0006638715232674765
-13.301651591854844     0.0006993351321344485
-13.25734450848243     0.0013180063747773078
-13.213037425110015     0.0027364326865644325
-13.168730341737602     0.005329889317447103
-13.124423258365187     0.009493482937412454
-13.080116174992773     0.015434728661787182
-13.035809091620358     0.022965732883582446
-12.991502008247943     0.03142795361042959
-12.947194924875529     0.03986121092044187
-12.902887841503114     0.047394983745240864
-12.8585807581307     0.05370059772842375
-12.814273674758285     0.059401934078036955
-12.76996659138587     0.06672551757082512
-12.725659508013456     0.081237759896475
-12.681352424641041     0.11582722960632523
-12.637045341268626     0.19754049869609477
-12.592738257896213     0.3759494237580955
-12.548431174523799     0.7284289880871999
-12.504124091151384     1.354422913501973
-12.45981700777897     2.3507693853591367
-12.415509924406555     3.767351016088768
-12.37120284103414     5.556938767318627
-12.326895757661726     7.54721331511262
-12.282588674289311     9.462516430801408
-12.238281590916896     10.999519257664712
-12.193974507544482     11.925322152102039
-12.149667424172067     12.146298213371164
-12.105360340799653     11.712953442000794
-12.061053257427238     10.770762766872524
-12.016746174054823     9.50192951785384
-11.97243909068241     8.097742903722452
-11.928132007309996     6.763346595850381
-11.883824923937581     5.724098947939783
-11.839517840565167     5.2040483963718875
-11.795210757192752     5.375777837602616
-11.750903673820337     6.3077400931613266
-11.706596590447923     7.939674227702922
-11.662289507075508     10.101352140072711
-11.617982423703094     12.569608072000326
-11.573675340330679     15.144152614491013
-11.529368256958264     17.716534729638518
-11.48506117358585     20.308368093252355
-11.440754090213435     23.0647109285527
-11.396447006841022     26.20400087451245
-11.352139923468608     29.939773397325247
-11.307832840096193     34.39407480361457
-11.263525756723778     39.519866136806996
-11.219218673351364     45.05063794331334
-11.174911589978949     50.50427578089365
-11.130604506606534     55.26970168780767
-11.08629742323412     58.77668366163067
-11.041990339861705     60.69391595308106
-10.99768325648929     61.05790617703467
-10.953376173116876     60.25167035189699
-10.909069089744461     58.83219252041876
-10.864762006372047     57.29765336865074
-10.820454922999632     55.92096811624041
-10.77614783962722     54.72656226416943
-10.731840756254805     53.58906058395003
-10.68753367288239     52.359129367976934
-10.643226589509975     50.925009462216074
-10.59891950613756     49.18815685319503
-10.554612422765146     47.00720706766538
-10.510305339392731     44.18724377510183
-10.465998256020317     40.54947625713622
-10.421691172647902     36.04793546005665
-10.377384089275488     30.857222701803803
-10.333077005903073     25.367200849343945
-10.288769922530658     20.075816921949816
-10.244462839158244     15.431292150175555
-10.200155755785831     11.701080641002545
-10.155848672413416     8.92420148249556
-10.111541589041002     6.954322269545458
-10.067234505668587     5.556660084061413
-10.022927422296172     4.505983854797623
-9.978620338923758     3.647039043624315
-9.934313255551343     2.906927090878093
-9.890006172178929     2.2729184339724355
-9.845699088806514     1.758608760494301
-9.8013920054341     1.3768809894865437
-9.757084922061685     1.1272319715973798
-9.71277783868927     0.9954335179580476
-9.668470755316855     0.9590678348705188
-9.62416367194444     0.9929150129193531
-9.579856588572028     1.0712695677786406
-9.535549505199613     1.1677722877027046
-9.491242421827199     1.2555096949381883
-9.446935338454784     1.3098945977774958
-9.40262825508237     1.31438074109631
-9.358321171709955     1.2660901859907177
-9.31401408833754     1.177294571520069
-9.269707004965126     1.0706237633997873
-9.225399921592711     0.9697857398394099
-9.181092838220296     0.8906501044556161
-9.136785754847882     0.8373819000309932
-9.092478671475467     0.8049324395119956
-9.048171588103052     0.7851106963975814
-9.00386450473064     0.7716990533885266
-8.959557421358225     0.7617636351372998
-8.91525033798581     0.7537999560649691
-8.870943254613396     0.745679775763515
-8.826636171240981     0.7347734345567869
-8.782329087868566     0.7200082117069573
-8.738022004496152     0.7035497877956826
-8.693714921123737     0.6900750347657474
-8.649407837751323     0.6837813101681315
-8.605100754378908     0.6852975618258368
-8.560793671006493     0.6908460298557981
-8.516486587634079     0.6943592289734479
-8.472179504261664     0.6911908254623942
-8.42787242088925     0.6810829151358451
-8.383565337516837     0.6687053940969367
-8.339258254144422     0.6617629741048762
-8.294951170772007     0.6682390365402833
-8.250644087399593     0.6949303980168955
-8.206337004027178     0.7487881391955276
-8.162029920654764     0.8410311341523737
-8.117722837282349     0.992108752462862
-8.073415753909934     1.2340290163121126
-8.02910867053752     1.606166960483654
-7.984801587165105     2.142367509179687
-7.94049450379269     2.8514236415195726
-7.896187420420276     3.6986793192587086
-7.851880337047861     4.600123006656042
-7.807573253675448     5.437643164702099
-7.763266170303034     6.093835612634291
-7.718959086930619     6.4917451250910325
-7.674652003558204     6.618577692458155
-7.63034492018579     6.519621313691696
-7.586037836813375     6.266566180391061
-7.5417307534409606     5.920698440998051
-7.497423670068546     5.513284525980568
-7.453116586696131     5.0511137548008165
-7.408809503323717     4.536446608596464
-7.364502419951302     3.9828307540856844
-7.320195336578887     3.41627386558061
-7.275888253206473     2.8656508434197026
-7.231581169834058     2.353411473215208
-7.187274086461645     1.8933088270795668
-7.142967003089231     1.4932695008888675
-7.098659919716816     1.1579061808817896
-7.0543528363444015     0.8881797698650225
-7.010045752971987     0.6800156307802866
-6.965738669599572     0.524523109587543
-6.921431586227158     0.41028487762638527
-6.877124502854743     0.3262491195533483
-6.832817419482328     0.2637985999991485
-6.788510336109914     0.2176706757924452
-6.744203252737499     0.18605811569927733
-6.6998961693650845     0.17008993761942598
-6.65558908599267     0.1725817912829338
-6.611282002620257     0.19599307323594103
-6.566974919247842     0.23998094016565075
-6.522667835875428     0.2995336266998594
-6.478360752503013     0.36495362413976473
-6.4340536691305985     0.4244331460386873
-6.389746585758184     0.46851235850715534
-6.345439502385769     0.49416175283688046
-6.301132419013355     0.5059900217405866
-6.25682533564094     0.5137751311263437
-6.212518252268525     0.5280181121002647
-6.168211168896111     0.5564128062464742
-6.123904085523696     0.602906691129329
-6.0795970021512815     0.6684756601977047
-6.035289918778867     0.751221970282586
-5.990982835406454     0.84447023933756
-5.946675752034039     0.9343926551674282
-5.902368668661625     1.0006570729772544
-5.85806158528921     1.0223313106691632
-5.813754501916794     0.9872115707383715
-5.769447418544381     0.8991983794734295
-5.725140335171968     0.7787100189375374
-5.680833251799552     0.6554676493537065
-5.636526168427139     0.5577722596854531
-5.592219085054722     0.5038631148074335
-5.54791200168231     0.49857470994493136
-5.503604918309893     0.5349482041816358
-5.45929783493748     0.5985116798265118
-5.414990751565064     0.6721486671051918
-5.370683668192651     0.7404420671014718
-5.326376584820235     0.7928376106325041
-5.282069501447822     0.8249628219596141
-5.237762418075405     0.8377619067845228
-5.193455334702993     0.8350413155994145
-5.149148251330576     0.8208786412754832
-5.104841167958163     0.7982581583429309
-5.0605340845857505     0.7692343112977287
-5.016227001213334     0.7358064485171347
-4.971919917840921     0.7004385879707204
-4.927612834468505     0.6658110092302094
-4.883305751096092     0.6342005974534634
-4.838998667723676     0.6071982200899488
-4.794691584351263     0.5862570674569039
-4.750384500978846     0.574130110552359
-4.7060774176064335     0.5767349035132665
-4.661770334234017     0.6044164043242393
-4.617463250861604     0.6713069328493066
-4.573156167489188     0.7920684437697727
-4.528849084116775     0.9767790278695516
-4.484542000744362     1.2261106223275489
-4.440234917371946     1.5289334004392097
-4.395927833999533     1.8629217898279555
-4.3516207506271165     2.197196554759163
-4.307313667254704     2.4962902594998893
-4.263006583882287     2.726407304491431
-4.218699500509874     2.8653786888460973
-4.174392417137458     2.914856730866693
-4.130085333765045     2.9087973141035457
-4.085778250392629     2.9105247569169626
-4.041471167020216     2.9945005315820286
-3.9971640836477995     3.2167532338867124
-3.9528570002753867     3.585304814176277
-3.908549916902974     4.044833939064627
-3.8642428335305574     4.48624278990042
-3.8199357501581446     4.781819451475467
-3.775628666785728     4.833495444172527
-3.7313215834133153     4.612368881401638
-3.687014500040899     4.169816362201176
-3.642707416668486     3.6152454086119596
-3.5984003332960697     3.0739750952003186
-3.554093249923657     2.648012551752311
-3.5097861665512404     2.396645536537136
-3.4654790831788276     2.3386470501845804
-3.421171999806411     2.465410482877605
-3.3768649164339983     2.75240993059215
-3.3325578330615855     3.1638136640399805
-3.288250749689169     3.6543299851579922
-3.2439436663167562     4.176089471044568
-3.19963658294434     4.694371789514856
-3.155329499571927     5.207842181664604
-3.1110224161995106     5.762744450967818
-3.0667153328270977     6.45050553478144
-3.0224082494546813     7.384843740813627
-2.9781011660822685     8.664825042924498
-2.933794082709852     10.33950342805836
-2.8894869993374392     12.392136363397444
-2.845179915965023     14.753581940922773
-2.80087283259261     17.33758925269197
-2.7565657492201936     20.07540627654396
-2.7122586658477807     22.925632736122946
-2.667951582475368     25.85113028867496
-2.6236444991029515     28.778046764999175
-2.5793374157305387     31.566193120811842
-2.5350303323581223     34.01543069316921
-2.4907232489857094     35.91286276807798
-2.446416165613293     37.102624340706456
-2.40210908224088     37.546235906170494
-2.3578019988684638     37.34405185831515
-2.313494915496051     36.707083256093554
-2.2691878321236345     35.89414270009064
-2.2248807487512217     35.14594940707131
-2.1805736653788053     34.6433009059122
-2.1362665820063924     34.49409053214498
-2.0919594986339796     34.7332150558219
-2.047652415261563     35.319473904945156
-2.0033453318891503     36.134102082163636
-1.959038248516734     37.004219038068435
-1.914731165144321     37.7667460869762
-1.8704240817719047     38.353575051622464
-1.8261169983994918     38.84610328277236
-1.7818099150270754     39.451679029361415
-1.7375028316546626     40.40224882699704
-1.6931957482822462     41.83278824503881
-1.6488886649098333     43.71695472182153
-1.604581581537417     45.901287090089575
-1.560274498165004     48.21397306498437
-1.5159674147925912     50.57846883303989
-1.4716603314201748     53.06650675968193
-1.427353248047762     55.870271280408865
-1.3830461646753456     59.22345694089906
-1.3387390813029327     63.32162999406333
-1.2944319979305163     68.2750796805466
-1.2501249145581035     74.09164427986902
-1.205817831185687     80.66465776761211
-1.1615107478132742     87.75132149241357
-1.1172036644408578     94.95853117176148
-1.072896581068445     101.77307342824801
-1.0285894976960286     107.65638998353022
-0.9842824143236157     112.18073146710285
-0.9399753309512029     115.14974811715706
-0.8956682475787865     116.64935392230011
-0.8513611642063736     117.00822701718889
-0.8070540808339572     116.68532828403008
-0.7627469974615444     116.12541260858592
-0.718439914089128     115.6301624577869
-0.6741328307167151     115.28454094720328
-0.6298257473442987     114.95549664695349
-0.5855186639718859     114.3501345807291
-0.5412115805994695     113.10093569258538
-0.49690449722705665     110.85032443683369
-0.45259741385464025     107.32651006815425
-0.4082903304822274     102.41113716000623
-0.363983247109811     96.18493772188744
-0.31967616373739816     88.92076851695565
-0.2753690803649853     81.00601492344268
-0.2310619969925689     72.82113882567698
-0.18675491362015606     64.64040752363834
-0.14244783024773966     56.61235686488371
-0.09814074687532681     48.820833396773786
-0.05383366350291041     41.368565883745305
-0.009526580130497564     34.413871711100406
0.034780503241918836     28.134948130144537
0.07908758661433168     22.656281049676345
0.12339466998674808     17.99900748702592
0.16770175335916093     14.093284216001287
0.21200883673157733     10.839501805727412
0.2563159201039902     8.169187548160863
0.30062300347640303     6.061929402098263
0.34493008684881943     4.512656385428654
0.3892371702212323     3.4812227120793846
0.4335442535936487     2.865587892375295
0.4778513369660615     2.518451928471687
0.5221584203384779     2.2948264986881552
0.5664655037108908     2.098361453148829
0.6107725870833072     1.8983167492682371
0.65507967045572     1.7108359545103422
0.6993867538281364     1.5612612893432498
0.7436938372005493     1.4535880975217936
0.7880009205729657     1.3645790606724433
0.8323080039453785     1.2617866570513339
0.8766150873177914     1.130353530129045
0.9209221706902078     0.9915722571220478
0.9652292540626206     0.904808438744963
1.009536337435037     0.9542543539875237
1.0538434208074499     1.2255707573205816
1.0981505041798663     1.7757573321607487
1.142457587552279     2.6000054675037885
1.1867646709246955     3.6063981122763704
1.2310717542971084     4.617335021611984
1.2753788376695248     5.412833137147057
1.3196859210419376     5.809458331509363
1.363993004414354     5.740907803599235
1.4083000877867669     5.2947721689913445
1.4526071711591797     4.678660666923929
1.496914254531596     4.128233546290405
1.541221337904009     3.8034450488520175
1.5855284212764253     3.7255503820313027
1.6298355046488382     3.7839513392257973
1.6741425880212546     3.8043172227796913
1.7184496713936674     3.6388667942781527
1.7627567547660838     3.2319182802759654
1.8070638381384967     2.631900750718977
1.851370921510913     1.9532258672712683
1.895678004883326     1.317296958929342
1.9399850882557423     0.8063285716225451
1.9842921716281552     0.4477742940468875
2.028599255000568     0.22582423741881963
2.0729063383729844     0.10438413222859848
2.1172134217453973     0.04711089956063143
2.1615205051178137     0.028337286748306018
2.2058275884902265     0.036017631804197134
2.250134671862643     0.07039567603557734
2.294441755235056     0.14088368862912015
2.338748838607472     0.26154941969366685
2.383055921979885     0.4450235836764471
2.4273630053523014     0.6962396403428459
2.4716700887247143     1.009685674837222
2.5159771720971307     1.3736922849883924
2.5602842554695435     1.780614419357975
2.60459133884196     2.2348891137249725
2.6488984222143728     2.748693871209988
2.6932055055867856     3.322837920046269
2.737512588959202     3.925117683893266
2.781819672331615     4.486735864708955
2.8261267557040313     4.9281547737886555
2.870433839076444     5.202558279087962
2.9147409224488605     5.327057570615434
2.9590480058212734     5.376903649126069
3.0033550891936898     5.444540466391016
3.0476621725661026     5.591413053264773
3.091969255938519     5.82393557396221
3.136276339310932     6.104384661681557
3.1805834226833483     6.382057801931277
3.224890506055761     6.620561704583308
3.269197589428174     6.8071690403654035
3.3135046728005904     6.946497836947142
3.357811756173003     7.048946450634168
3.4021188395454196     7.121991840186599
3.4464259229178325     7.167115094831827
3.490733006290249     7.182527780723424
3.5350400896626617     7.170487666368414
3.579347173035078     7.144913517729515
3.623654256407491     7.133022236501542
3.6679613397799073     7.168827957826569
3.71226842315232     7.2843162610825605
3.7565755065247366     7.506150040797869
3.8008825898971494     7.857019063039151
3.8451896732695623     8.350551936615082
3.8894967566419787     8.971704456723419
3.9338038400143915     9.651893420075991
3.978110923386808     10.262539365956282
4.022418006759221     10.64393034593548
4.066725090131637     10.660701979225049
4.11103217350405     10.253344613582426
4.155339256876466     9.457168009168342
4.199646340248879     8.383354998079447
4.243953423621296     7.179451905227996
4.2882605069937085     5.991080944141816
4.332567590366125     4.935087115771598
4.376874673738538     4.0828158824025484
4.421181757110951     3.4516520263261015
4.465488840483367     3.0088923598760715
4.50979592385578     2.6924481100871107
4.554103007228196     2.4431793908397674
4.598410090600609     2.232304339168597
4.6427171739730255     2.0668334817370457
4.687024257345438     1.9695945786101565
4.731331340717855     1.9481776051952608
4.775638424090268     1.9748784229307446
4.819945507462684     1.9915320138950245
4.864252590835097     1.9356927411202989
4.908559674207513     1.7709034838961797
4.952866757579926     1.5027466687746873
4.9971738409523425     1.1730874888034195
5.041480924324755     0.8386828456480064
5.085788007697168     0.5478191296557828
5.130095091069585     0.3264704761716274
5.1744021744419975     0.17735032793238986
5.218709257814414     0.08776504649581289
5.263016341186827     0.03954441698180853
5.307323424559243     0.016215236052524836
5.351630507931656     0.006048590501877963
5.395937591304072     0.002051682696667902
5.440244674676485     0.0006326106505983235
5.484551758048902     0.0001772519417109487
5.5288588414213145     4.511742590600271e-05
5.573165924793731     1.0429886683515114e-05
5.617473008166144     2.1892337489611255e-06
5.6617800915385565     4.1714669196069975e-07
5.706087174910973     7.214184599988108e-08
5.750394258283386     1.1321789391587324e-08
5.794701341655802     1.6121628368764483e-09
5.839008425028215     2.082636770375124e-10
5.883315508400631     2.440512252539182e-11
5.927622591773044     2.5939987436691463e-12
5.971929675145461     2.500598551041429e-13
6.0162367585178735     2.186113608479344e-14
6.06054384189029     1.733123197955234e-15
6.104850925262703     1.2459231892156462e-16
6.149158008635119     8.121546012768635e-18
6.193465092007532     4.800398547379214e-19
6.237772175379945     2.6228992973706184e-20
6.282079258752361     1.057919506199419e-20
6.326386342124774     1.5605936341934297e-19
6.3706934254971905     2.3648545157680864e-18
6.415000508869603     3.249825428725767e-17
6.45930759224202     4.0486459690036533e-16
6.503614675614433     4.57256771845315e-15
6.547921758986849     4.6818771244002425e-14
6.592228842359262     4.346114407907187e-13
6.636535925731678     3.657792141294729e-12
6.680843009104091     2.7912190039628725e-11
6.7251500924765075     1.9313122759191964e-10
6.76945717584892     1.2117969084792789e-09
6.813764259221333     6.8955990771653985e-09
6.85807134259375     3.559094706395681e-08
6.9023784259661625     1.6665258782107527e-07
6.946685509338579     7.080993257272892e-07
6.990992592710992     2.731010817425691e-06
7.035299676083408     9.564901451918606e-06
7.079606759455821     3.0437067918791885e-05
7.123913842828237     8.806472031243017e-05
7.16822092620065     0.0002318923214463424
7.212528009573067     0.0005564038334418398
7.2568350929454795     0.0012184531707886994
7.301142176317896     0.002440298651902417
7.345449259690309     0.004481739571583805
7.389756343062725     0.007573156525725915
7.434063426435138     0.011823145907692055
7.478370509807551     0.017138190839600848
7.522677593179967     0.023196669005770637
7.56698467655238     0.02949434382260481
7.6112917599247965     0.03543833656821914
7.655598843297209     0.04044417230729328
7.699905926669626     0.04400479578203675
7.7442130100420385     0.045734990862723056
7.788520093414455     0.04541339998600474
7.832827176786868     0.043030163729788004
7.877134260159284     0.038819942690050874
7.921441343531697     0.03324951288370895
7.965748426904113     0.026946616271820177
8.010055510276526     0.020585252200392874
8.05436259364894     0.014760833923676102
8.098669677021356     0.009890498017283603
8.142976760393768     0.006164492939680703
8.187283843766185     0.003558271668277659
8.231590927138598     0.0018944917188671367
8.275898010511014     0.0009270952398940772
8.320205093883427     0.0004157739186677896
8.364512177255843     0.00017055333672891276
8.408819260628256     6.42486297427599e-05
8.453126344000673     2.3632585572219352e-05
8.497433427373085     1.3325064321103418e-05
8.541740510745502     2.2505283661577634e-05
8.586047594117915     5.8987811628899454e-05
8.630354677490327     0.00015099986840128802
8.674661760862744     0.00035379783476301586
8.718968844235157     0.000754592771006339
8.763275927607573     0.0014655807832339447
8.807583010979986     0.0025951060099334814
8.851890094352402     0.004196225823876356
8.896197177724815     0.006210198374958188
8.940504261097232     0.008439091618124032
8.984811344469644     0.010579378320542414
9.02911842784206     0.012317959107706786
9.073425511214474     0.013447738005175108
9.11773259458689     0.013935351854035636
9.162039677959303     0.013895780524698084
9.206346761331716     0.013489386213039953
9.250653844704132     0.012812812748381492
9.294960928076545     0.011859970556991187
9.339268011448961     0.01057553334758106
9.383575094821374     0.008952837451719268
9.42788217819379     0.007097923235730837
9.472189261566204     0.005213684708393207
9.51649634493862     0.0035211315502506045
9.560803428311033     0.002175319094466466
9.60511051168345     0.001225264640937778
9.649417595055862     0.0006278974707098403
9.693724678428278     0.000292362550426294
9.738031761800691     0.00012358457914122894
9.782338845173108     4.740080884018068e-05
9.82664592854552     1.6490727151519136e-05
9.870953011917933     5.202752894924684e-06
9.91526009529035     1.4883541659523277e-06
9.959567178662763     3.8602988509343036e-07
10.003874262035179     9.077338731090994e-08
10.048181345407592     1.936145283202465e-08
10.092488428780008     3.823725078749527e-09
10.136795512152421     1.2239369874447752e-09
10.181102595524838     3.584000853998283e-09
10.225409678897254     1.9314117550403526e-08
10.269716762269663     9.702451418043553e-08
10.31402384564208     4.4215956733187153e-07
10.358330929014496     1.8266536378986173e-06
10.402638012386905     6.840770609728422e-06
10.446945095759322     2.3223384663251868e-05
10.491252179131738     7.146908586942546e-05
10.535559262504155     0.00019938133924769428
10.579866345876564     0.0005042287336277304
10.62417342924898     0.0011559930570955715
10.668480512621397     0.002402625296461682
10.712787595993813     0.0045275667206778275
10.757094679366222     0.007737479776054143
10.801401762738639     0.011999128808627215
10.845708846111055     0.016909841957965775
10.890015929483472     0.021730009232853776
10.93432301285588     0.025669100541488236
10.978630096228297     0.028382614991058833
11.022937179600714     0.03047072743337298
11.067244262973123     0.03368072621950716
11.11155134634554     0.040578406086846104
11.155858429717956     0.053659141957107484
11.200165513090372     0.0741493579826792
11.244472596462781     0.10100610376376917
11.288779679835198     0.13071624386778125
11.333086763207614     0.158266930469034
11.37739384658003     0.1790745810262404
11.42170092995244     0.19098688892569665
11.466008013324856     0.19520453478164704
11.510315096697273     0.19545059711671064
11.554622180069689     0.19576447106188896
11.598929263442098     0.19822446025149254
11.643236346814515     0.2019976039531176
11.687543430186931     0.2042332916964617
11.73185051355934     0.20207627026495212
11.776157596931757     0.1944110156192806
11.820464680304173     0.18233785373951372
11.86477176367659     0.16840974400243444
11.909078847048999     0.1554229093065304
11.953385930421415     0.14552277767298682
11.997693013793832     0.13983808720171143
12.042000097166248     0.13844979130325258
12.086307180538657     0.14053049870917497
12.130614263911074     0.14468202098038951
12.17492134728349     0.14948747311543284
12.2192284306559     0.1540893874502211
12.263535514028316     0.1585036494090328
12.307842597400732     0.16353893581218587
12.352149680773149     0.17044727792386274
12.396456764145558     0.1805322531097511
12.440763847517974     0.19484854571512433
12.48507093089039     0.2140061408649354
12.529378014262807     0.23807024243615005
12.573685097635217     0.2665730925308316
12.617992181007633     0.2986207923639459
12.66229926438005     0.333006588804205
12.706606347752466     0.3682518927953173
12.750913431124875     0.40261336156054617
12.795220514497291     0.4341708703826187
12.839527597869708     0.46100972055512934
12.883834681242117     0.48133152321491224
12.928141764614534     0.49334600079068497
12.97244884798695     0.49510826751865256
13.016755931359366     0.48477411305434814
13.061063014731776     0.4616068014916671
13.105370098104192     0.42741780050340905
13.149677181476608     0.3874690105831058
13.193984264849025     0.3498615166368032
13.238291348221434     0.32324122604063393
13.28259843159385     0.31372746988656464
13.326905514966267     0.32254360996137893
13.371212598338676     0.34551921696058535
13.415519681711093     0.3746802460006846
13.459826765083509     0.4011413713448848
13.504133848455925     0.41800137615052285
13.548440931828335     0.42213031688141206
13.592748015200751     0.41443973985970683
13.637055098573168     0.398974960260692
13.681362181945584     0.3815102394534293
13.725669265317993     0.3681633451333569
13.76997634869041     0.36418395015754235
13.814283432062826     0.3729039971867124
13.858590515435242     0.39495631629071115
13.902897598807652     0.4280235645957714
13.947204682180068     0.4673257862188197
13.991511765552485     0.506814718125048
14.035818848924894     0.5408045817801629
14.08012593229731     0.5656163314712308
14.124433015669727     0.5807003587482708
14.168740099042143     0.5886792252181515
14.213047182414552     0.5940188936240791
14.257354265786969     0.600670661587738
14.301661349159385     0.6097177598331134
14.345968432531802     0.6182841932850972
14.39027551590421     0.6204444132792591
14.434582599276627     0.6098558312870821
14.478889682649044     0.582904773539002
14.52319676602146     0.5408277632616448
14.56750384939387     0.4897167049029092
14.611810932766286     0.4383235102806291
14.656118016138702     0.39466202150712104
14.700425099511111     0.363015866867299
14.744732182883528     0.3427536840032608
14.789039266255944     0.32940546376859725
14.83334634962836     0.31728493418229464
14.87765343300077     0.3022277410443725
14.921960516373186     0.28313664784388104
14.966267599745603     0.26181603056964364
15.01057468311802     0.24148933832105307
15.054881766490428     0.22492566570950212
15.099188849862845     0.21309741392692583
15.143495933235261     0.20489093344255982
15.18780301660767     0.19783942164862606
15.232110099980087     0.1893794158442932
15.276417183352503     0.1779502849288695
15.32072426672492     0.16344489303964033
15.365031350097329     0.14694967153675437
15.409338433469745     0.13009300559398573
15.453645516842162     0.11442040373070503
15.497952600214578     0.10103902787508504
15.542259683586988     0.09052277440805265
15.586566766959404     0.0829385852979243
15.63087385033182     0.0778917013460062
15.675180933704237     0.0745989040878042
15.719488017076646     0.07205785403733198
15.763795100449062     0.06932902655336502
15.808102183821479     0.06583380331476826
15.852409267193888     0.061513061817648415
15.896716350566304     0.05676161630615256
15.941023433938721     0.052208980340350014
15.985330517311137     0.04851721260666766
16.029637600683547     0.04631330403482642
16.073944684055963     0.04621237019585807
16.11825176742838     0.04877139588363415
16.162558850800796     0.0542574953813055
16.206865934173205     0.062292884561434794
16.25117301754562     0.0716064778341972
16.295480100918038     0.08013692456838391
16.339787184290454     0.08556207976953656
16.384094267662864     0.08607499892672554
16.42840135103528     0.0810503964017209
16.472708434407696     0.07126976850458462
16.517015517780106     0.05859573949276685
16.561322601152522     0.045274391225816765
16.60562968452494     0.033219017686202196
16.649936767897355     0.02358730377195071
16.694243851269764     0.016753570832011698
16.73855093464218     0.012553865615890263
16.782858018014597     0.010584619413022255
16.827165101387013     0.010392877097400118
16.871472184759423     0.0115271074524596
16.91577926813184     0.01351736998854176
16.960086351504255     0.01587090788842055
17.004393434876665     0.018122798409101543
17.04870051824908     0.019923224514270477
17.093007601621498     0.02111347290847005
17.137314684993914     0.02175018664314727
17.181621768366323     0.02206648529396219
17.22592885173874     0.022388850480076633
17.270235935111156     0.023044809316608898
17.314543018483572     0.024290835083306775
17.35885010185598     0.02626675118734495
17.403157185228398     0.02896107745551249
17.447464268600815     0.03217331169251271
17.49177135197323     0.03548679226291178
17.53607843534564     0.0382934374841449
17.580385518718057     0.0399056827201114
17.624692602090473     0.03974449962163357
17.668999685462882     0.03753635320415169
17.7133067688353     0.03342952970909613
17.757613852207715     0.02797069648977901
17.80192093558013     0.021947771465692212
17.84622801895254     0.01616650622353854
17.890535102324957     0.011253303527185472
17.934842185697374     0.00755630447926093
17.97914926906979     0.0051649254892929715
18.0234563524422     0.004012272118631155
18.067763435814616     0.003991250550973966
18.112070519187032     0.005016873419859317
18.15637760255944     0.007001647264476116
18.200684685931858     0.009763517235297343
18.244991769304274     0.012933614960174006
18.28929885267669     0.015946104961471634
18.3336059360491     0.018155013629909796
18.377913019421516     0.019043620957431444
18.422220102793933     0.018419831327293162
18.46652718616635     0.01648391295822566
18.51083426953876     0.013727959754642909
18.555141352911175     0.010728754973581216
18.59944843628359     0.007950842593497598
18.643755519656008     0.005649234967511655
18.688062603028417     0.0038842530000565553
18.732369686400833     0.0025983416233083985
18.77667676977325     0.001693295434914361
18.82098385314566     0.0010750005643560922
18.865290936518075     0.0006667183253969086
18.909598019890492     0.00040740782506646267
18.95390510326291     0.0002484387594136769
18.998212186635318     0.00015270627746445398
19.042519270007734     9.44756141559777e-05
19.08682635338015     5.794810056901524e-05
19.131133436752567     3.445421771373346e-05
19.175440520124976     1.943337728345011e-05
19.219747603497392     1.0236070909802752e-05
19.26405468686981     5.020078973128837e-06
19.308361770242225     2.446735960853715e-06
19.352668853614635     1.8086096326206737e-06
19.39697593698705     3.4912097499673834e-06
19.441283020359467     1.0034022686253015e-05
19.485590103731877     2.8284667177492237e-05
19.529897187104293     7.294611078483143e-05
19.57420427047671     0.00017080423963431314
19.618511353849126     0.00036296013373189633
19.662818437221535     0.0007004471166620552
19.70712552059395     0.0012292290070537492
19.751432603966368     0.0019664542070863336
19.795739687338784     0.00288015444008931
19.840046770711194     0.0038920856677498233
19.88435385408361     0.004917641438149741
19.928660937456026     0.005934119748626633
19.972968020828436     0.00704063120774956
20.017275104200852     0.008461297417593567
20.06158218757327     0.010462707328026889
20.105889270945685     0.013201158762738002
20.150196354318094     0.016562633768607612
20.19450343769051     0.02008329786080202
20.238810521062927     0.023021509368386664
20.283117604435343     0.024588127947814717
20.327424687807753     0.024251196253147006
20.37173177118017     0.021967281689817965
20.416038854552585     0.01821153368411594
20.460345937925002     0.01378636426378586
20.50465302129741     0.009515374666219786
20.548960104669828     0.005983367675099722
20.593267188042244     0.0034322092871072194
20.637574271414653     0.0018168818426206655
20.68188135478707     0.0009472716836630152
20.726188438159486     0.0006294363152074531
20.770495521531902     0.0007559689602012214
20.814802604904312     0.0013348371086564894
20.859109688276728     0.0024640148346762062
20.903416771649145     0.00426067645003937
20.94772385502156     0.006758765821540931
20.99203093839397     0.009807789336244904
21.036338021766387     0.013026155967027876
21.080645105138803     0.015857152550050047
21.12495218851122     0.01772955126738824
21.16925927188363     0.018258384132402168
21.213566355256045     0.017383791705692087
21.25787343862846     0.015374090392614614
21.30218052200087     0.012699092905620109
21.346487605373287     0.009852271932112886
