-21.41233915591895     0.0019888426288052837
-21.25911454090577     0.006230893830888618
-21.105889925892587     0.011423261667256275
-20.952665310879407     0.009234593305063961
-20.799440695866224     0.008630591637814839
-20.646216080853044     0.01101232455701174
-20.492991465839864     0.00763617711432509
-20.33976685082668     0.002290086131426998
-20.1865422358135     0.00025013180330340926
-20.03331762080032     8.94924809366449e-06
-19.88009300578714     1.0075164752244095e-07
-19.72686839077396     3.5248071350063183e-10
-19.57364377576078     3.8181312468811747e-13
-19.420419160747596     1.2792178369076088e-16
-19.267194545734416     1.3252168335491618e-20
-19.113969930721233     4.2446450452853285e-25
-18.960745315708053     4.20336756479393e-30
-18.807520700694873     1.2869212270776507e-35
-18.65429608568169     1.218160033858143e-41
-18.50107147066851     3.564957061614341e-48
-18.347846855655327     3.2255352644263687e-55
-18.194622240642147     9.022914248558654e-63
-18.041397625628967     7.803500004509646e-71
-17.888173010615784     2.0865540486780718e-79
-17.734948395602604     1.724914103283119e-88
-17.581723780589424     4.408623082311492e-98
-17.42849916557624     3.4836633149943455e-108
-17.27527455056306     2.7341585914345347e-105
-17.12204993554988     2.4598106339007905e-95
-16.9688253205367     6.841904829252705e-86
-16.81560070552352     5.883690304668285e-77
-16.662376090510335     1.5643000003134123e-68
-16.509151475497156     1.2858425566437594e-60
-16.355926860483976     3.267782235636948e-53
-16.202702245470793     2.567533141603673e-46
-16.049477630457613     6.2370150652627116e-40
-15.896253015444431     4.6842026906481545e-34
-15.74302840043125     1.0876615820352557e-28
-15.58980378541807     7.808263705248266e-24
-15.436579170404888     1.7331196127000458e-19
-15.283354555391707     1.1894648524558874e-15
-15.130129940378525     2.524897150032006e-12
-14.976905325365344     1.6592771158334405e-09
-14.823680710352164     3.387257558429817e-07
-14.670456095338983     2.1746997451384297e-05
-14.517231480325801     0.0004593309824028474
-14.364006865312621     0.0036862878833542894
-14.21078225029944     0.014881993134481394
-14.057557635286258     0.03528058670634229
-13.904333020273077     0.04691341821318151
-13.751108405259895     0.03589200410596437
-13.597883790246716     0.0156259373934483
-13.444659175233534     0.003249951269987392
-13.291434560220353     0.00027810120627336135
-13.138209945207173     0.0024933160394682886
-12.984985330193991     0.09737123967204545
-12.83176071518081     1.1789778867675889
-12.678536100167628     4.4144073126681995
-12.525311485154447     5.148761904179356
-12.372086870141267     2.4871409911382605
-12.218862255128085     3.576111075062695
-12.065637640114904     5.387077514704565
-11.912413025101724     2.7896339964560477
-11.759188410088543     2.0473706038358572
-11.605963795075361     7.790770915363969
-11.45273918006218     17.112839645957415
-11.299514565048998     26.231127711696363
-11.146289950035818     30.382747267122653
-10.993065335022637     36.62283016140323
-10.839840720009455     51.44903526991742
-10.686616104996276     63.738401204258814
-10.533391489983094     71.0331731437014
-10.380166874969913     63.28097948109071
-10.226942259956731     33.41863227565884
-10.07371764494355     9.983337569457046
-9.92049302993037     3.3916027113099316
-9.767268414917188     1.4846409579898143
-9.614043799904007     0.29261016926827443
-9.460819184890827     0.01887485010616344
-9.307594569877645     0.00038041397827048536
-9.154369954864464     2.380518004684388e-06
-9.001145339851282     7.305698777101572e-07
-8.8479207248381     4.941132701743456e-05
-8.694696109824921     0.001079668525827994
-8.54147149481174     0.00851136190293202
-8.388246879798558     0.032714119151458575
-8.235022264785378     0.08116926927336159
-8.081797649772197     0.23754355599367957
-7.928573034759015     1.3285004097170496
-7.775348419745834     4.245756296392729
-7.622123804732652     6.746267848371232
-7.4688991897194725     7.048060145672007
-7.315674574706291     5.66179158135252
-7.1624499596931095     3.0318675894456404
-7.00922534467993     0.7688666711994175
-6.856000729666748     0.07419935916052534
-6.702776114653567     0.007700791147764887
-6.549551499640385     0.04397558559118163
-6.396326884627204     0.162241515128002
-6.243102269614024     0.29796013348935146
-6.089877654600842     0.2639194037538785
-5.936653039587661     0.11558704403644568
-5.783428424574481     0.0280311268999986
-5.6302038095613     0.003346753704744851
-5.476979194548118     0.0001529997225111407
-5.323754579534938     2.3358960237751e-06
-5.170529964521755     1.1353010570105771e-08
-5.017305349508575     1.7287416902032626e-11
-4.864080734495396     1.6449618624474437e-11
-4.710856119482212     2.450470612277615e-08
-4.5576315044690325     1.1294029108139529e-05
-4.404406889455849     0.0016096757883555806
-4.2511822744426695     0.07094448914404855
-4.09795765942949     0.9669193841887582
-3.9447330444163065     4.075245737392953
-3.7915084294031267     5.31147920902913
-3.6382838143899434     2.1472876170692725
-3.4850591993767637     0.456333882187559
-3.331834584363584     1.7040341476082448
-3.1786099693504006     4.820720321073907
-3.025385354337221     5.911882759771782
-2.872160739324041     10.005702412227887
-2.718936124310858     19.803153548931675
-2.565711509297678     26.772376473496713
-2.4124868942844984     29.655508575608827
-2.259262279271315     30.1367886159435
-2.1060376642581353     26.26907454858391
-1.952813049244952     26.013905428823975
-1.7995884342317723     32.620234437729124
-1.6463638192185925     39.36623756146034
-1.4931392042054092     38.80111793558277
-1.3399145891922295     39.848723690142016
-1.1866899741790462     43.31897470399989
-1.0334653591658665     51.711560328077
-0.8802407441526867     65.31896211314668
-0.7270161291395034     76.74290667819729
-0.5737915141263237     101.60071493296125
-0.42056689911314393     146.17561940989864
-0.26734228409996064     167.61876862464794
-0.11411766908678089     149.60544334692491
0.03910694592639885     98.28980559894418
0.19233156093958215     44.950990331056055
0.3455561759527619     14.275424885120586
0.4987807909659452     2.3770811637131075
0.6520054059791249     0.1567114556926038
0.8052300209923047     0.0036009593747748847
0.958454636005488     2.729851110314419e-05
1.1116792510186677     6.639211797397796e-08
1.264903866031851     5.100671081697746e-11
1.4181284810450308     1.2270881161121757e-14
1.5713530960582105     9.198275416178026e-19
1.7245777110713938     5.547548420054186e-22
1.8778023260845735     1.4025097785865876e-17
2.0310269410977533     1.1402914443044237e-13
2.1842515561109366     2.866363896987793e-10
2.3374761711241163     2.2277856582366947e-07
2.490700786137296     5.354936602402002e-05
2.6439254011504794     0.003986411651917137
2.797150016163659     0.09261888818686129
2.9503746311768424     0.7003383360752198
3.103599246190022     2.099709143487143
3.256823861203202     4.1155930859948375
3.410048476216385     6.935593296521086
3.563273091229565     9.485396297061005
3.7164977062427482     10.967698696410725
3.869722321255928     10.642795944534564
4.022946936269108     8.702707439375411
4.176171551282291     8.010522250572958
4.329396166295471     9.574444620487906
4.4826207813086505     10.111350608251694
4.635845396321834     8.509739352602981
4.7890700113350135     4.9088261225938385
4.942294626348193     1.22442596928849
5.095519241361377     0.10459040172027494
5.248743856374556     0.00287306792038519
5.40196847138774     2.496089659159723e-05
5.555193086400919     6.818318444568836e-08
5.708417701414099     5.837541391480068e-11
5.861642316427282     1.562927904182629e-14
6.014866931440462     3.8280535515967194e-18
6.168091546453645     1.3189441726786016e-14
6.321316161466825     2.1332090897635266e-11
6.474540776480005     1.0675838714616949e-08
6.627765391493188     1.6569885939893713e-06
6.780990006506368     8.043597478452413e-05
6.934214621519548     0.0012586913044160437
7.087439236532731     0.006980726670386924
7.240663851545911     0.01687097234539074
7.3938884665590905     0.023706571167639516
7.547113081572274     0.03386568281697899
7.7003376965854535     0.053246040978069065
7.853562311598637     0.04813501215555996
8.006786926611817     0.01921748336988372
8.160011541624996     0.0030274033320353113
8.31323615663818     0.00017202282603525227
8.46646077165136     3.293441038076785e-06
8.619685386664543     2.7219147219143713e-08
8.772910001677722     1.229874954010799e-06
8.926134616690902     6.88668243069933e-05
9.079359231704085     0.00121401667612116
9.232583846717265     0.0068379125274072305
9.385808461730445     0.012610497289188375
9.539033076743628     0.008176170005782434
9.692257691756808     0.0035990995790204016
9.845482306769988     0.0031469314444308024
9.998706921783171     0.0014661961753946082
10.15193153679635     0.0003167184815687502
10.305156151809534     0.0007753314896450129
10.458380766822714     0.0018285291089001148
10.611605381835894     0.001350534940515442
10.764829996849073     0.0003084189902568701
10.91805461186226     2.1775813287063967e-05
11.07127922687544     4.7534122843305393e-07
11.22450384188862     3.208001674892596e-09
11.3777284569018     9.345865614921718e-12
11.530953071914979     2.1672112151387345e-09
11.684177686928159     5.478991271507134e-07
11.837402301941346     4.295872246115582e-05
11.990626916954525     0.0010556961309144816
12.143851531967705     0.008537831110442401
12.297076146980885     0.028460432050568106
12.450300761994065     0.07226919213745589
12.603525377007252     0.16116423857069173
12.756749992020431     0.21626220815834163
12.909974607033611     0.23949796252218664
13.06319922204679     0.27050560610786556
13.21642383705997     0.2102297232923387
13.369648452073157     0.1311805072506193
13.522873067086337     0.1671372349320876
13.676097682099517     0.20045773474583994
13.829322297112697     0.12394483631024922
13.982546912125876     0.0599637524442111
14.135771527139063     0.13697453618657118
14.288996142152243     0.18133486017405312
14.442220757165423     0.0777791274599469
14.595445372178602     0.01062646364697966
14.748669987191782     0.00046076663271054155
14.901894602204962     6.314525898891502e-06
15.055119217218149     2.7233883700125445e-08
15.208343832231328     3.68191288591294e-11
15.361568447244508     1.5551504651681453e-14
15.514793062257688     2.0465902573077934e-18
15.668017677270868     8.374333376823678e-23
15.821242292284055     1.0883771616691174e-22
15.974466907297234     1.9357112389326585e-18
16.127691522310414     1.0685758992077082e-14
16.280916137323594     1.8348581480837966e-11
16.434140752336774     9.836647061173865e-09
16.587365367349953     1.6575524385264302e-06
16.74058998236314     8.891206422972822e-05
16.89381459737632     0.0015556930775192908
17.0470392123895     0.009329710180345112
17.20026382740268     0.021557974012092196
17.35348844241586     0.026317497220345383
17.506713057429046     0.027217635681626696
17.659937672442226     0.020585394257990094
17.813162287455405     0.0071201259890658185
17.966386902468585     0.0009132019823526799
18.119611517481765     4.049227407554725e-05
18.27283613249495     6.012723369806214e-07
18.42606074750813     2.9260669541222433e-09
18.57928536252131     4.5883875175738045e-12
18.73250997753449     2.2887330798192324e-15
18.88573459254767     8.564372503022685e-16
19.038959207560858     1.952689681900783e-12
19.192183822574037     1.3794073788143522e-09
19.345408437587217     3.029006005716557e-07
19.498633052600397     2.0933480516639842e-05
19.651857667613577     0.00047428874349676877
19.805082282626756     0.0039533005382498595
19.958306897639943     0.014786309273950644
20.111531512653123     0.027244260380085566
20.264756127666303     0.02395263003520297
20.41798074267948     0.011927247159766993
