-22.148679221111326     4.963004341936579
-22.112502957053195     5.275327559511269
-22.076326692995067     5.396180393779453
-22.040150428936936     5.357373043400126
-22.00397416487881     5.213804182657561
-21.967797900820678     5.026847787583726
-21.93162163676255     4.849654974942739
-21.89544537270442     4.718538770644197
-21.85926910864629     4.651325364122592
-21.82309284458816     4.651147447485693
-21.78691658053003     4.713285511244116
-21.7507403164719     4.832740679036682
-21.71456405241377     5.0104225586836915
-21.678387788355643     5.255984279731572
-21.64221152429751     5.585919300122692
-21.606035260239384     6.016994698672004
-21.569858996181253     6.557163780393621
-21.533682732123125     7.197748820007971
-21.497506468064994     7.910778534969675
-21.461330204006863     8.653547826974611
-21.425153939948736     9.37957045698168
-21.388977675890605     10.05264409769522
-21.352801411832477     10.659869721540781
-21.316625147774346     11.220127584898377
-21.28044888371622     11.785788483592722
-21.244272619658087     12.436567492974701
-21.20809635559996     13.26552311489152
-21.17192009154183     14.358892097420396
-21.1357438274837     15.773806736589258
-21.09956756342557     17.519924789686616
-21.06339129936744     19.551058223062682
-21.02721503530931     21.77025205701741
-20.99103877125118     24.047296077325594
-20.954862507193052     26.243451896880426
-20.91868624313492     28.23628469920316
-20.882509979076794     29.93860967492465
-20.846333715018663     31.308712031048536
-20.810157450960535     32.352236937895576
-20.773981186902404     33.11785883800151
-20.737804922844273     33.68868228921831
-20.701628658786145     34.17023277044124
-20.665452394728014     34.675262536228296
-20.629276130669886     35.3062842405391
-20.593099866611755     36.13854446770596
-20.556923602553628     37.2079203214557
-20.520747338495497     38.50849457232236
-20.48457107443737     40.002305565034284
-20.448394810379238     41.63910359745898
-20.412218546321107     43.378565032699576
-20.37604228226298     45.204220109269876
-20.339866018204848     47.12008180521943
-20.30368975414672     49.1282705910378
-20.26751349008859     51.19614020645734
-20.231337226030462     53.22926002365041
-20.19516096197233     55.06703569299753
-20.158984697914203     56.50919780546146
-20.122808433856072     57.36737551243182
-20.086632169797944     57.52353013807024
-20.050455905739813     56.97273236514107
-20.014279641681682     55.833848888454405
-19.978103377623555     54.324768908725055
-19.941927113565423     52.712069336087026
-19.905750849507296     51.252475205809006
-19.869574585449165     50.14307694482175
-19.833398321391037     49.49120000609381
-19.797222057332906     49.30709859128066
-19.761045793274775     49.51632537540195
-19.724869529216647     49.98478556956177
-19.688693265158516     50.5480963436305
-19.65251700110039     51.03798830821555
-19.616340737042258     51.302061064658815
-19.58016447298413     51.21794830625908
-19.543988208926     50.70601780187785
-19.50781194486787     49.74347011250155
-19.47163568080974     48.37724856801478
-19.435459416751613     46.727348966029616
-19.39928315269348     44.971122455818175
-19.36310688863535     43.30556821171793
-19.326930624577223     41.89583260108539
-19.29075436051909     40.82762469342991
-19.254578096460964     40.08271672946972
-19.218401832402833     39.54828807769152
-19.182225568344705     39.05658235982497
-19.146049304286574     38.43863386364043
-19.109873040228447     37.57116263776228
-19.073696776170316     36.40098048676774
-19.037520512112188     34.94288325778597
-19.001344248054057     33.25860795362268
-18.965167983995926     31.43048781740123
-18.928991719937798     29.54206452752835
-18.892815455879667     27.671124806309944
-18.85663919182154     25.89252126047794
-18.82046292776341     24.282630371106052
-18.78428666370528     22.916651666035442
-18.74811039964715     21.854295244341277
-18.71193413558902     21.116850339817667
-18.67575787153089     20.665725244001596
-18.63958160747276     20.39538892556934
-18.603405343414632     20.149711015002836
-18.5672290793565     19.760739320352243
-18.531052815298374     19.097469538358418
-18.494876551240242     18.105491080824088
-18.458700287182115     16.82102002840638
-18.422524023123984     15.35414764140084
-18.386347759065856     13.850190271999224
-18.350171495007725     12.446958425305594
-18.313995230949594     11.24480787616439
-18.277818966891466     10.296896151172014
-18.241642702833335     9.615556066080618
-18.205466438775208     9.1840797786368
-18.169290174717077     8.964540927420021
-18.13311391065895     8.899286399312457
-18.096937646600818     8.910920862737044
-18.060761382542687     8.908116103333017
-18.02458511848456     8.801033669269929
-17.98840885442643     8.523134799256656
-17.9522325903683     8.050337861135327
-17.91605632631017     7.4077436441287965
-17.87988006225204     6.659269226061621
-17.84370379819391     5.883760060750797
-17.807527534135783     5.147835098457389
-17.771351270077652     4.487087979378612
-17.735175006019524     3.9026617796945646
-17.698998741961393     3.3723994077605424
-17.662822477903262     2.869143923743442
-17.626646213845135     2.376672154756056
-17.590469949787003     1.8966524843858474
-17.554293685728876     1.4455868654962343
-17.518117421670745     1.0455538559415365
-17.481941157612617     0.7144095920355215
-17.445764893554486     0.459769396462283
-17.409588629496355     0.27814270158543025
-17.373412365438227     0.157970207291388
-17.3372361013801     0.08416000083007408
-17.30105983732197     0.04203687246186323
-17.264883573263837     0.01967897271003958
-17.22870730920571     0.00863232157044284
-17.19253104514758     0.0035476876994272803
-17.15635478108945     0.0013658930585597833
-17.12017851703132     0.0004926248713203148
-17.084002252973193     0.00016642859870229676
-17.04782598891506     5.2667288596200745e-05
-17.01164972485693     1.561163715835584e-05
-16.975473460798803     4.334569042311296e-06
-16.939297196740675     1.1272764967408454e-06
-16.903120932682544     2.7459973275953166e-07
-16.866944668624413     6.26546979677537e-08
-16.830768404566285     1.3390297266677747e-08
-16.794592140508154     2.680459819874418e-09
-16.758415876450027     5.025861698444348e-10
-16.722239612391895     8.826604759657493e-11
-16.686063348333768     1.4519731545654769e-11
-16.649887084275637     2.2372017634294247e-12
-16.613710820217506     3.228742348426326e-13
-16.577534556159378     4.364652343000352e-14
-16.541358292101247     5.5331985882011916e-15
-16.50518202804312     7.222118347123034e-16
-16.46900576398499     6.786186770749289e-16
-16.43282949992686     5.152882297131091e-15
-16.39665323586873     4.093292766978064e-14
-16.3604769718106     3.050002606254418e-13
-16.32430070775247     2.1287110581501523e-12
-16.288124443694343     1.3916011427280171e-11
-16.251948179636212     8.521073264802415e-11
-16.21577191557808     4.887145659906095e-10
-16.179595651519953     2.6254135850641744e-09
-16.143419387461822     1.321057235763227e-08
-16.107243123403695     6.226256401143473e-08
-16.071066859345564     2.748614475793005e-07
-16.034890595287436     1.1365331790061675e-06
-15.998714331229305     4.401815841392974e-06
-15.962538067171176     1.5968461681422364e-05
-15.926361803113046     5.42594957003799e-05
-15.890185539054917     0.0001726910724752193
-15.854009274996788     0.0005148082302411234
-15.817833010938656     0.0014374824036572132
-15.781656746880529     0.0037595949195242855
-15.745480482822398     0.009210029728549625
-15.709304218764268     0.021133064138031486
-15.673127954706139     0.04541981607828977
-15.63695169064801     0.09143442382374965
-15.60077542658988     0.1724072619926929
-15.564599162531751     0.30449687386911034
-15.528422898473622     0.5037227698870156
-15.49224663441549     0.7805159608393868
-15.456070370357363     1.1328005601923796
-15.419894106299232     1.5399498679620407
-15.383717842241104     1.960835548605171
-15.347541578182973     2.338606873187187
-15.311365314124844     2.6124905778087686
-15.275189050066714     2.733592063800353
-15.239012786008585     2.6791321634036454
-15.202836521950456     2.459438869860145
-15.166660257892325     2.1147517251418124
-15.130483993834197     1.703194336931392
-15.094307729776066     1.2848442403166953
-15.058131465717938     0.9078586183059368
-15.021955201659807     0.6008518745911798
-14.985778937601678     0.3724758169140552
-14.949602673543549     0.2162769335015816
-14.91342640948542     0.11762612396396144
-14.87725014542729     0.05992096935648493
-14.841073881369159     0.028591394352277227
-14.804897617311031     0.012778306531532217
-14.7687213532529     0.005349247955634988
-14.732545089194772     0.002097459665380847
-14.696368825136641     0.0007703285066029535
-14.660192561078512     0.0002649962985491811
-14.624016297020383     8.538576266779424e-05
-14.587840032962253     2.5770182880044376e-05
-14.551663768904124     7.286170222866576e-06
-14.515487504845993     1.9337896961419567e-06
-14.479311240787865     4.952176155513447e-07
-14.443134976729734     1.6537923957024485e-07
-14.406958712671607     1.879755706875542e-07
-14.370782448613475     4.6815575275044724e-07
-14.334606184555346     1.228019792823646e-06
-14.298429920497217     3.044816038520404e-06
-14.262253656439087     7.076099404747669e-06
-14.226077392380958     1.540443261629648e-05
-14.189901128322829     3.141313739003305e-05
-14.1537248642647     6.00088477385231e-05
-14.11754860020657     0.00010740024775135676
-14.081372336148439     0.00018012305655029816
-14.04519607209031     0.0002831845772775132
-14.00901980803218     0.00041764274644708635
-13.97284354397405     0.0005785276254779853
-13.936667279915921     0.0007544461685632066
-13.900491015857792     0.0009300767061937333
-13.864314751799663     0.0010918143313587763
-13.828138487741533     0.0012352582174096306
-13.791962223683404     0.001371706729633085
-13.755785959625275     0.001530225091391511
-13.719609695567144     0.0017527738265318258
-13.683433431509014     0.0020822519793527393
-13.647257167450885     0.0025462929952902703
-13.611080903392756     0.003142013968767274
-13.574904639334626     0.003827544411194604
-13.538728375276497     0.004524556415602572
-13.502552111218368     0.005132582770512161
-13.466375847160238     0.005551850675020998
-13.430199583102109     0.0057082472276579165
-13.394023319043978     0.0055731362644999664
-13.357847054985848     0.0051724363550797025
-13.321670790927719     0.004582921341185089
-13.28549452686959     0.003917618892247831
-13.24931826281146     0.0033049019187755043
-13.213141998753331     0.0028665400762544527
-13.176965734695202     0.0026988632684751845
-13.140789470637072     0.0028594193685658425
-13.104613206578943     0.0033602617543436034
-13.068436942520814     0.004168597426665014
-13.032260678462682     0.00521520338708057
-12.996084414404553     0.006409752879457756
-12.959908150346424     0.007659949613074956
-12.923731886288294     0.008889546936216665
-12.887555622230165     0.010050666936701718
-12.851379358172036     0.011128585402877006
-12.815203094113906     0.012140451435842711
-12.779026830055777     0.013130906495528607
-12.742850565997648     0.014166912930182499
-12.706674301939517     0.015333504740623395
-12.670498037881387     0.016733649672337658
-12.634321773823258     0.01849720602032568
-12.598145509765128     0.020800638629730868
-12.561969245707     0.02388719492000701
-12.52579298164887     0.028061899211860784
-12.48961671759074     0.03363160557926575
-12.453440453532611     0.04078151119378997
-12.417264189474482     0.04942443032561282
-12.381087925416352     0.05910316347404066
-12.344911661358221     0.0690325004294239
-12.308735397300092     0.07831293155969127
-12.272559133241963     0.08624909757227697
-12.236382869183833     0.09261858277773394
-12.200206605125704     0.09772624001361904
-12.164030341067575     0.10217350728793236
-12.127854077009445     0.10643160328870586
-12.091677812951316     0.11043997538384727
-12.055501548893186     0.1134680299399771
-12.019325284835055     0.11435481863160628
-11.983149020776926     0.11204136499918725
-11.946972756718797     0.10614877594635598
-11.910796492660667     0.0973261600419415
-11.874620228602538     0.08720867392856199
-11.838443964544409     0.07801476301481355
-11.80226770048628     0.07196583319433206
-11.76609143642815     0.07075981457173396
-11.72991517237002     0.0752739604808215
-11.693738908311891     0.08556859969379708
-11.65756264425376     0.10117190477973072
-11.62138638019563     0.12156548304684346
-11.585210116137501     0.14674139575933487
-11.549033852079372     0.17764239602360155
-11.512857588021243     0.21624940491059597
-11.476681323963113     0.26510820550770425
-11.440505059904984     0.326251296715911
-11.404328795846855     0.39975776612990743
-11.368152531788725     0.48248445380698163
-11.331976267730594     0.5676140292986178
-11.295800003672465     0.6454673929624224
-11.259623739614335     0.7055455396639917
-11.223447475556206     0.7392084516829994
-11.187271211498077     0.7420558196634538
-11.151094947439947     0.7151448166323078
-11.114918683381818     0.6646412200101522
-11.078742419323689     0.6001176822625468
-11.04256615526556     0.5321846306761329
-11.00638989120743     0.4702703774026533
-10.970213627149299     0.4211595073025135
-10.93403736309117     0.3885105020627886
-10.89786109903304     0.37320096352285886
-10.86168483497491     0.37412270323898994
-10.825508570916782     0.38900352252442966
-10.789332306858652     0.41493577617249666
-10.753156042800523     0.44848997627483295
-10.716979778742393     0.48552688806464156
-10.680803514684264     0.521023673069592
-10.644627250626133     0.5493151083167624
-10.608450986568004     0.5650565023957956
-10.572274722509874     0.5649520040205794
-10.536098458451745     0.5499675381501884
-10.499922194393616     0.5275083928150343
-10.463745930335486     0.5129661644456337
-10.427569666277357     0.5300734793412485
-10.391393402219228     0.6095237994254812
-10.355217138161098     0.7852987032176402
-10.319040874102969     1.08831146891072
-10.282864610044838     1.5376756490069143
-10.246688345986708     2.1312761032860323
-10.210512081928579     2.8388978807019254
-10.17433581787045     3.6018851678875983
-10.13815955381232     4.342057252701754
-10.101983289754191     4.979204903385102
-10.065807025696062     5.452230597998238
-10.029630761637932     5.736255074167072
-9.993454497579803     5.848805038057218
-9.957278233521672     5.842644329501702
-9.921101969463543     5.788739537820011
-9.884925705405413     5.757014933261825
-9.848749441347284     5.802703443906347
-9.812573177289154     5.962406800468211
-9.776396913231025     6.2587770399354
-9.740220649172896     6.708923114947574
-9.704044385114766     7.330945975762783
-9.667868121056637     8.14518141725741
-9.631691856998508     9.170079528144864
-9.595515592940377     10.415189403765723
-9.559339328882247     11.874329797782819
-9.523163064824118     13.52098366635138
-9.486986800765989     15.306574717694225
-9.45081053670786     17.161875537716675
-9.41463427264973     19.002548107477377
-9.3784580085916     20.74049958204677
-9.342281744533471     22.301641370656498
-9.306105480475342     23.647194500857484
-9.26992921641721     24.791443524487086
-9.233752952359081     25.80685442021998
-9.197576688300952     26.810239533181814
-9.161400424242823     27.931076002047366
-9.125224160184693     29.27196479563237
-9.089047896126564     30.87681170653806
-9.052871632068435     32.721018935367084
-9.016695368010305     34.729498113491424
-8.980519103952176     36.81603147913158
-8.944342839894047     38.92693900336229
-8.908166575835915     41.068272038374005
-8.871990311777786     43.301238077328506
-8.835814047719657     45.70376518122271
-8.799637783661527     48.311995699392334
-8.763461519603398     51.06720241987217
-8.727285255545269     53.79514650949052
-8.69110899148714     56.233964004569785
-8.65493272742901     58.1066134969875
-8.61875646337088     59.213236237985654
-8.58258019931275     59.507571668304735
-8.54640393525462     59.12609723995723
-8.51022767119649     58.35714793237285
-8.474051407138361     57.560831329788584
-8.437875143080232     57.06798237211838
-8.401698879022103     57.091122484649446
-8.365522614963973     57.67317968241219
-8.329346350905844     58.68615314113475
-8.293170086847715     59.87742592763855
-8.256993822789585     60.94883298450166
-8.220817558731454     61.64430882197755
-8.184641294673325     61.818411288013664
-8.148465030615196     61.463380783795756
-8.112288766557066     60.68712459825055
-8.076112502498937     59.65360597688589
-8.039936238440808     58.51154007314365
-8.003759974382678     57.33958456300006
-7.967583710324549     56.1257815170124
-7.9314074462664195     54.78263344695531
-7.895231182208288     53.18604461732375
-7.859054918150159     51.22169718803847
-7.82287865409203     48.82510180432675
-7.7867023900339     46.00672620882557
-7.750526125975771     42.85764442944364
-7.714349861917642     39.53414263321142
-7.678173597859512     36.223775677537525
-7.641997333801383     33.10114674223986
-7.605821069743254     30.28678282861031
-7.569644805685122     27.823179993500403
-7.533468541626993     25.676589858386063
-7.497292277568864     23.76330711488222
-7.461116013510734     21.98965914925834
-7.424939749452605     20.290051913453524
-7.388763485394476     18.64922803433226
-7.352587221336346     17.102055854432507
-7.316410957278217     15.713184725830796
-7.280234693220088     14.545923732421729
-7.244058429161958     13.632301549069593
-7.207882165103827     12.95430437081928
-7.171705901045698     12.441510320361239
-7.1355296369875685     11.985030322824194
-7.099353372929439     11.463368522416541
-7.06317710887131     10.773010117261705
-7.02700084481318     9.855312912222816
-6.990824580755051     8.711985670199663
-6.954648316696922     7.404522314761568
-6.918472052638792     6.03802129246878
-6.882295788580661     4.735078581231193
-6.846119524522532     3.6084724104833246
-6.809943260464403     2.7406490721439187
-6.773766996406273     2.1741115472266217
-6.737590732348144     1.9119964886288323
-6.7014144682900145     1.9249394052832691
-6.665238204231885     2.1600042291770394
-6.629061940173756     2.549374039658144
-6.5928856761156265     3.0188724553973465
-6.556709412057497     3.4975006678644656
-6.520533147999366     3.9283892160573557
-6.484356883941237     4.2795232840605175
-6.448180619883107     4.550766962238778
-6.412004355824978     4.773542117090622
-6.375828091766849     5.001662799624462
-6.339651827708719     5.295628534097155
-6.30347556365059     5.706234736701379
-6.267299299592461     6.264358797580598
-6.231123035534331     6.980967807522249
-6.1949467714762     7.855791891752177
-6.158770507418071     8.887917266122809
-6.122594243359941     10.08029952766398
-6.086417979301814     11.434153389143876
-6.050241715243683     12.936067313231796
-6.014065451185552     14.546004204071291
-5.977889187127424     16.194497267230446
-5.941712923069293     17.792312889856237
-5.905536659011165     19.249142635127978
-5.869360394953034     20.493862917802552
-5.833184130894907     21.48958418254119
-5.7970078668367755     22.240588526335024
-5.760831602778648     22.791868832588726
-5.724655338720517     23.22287641417368
-5.688479074662389     23.635685433071774
-5.652302810604258     24.136762179821286
-5.616126546546127     24.813234924978456
-5.579950282487999     25.70870650840703
-5.543774018429868     26.80723114241422
-5.507597754371741     28.033665690447748
-5.47142149031361     29.27317770929271
-5.435245226255482     30.40465239993223
-5.399068962197351     31.33639320742247
-5.362892698139223     32.03125600449411
-5.326716434081092     32.512717579119034
-5.290540170022961     32.85102866976193
-5.2543639059648335     33.13595363705507
-5.218187641906702     33.44667720993104
-5.182011377848575     33.82905053554218
-5.145835113790444     34.28619324271037
-5.109658849732316     34.782717303223436
-5.073482585674185     35.2580899270604
-5.037306321616057     35.64282961199171
-5.001130057557926     35.87267843582366
-4.964953793499795     35.89918299375479
-4.928777529441668     35.697831529364336
-4.8926012653835365     35.2751512437681
-4.856425001325409     34.67393183341611
-4.820248737267278     33.972959955380986
-4.78407247320915     33.27697598699813
-4.747896209151019     32.69546360890279
-4.7117199450928915     32.314448595900075
-4.67554368103476     32.1707577555746
-4.639367416976629     32.23976977737069
-4.603191152918502     32.44371131775335
-4.5670148888603705     32.679027968284736
-4.530838624802243     32.85215008110858
-4.494662360744112     32.908105308146894
-4.458486096685984     32.83929811526538
-4.422309832627853     32.671692394397354
-4.386133568569726     32.43753591099483
-4.3499573045115945     32.15085976493616
-4.313781040453467     31.79996802352699
-4.277604776395336     31.361138355388952
-4.241428512337205     30.82575625000836
-4.205252248279077     30.226015277799757
-4.169075984220946     29.645583772110086
-4.132899720162818     29.20949991814361
-4.096723456104687     29.056933151898296
-4.06054719204656     29.306655334454295
-4.0243709279884285     30.026370032772945
-3.988194663930301     31.214544333226808
-3.95201839987217     32.79908750663759
-3.9158421358140387     34.65251006130816
-3.879665871755911     36.61881031908993
-3.84348960769778     38.54417813973819
-3.8073133436396525     40.302949456727085
-3.7711370795815213     41.81278574352041
-3.7349608155233938     43.037795646641435
-3.6987845514652626     43.98270790465076
-3.662608287407135     44.68279211029472
-3.626432023349004     45.19258053419594
-3.590255759290873     45.57361767171601
-3.5540794952327452     45.880351637277556
-3.517903231174614     46.145171668290466
-3.4817269671164865     46.36696831880905
-3.4455507030583554     46.509278607665046
-3.409374439000228     46.51185491009255
-3.3731981749420967     46.31394437070498
-3.337021910883969     45.88170561875635
-3.300845646825838     45.229353882822636
-3.264669382767707     44.425369760170945
-3.2284931187095793     43.58059697619241
-3.192316854651448     42.82191053099844
-3.1561405905933206     42.26070912429571
-3.1199643265351895     41.967746202319944
-3.083788062477062     41.9638167671867
-3.047611798418931     42.23000510362863
-3.0114355343608032     42.73349430446818
-2.975259270302672     43.458266688942544
-2.939083006244541     44.42719326194917
-2.9029067421864134     45.704458394087354
-2.8667304781282823     47.37438053596431
-2.8305542140701547     49.502022251502375
-2.7943779500120236     52.089140800764255
-2.758201685953896     55.042831604377966
-2.722025421895765     58.17179340137561
-2.6858491578376373     61.21675337109834
-2.649672893779506     63.90980154090454
-2.6134966297213786     66.04634662885977
-2.5773203656632475     67.54731615623355
-2.5411441016051164     68.49062403832008
-2.504967837546989     69.09966999058172
-2.4687915734888577     69.68996489351345
-2.43261530943073     70.58857894153077
-2.396439045372599     72.05051821646337
-2.3602627813144714     74.19800766206498
-2.3240865172563403     77.00174889525584
-2.2879102531982127     80.30906523120943
-2.2517339891400816     83.90692083214961
-2.2155577250819505     87.59457894581305
-2.179381461023823     91.23720665206883
-2.143205196965692     94.7805267965148
-2.107028932907564     98.22449062056963
-2.070852668849433     101.57283963002226
-2.0346764047913055     104.78617177568182
-1.9985001407331744     107.76327514255779
-1.9623238766750468     110.3603895562625
-1.9261476126169157     112.43833954631887
-1.8899713485587846     113.91321021042036
-1.853795084500657     114.78467018323116
-1.8176188204425259     115.12776082446493
-1.7814425563843983     115.05247026633117
-1.7452662923262672     114.65069696243862
-1.7090900282681396     113.95451852523846
-1.6729137642100085     112.92193952075701
-1.636737500151881     111.45228192609606
-1.6005612360937498     109.42150881785226
-1.5643849720356187     106.72346749192974
-1.528208707977491     103.30586924371018
-1.49203244391936     99.19510592948073
-1.4558561798612324     94.50717489064547
-1.4196799158031013     89.44208778914702
-1.3835036517449737     84.25892770699468
-1.3473273876868426     79.23172378056934
-1.311151123628715     74.5933977851167
-1.2749748595705839     70.48304158147785
-1.2387985955124563     66.91525158878632
-1.2026223314543252     63.78517111370585
-1.166446067396194     60.91001243137754
-1.1302698033380665     58.09302690763358
-1.0940935392799354     55.18695137325374
-1.0579172752218078     52.13561573583648
-1.0217410111636767     48.983161573224635
-0.9855647471055491     45.853621376194994
-0.949388483047418     42.912460146199834
-0.9132122189892904     40.32325087593266
-0.8770359549311593     38.20920671452683
-0.8408596908730281     36.62519586628382
-0.8046834268149006     35.54365256641979
-0.7685071627567694     34.85671711852307
-0.7323308986986419     34.39481850002142
-0.6961546346405107     33.95804825212911
-0.6599783705823832     33.35280549872086
-0.623802106524252     32.42484846670976
-0.5876258424661245     31.081975209232862
-0.5514495784079934     29.3036031333033
-0.5152733143498622     27.138095188486
-0.47909705029173466     24.690413147996797
-0.44292078623360354     22.102937604355056
-0.40674452217547596     19.5322534622891
-0.37056825811734484     17.12499653554523
-0.33439199405921727     14.996201352127514
-0.29821573000108614     13.213414382884867
-0.26203946594295857     11.789018745362354
-0.22586320188482745     10.682072255724307
-0.18968693782669632     9.809696284697424
-0.15351067376856875     9.066492134108719
-0.11733440971043763     8.34846636356573
-0.08115814565231005     7.576040670998379
-0.04498188159417893     6.710088296306493
-0.008805617536051358     5.756567476111108
0.027370646522079767     4.759014543757245
0.06354691058020734     3.7823465953691424
0.09972317463833846     2.894072873504651
0.13589943869646604     2.1489303442409113
0.17207570275459716     1.5804845343635645
0.20825196681272828     1.199892997264498
0.24442823087085586     0.9994930547621959
0.280604494928987     0.9580697812284961
0.31678075898711455     1.0454642138492354
0.3529570230452457     1.2257493222409899
0.38913328710337325     1.4595381640831964
0.4253095511615044     1.7064568819912493
0.46148581521963195     1.9283780588347823
0.49766207927776307     2.0931538517368153
0.5338383433358942     2.177966077705865
0.5700146073940218     2.17140253265468
0.6061908714521529     2.0738592374621443
0.6423671355102805     1.8964111123422243
0.6785433995684116     1.6585284047109912
0.7147196636265392     1.384957406288945
0.7508959276846703     1.1020268027451945
0.7870721917427979     0.8338058326406845
0.823248455800929     0.5988282159772247
0.8594247198590601     0.4081898983067775
0.8956009839171877     0.26551502187070714
0.9317772479753188     0.16866160056752222
0.9679535120334464     0.11243404191412847
1.0041297760915775     0.09128147886535035
1.040306040149705     0.10107112661813672
1.0764823042078362     0.13942060040645107
1.1126585682659638     0.20458391020624295
1.148834832324095     0.2933892311940951
1.185011096382226     0.3991264688143616
1.2211873604403536     0.5104465266661914
1.2573636244984847     0.6121064291224293
1.2935398885566123     0.6877255520142098
1.3297161526147434     0.7238056664667777
1.365892416672871     0.7135441745244787
1.402068680731002     0.6588768407374765
1.4382449447891297     0.5698623273544662
1.4744212088472608     0.4616548060472021
1.5105974729053884     0.350304976737987
1.5467737369635195     0.24897557185201746
1.5829500010216506     0.16574813808820746
1.6191262650797782     0.10335278196355534
1.6553025291379093     0.06036398690250372
1.691478793196037     0.03302324139230579
1.727655057254168     0.01692271771174322
1.7638313213122956     0.008125745281583554
1.8000075853704267     0.003662630496878462
1.8361838494285543     0.001566446960764931
1.8723601134866854     0.0006744671989879061
1.9085363775448165     0.00037340921452391865
1.944712641602944     0.0003844528003748144
1.9808889056610752     0.0006158064491224759
2.017065169719203     0.0010725337460664368
2.053241433777334     0.0018010064062128068
2.0894176978354615     0.002848424012446094
2.1255939618935926     0.004227856471065074
2.16177022595172     0.005890645888187518
2.1979464900098513     0.007716341707587499
2.2341227540679824     0.009531601694660427
2.27029901812611     0.011161467066930586
2.306475282184241     0.01250116720962333
2.3426515462423687     0.01358122620519787
2.3788278103005     0.014592649530600714
2.4150040743586274     0.0158490521120725
2.4511803384167585     0.017687762937262468
2.487356602474886     0.02034232335075451
2.5235328665330172     0.023839235554071327
2.5597091305911484     0.027969127107246465
2.595885394649276     0.0323532785004866
2.632061658707407     0.03658159646659179
2.6682379227655346     0.04036009558093855
2.7044141868236657     0.043597816552727806
2.7405904508817933     0.04639353595430172
2.7767667149399244     0.04893709478789653
2.812942978998052     0.051387071845579106
2.849119243056183     0.05379685822281837
2.8852955071143107     0.05612865396985333
2.921471771172442     0.05834055079463155
2.957648035230573     0.06048907867299989
2.9938242992887005     0.06278146861524467
3.0300005633468317     0.06553857638945243
3.0661768274049592     0.06907307661696382
3.1023530914630904     0.07352686684354304
3.138529355521218     0.07873257563883676
3.174705619579349     0.08416145755918836
3.2108818836374766     0.08899519026862926
3.2470581476956077     0.09232045045263032
3.283234411753739     0.09340927683312635
3.3194106758118664     0.09203621085466883
3.3555869398699976     0.08880869606638613
3.391763203928125     0.0855423580833739
3.4279394679862563     0.08576097736616571
3.464115732044384     0.095382994626422
3.500291996102515     0.12351392728430965
3.5364682601606425     0.1829831500412331
3.5726445242187737     0.2899300280290479
3.608820788276905     0.4615764410328123
3.6449970523350324     0.7116167015923197
3.6811733163931635     1.0436028832522648
3.717349580451291     1.4441319844924274
3.753525844509422     1.878879197899848
3.7897021085675497     2.294610761074332
3.825878372625681     2.6286095894920543
3.8620546366838084     2.823793564073322
3.8982309007419396     2.8446612804886113
3.9344071648000707     2.6879444503909222
3.9705834288581983     2.3835438658339276
4.006759692916329     1.9853423985527106
4.042935956974457     1.555734313472894
4.079112221032588     1.1499401201126334
4.115288485090716     0.805411103816827
4.151464749148847     0.5386559143558082
4.187641013206974     0.3484945917954995
4.2238172772651055     0.22271013164675657
4.259993541323233     0.14488715810215078
4.296169805381364     0.09937365657255683
4.332346069439495     0.07378795600142916
4.368522333497623     0.05955210238301979
4.404698597555754     0.05131855743040208
4.440874861613882     0.0460397648098594
4.477051125672013     0.04211684349977687
4.51322738973014     0.03878323870025913
4.549403653788271     0.03571703369641198
4.585579917846399     0.032817179952060814
4.62175618190453     0.03007792759131779
4.657932445962661     0.0275159936649601
4.694108710020789     0.025128057750689974
4.73028497407892     0.02287343296795188
4.7664612381370475     0.020683254241370158
4.802637502195179     0.018492464100404345
4.838813766253306     0.016279871351038054
4.874990030311437     0.014094467458864252
4.911166294369565     0.012050510114887829
4.947342558427696     0.010289093926899846
4.983518822485827     0.008921685043872089
5.019695086543955     0.007981128590203664
5.055871350602086     0.007402494235356252
5.092047614660213     0.007042038134763236
5.1282238787183445     0.0067253023112802506
5.164400142776472     0.006303463921888848
5.200576406834603     0.005695470712702506
5.236752670892731     0.004901840126807346
5.272928934950862     0.003989304979930744
5.309105199008993     0.0030571093453925866
5.345281463067121     0.002200747859056438
5.381457727125252     0.0014862941636091178
5.417633991183379     0.0009410242622962177
5.45381025524151     0.0005583243447368133
5.489986519299638     0.00031036154790130494
5.526162783357769     0.00016161934146464768
5.562339047415897     7.883781996779596e-05
5.598515311474028     3.6022698921137994e-05
5.634691575532155     1.541735090864717e-05
5.6708678395902865     6.180597493430777e-06
5.707044103648418     2.320789705418794e-06
5.743220367706545     8.162521245320157e-07
5.779396631764676     2.6890277633947306e-07
5.815572895822804     8.297518755476043e-08
5.851749159880935     2.398186511597956e-08
5.887925423939063     6.492310679575092e-09
5.924101687997194     1.6462552927381527e-09
5.960277952055321     3.9099984554062485e-10
5.996454216113452     8.698361975381487e-11
6.0326304801715835     1.812507631651556e-11
6.068806744229711     3.53755891139413e-12
6.104983008287842     6.467091177041339e-13
6.14115927234597     1.1073776416492868e-13
6.177335536404101     1.776085955378468e-14
6.2135118004622285     2.6681710721625793e-15
6.24968806452036     3.7544370253631395e-16
6.285864328578487     4.9483161409820985e-17
6.322040592636618     6.108738219227218e-18
6.3582168566947495     7.063616985282146e-19
6.394393120752877     7.650586566947112e-20
6.430569384811008     7.783284702151762e-21
6.466745648869136     9.826691509670253e-22
6.502921912927267     2.6025590441730014e-21
6.539098176985394     2.4590527030118686e-20
6.5752744410435255     2.2316054909270854e-19
6.611450705101653     1.8973325565061716e-18
6.647626969159784     1.5109558510877684e-17
6.683803233217915     1.1270457842978837e-16
6.719979497276043     7.874315364559559e-16
6.756155761334174     5.1530636968814264e-15
6.792332025392302     3.158636712490346e-14
6.828508289450433     1.8134905990182854e-13
6.86468455350856     9.75242009392926e-13
6.9008608175666915     4.912368705829228e-12
6.937037081624819     2.3176666782979983e-11
6.97321334568295     1.0242181483286313e-10
7.009389609741081     4.23950775106756e-10
7.045565873799209     1.6436899169081267e-09
7.08174213785734     5.969058923315675e-09
7.1179184019154675     2.030361690083435e-08
7.154094665973599     6.468783605199798e-08
7.190270930031726     1.9304283925889934e-07
7.226447194089857     5.395938614318355e-07
7.262623458147985     1.4127432878707673e-06
7.298799722206116     3.4645261799065063e-06
7.334975986264244     7.958138633773715e-06
7.371152250322375     1.7122671035069575e-05
7.407328514380506     3.450914979385092e-05
7.4435047784386335     6.515085037879703e-05
7.479681042496765     0.00011523091001861756
7.515857306554892     0.00019096760324696115
7.552033570613023     0.00029665204602268653
7.588209834671151     0.0004322525609916019
7.624386098729282     0.0005916036312775275
7.6605623627874095     0.0007626020856253343
7.696738626845541     0.0009306458680221167
7.732914890903672     0.0010855522243752057
7.769091154961799     0.0012305540886602595
7.8052674190199305     0.0013902772686528982
7.841443683078058     0.0016136201722249527
7.877619947136189     0.001967848304199931
7.913796211194317     0.0025222912242814375
7.949972475252448     0.0033236303067030815
7.9861487393105755     0.0043690938908902
8.022325003368707     0.005587334251148935
8.058501267426838     0.006837180876217599
8.094677531484965     0.00793014866508932
8.130853795543096     0.008673873894454747
8.167030059601224     0.008923845909573926
8.203206323659355     0.008625054638947813
8.239382587717483     0.007827487863428101
8.275558851775614     0.006669613205504849
8.311735115833741     0.00533717820370053
8.347911379891872     0.0040140389743637764
8.384087643950004     0.0028427943325117343
8.420263908008131     0.0019061991600560291
8.456440172066262     0.0012301992532880602
8.49261643612439     0.0008013086828392248
8.528792700182521     0.0005879522608543526
8.564968964240649     0.0005570788629857623
8.60114522829878     0.0006815816467851416
8.637321492356907     0.0009385251145298037
8.673497756415038     0.0013015564213208104
8.709674020473166     0.0017327204418179662
8.745850284531297     0.0021790121868603103
8.782026548589428     0.002577213764666384
8.818202812647556     0.0028671011942160516
8.854379076705687     0.0030090577184634522
8.890555340763814     0.0029992933540393452
8.926731604821946     0.002875826724806501
8.962907868880073     0.0027114399081747853
8.999084132938204     0.0025946998165747768
9.035260396996332     0.0026047559686174344
9.071436661054463     0.0027882295159234556
9.107612925112594     0.003146364646148611
9.143789189170722     0.003637817932337331
9.179965453228853     0.004197513658288037
9.21614171728698     0.004765834800954131
9.252317981345112     0.005316894884341035
9.288494245403239     0.005872498267638834
9.32467050946137     0.0064921049533807704
9.360846773519498     0.007238825941637514
9.397023037577629     0.008133735174092924
9.43319930163576     0.009119418870938045
9.469375565693888     0.010052970027103161
9.505551829752019     0.01073710921023889
9.541728093810146     0.010980435351736656
9.577904357868277     0.010662957875978008
9.614080621926405     0.009779348643507142
9.650256885984536     0.008442230696593325
9.686433150042664     0.006846046894872924
9.722609414100795     0.005208784260534389
9.758785678158926     0.0037156993188478585
9.794961942217054     0.002484126776106262
9.831138206275185     0.0015560804075481617
9.867314470333316     0.0009131779074669654
9.903490734391443     0.0005020096336441847
9.939666998449571     0.0002585299573969976
9.975843262507698     0.00012479709104290865
10.012019526565833     5.677697289146972e-05
10.04819579062396     2.5536415027217574e-05
10.084372054682088     1.5547403500108436e-05
10.120548318740223     2.4043942326482697e-05
10.15672458279835     6.600818908179294e-05
10.192900846856478     0.00019188290605323452
10.229077110914606     0.0005303344298683658
10.26525337497274     0.001375583322118711
10.301429639030868     0.003343995267212409
10.337605903088996     0.007618854276525989
10.373782167147123     0.016272515044543547
10.409958431205258     0.03259157587131579
10.446134695263385     0.06124156504056422
10.482310959321513     0.10803518549062816
10.518487223379648     0.17908798119867456
10.554663487437775     0.27932936897995464
10.590839751495903     0.4106831023734739
10.62701601555403     0.5706027362810835
10.663192279612165     0.7517956023303596
10.699368543670293     0.9436739432297606
10.73554480772842     1.1353407189902598
10.771721071786548     1.3190730037329785
10.807897335844682     1.4928032903028585
10.84407359990281     1.6603617998193894
10.880249863960938     1.8291585312474876
10.916426128019072     2.0060929768975355
10.9526023920772     2.1932459157016346
10.988778656135327     2.3850424522068243
11.024954920193455     2.568116109997233
11.06113118425159     2.7242571415022927
11.097307448309717     2.8358105623679966
11.133483712367845     2.891930808789852
11.16965997642598     2.893520158728673
11.205836240484107     2.85482611051895
11.242012504542235     2.800691939389716
11.278188768600362     2.760073435374311
11.314365032658497     2.7580040259345573
11.350541296716624     2.8089754453293185
11.386717560774752     2.914252484228638
11.42289382483288     3.064047424273179
11.459070088891014     3.243396535216839
11.495246352949142     3.438985876701937
11.53142261700727     3.643902671512544
11.567598881065404     3.858533860341014
11.603775145123532     4.0879315568226895
11.63995140918166     4.337713581743895
11.676127673239787     4.610959107670422
11.712303937297921     4.907458164229462
11.748480201356049     5.2249164110396835
11.784656465414177     5.5605249591435415
11.820832729472311     5.911419497388944
11.857008993530439     6.273736655142277
11.893185257588566     6.641252368287075
11.929361521646694     7.005002692897835
11.965537785704829     7.35459330779952
12.001714049762956     7.680670486656421
12.037890313821084     7.977167560167262
12.074066577879211     8.242052685743209
12.110242841937346     8.47628545838659
12.146419105995474     8.681854797243801
12.182595370053601     8.860320486034768
12.218771634111736     9.012834153686061
12.254947898169863     9.141474760976179
12.291124162227991     9.250714037436769
12.327300426286119     9.347707804918542
12.363476690344253     9.441036616140522
12.39965295440238     9.53881694498118
12.435829218460508     9.647719709115925
12.472005482518636     9.773763993076123
12.50818174657677     9.92420671179848
12.544358010634898     10.108612010961705
12.580534274693026     10.337327362640284
12.61671053875116     10.61719836692954
12.652886802809288     10.946390750716844
12.689063066867416     11.311244165072045
12.725239330925543     11.687376409295286
12.761415594983678     12.045169363686906
12.797591859041805     12.357549916905754
12.833768123099933     12.606905793301848
12.869944387158068     12.788561100805856
12.906120651216195     12.90999895700302
12.942296915274323     12.986884537260035
12.97847317933245     13.03795439621587
13.014649443390585     13.08069582487206
13.050825707448713     13.128840151304994
13.08700197150684     13.191716945979527
13.123178235564968     13.274919326166678
13.159354499623102     13.381544019811345
13.19553076368123     13.513295780578026
13.231707027739358     13.670888067483366
13.267883291797492     13.853525868559148
13.30405955585562     14.057870548086226
13.340235819913747     14.277489294110168
13.376412083971875     14.503859406156902
13.41258834803001     14.7292077141894
13.448764612088137     14.950145753770212
13.484940876146265     15.170139501826474
13.521117140204392     15.399195890319156
13.557293404262527     15.650770208672684
13.593469668320655     15.937748262155075
13.629645932378782     16.270009942437003
13.665822196436917     16.654864480519002
13.701998460495044     17.099285262324806
13.738174724553172     17.611056117782613
13.7743509886113     18.196128880817064
13.810527252669434     18.85184294263328
13.846703516727562     19.558872229893396
13.88287978078569     20.27686896419465
13.919056044843824     20.948268168139926
13.955232308901952     21.511430094390473
13.99140857296008     21.91956065737782
14.027584837018207     22.157966903217982
14.063761101076341     22.251412587454244
14.099937365134469     22.25663115165841
14.136113629192597     22.241401003826926
14.172289893250724     22.258100270677243
14.208466157308859     22.322879898166
14.244642421366986     22.409459267950023
14.280818685425114     22.45985724180736
14.316994949483249     22.40663474730269
14.353171213541376     22.196660823961476
14.389347477599504     21.807279168506824
14.425523741657631     21.250915096930935
14.461700005715766     20.57004125728731
14.497876269773894     19.827581315075445
14.534052533832021     19.097225458005635
14.570228797890156     18.455326619712228
14.606405061948283     17.97356249464027
14.642581326006411     17.710913399700548
14.678757590064539     17.7045629737118
14.714933854122673     17.96096741830876
14.7511101181808     18.449584415969333
14.787286382238928     19.10217171417459
14.823462646297056     19.819967934428593
14.85963891035519     20.489268641951767
14.895815174413318     21.003052608325657
14.931991438471446     21.283367853210354
14.96816770252958     21.297792267112662
15.004343966587708     21.064684874914533
15.040520230645836     20.645847042069263
15.076696494703963     20.129696874317183
15.112872758762098     19.610830479867257
15.149049022820225     19.1718235965387
15.185225286878353     18.871001142054165
15.22140155093648     18.737239607091734
15.257577814994615     18.7708178062092
15.293754079052743     18.948165431585434
15.32993034311087     19.228014200888413
15.366106607169005     19.557085886847805
15.402282871227133     19.87510854831207
15.43845913528526     20.12083939735844
15.474635399343388     20.24128141790992
15.510811663401523     20.204278841019747
15.54698792745965     20.01094175738012
15.583164191517778     19.701532760018047
15.619340455575912     19.349206691661166
15.65551671963404     19.040762086321198
15.691692983692167     18.849908707933455
15.727869247750295     18.81276209134487
15.76404551180843     18.914883672038734
15.800221775866557     19.094534065878698
15.836398039924685     19.26055187466697
15.872574303982812     19.318471946580942
15.908750568040947     19.19682089200571
15.944926832099075     18.866721180422967
15.981103096157202     18.35062243228055
16.017279360215337     17.71887630704697
16.053455624273465     17.075431333143076
16.089631888331592     16.53608439655681
16.12580815238972     16.204285888305428
16.161984416447854     16.149910289883934
16.198160680505982     16.395283065010315
16.23433694456411     16.910522817486246
16.270513208622244     17.618117191517843
16.30668947268037     18.405632801462577
16.3428657367385     19.145387785026323
16.379042000796627     19.719441295876134
16.41521826485476     20.046202655858156
16.45139452891289     20.101869171026923
16.487570792971017     19.928179495721373
16.523747057029144     19.620247148984383
16.55992332108728     19.295060421660658
16.596099585145407     19.05000774974639
16.632275849203534     18.926938850389554
16.66845211326167     18.896910560249676
16.704628377319796     18.87311555094679
16.740804641377924     18.747605602394152
16.77698090543605     18.43680045494102
16.813157169494186     17.916634733696778
16.849333433552314     17.23277030703618
16.88550969761044     16.48255347267908
16.92168596166857     15.777914832358821
16.957862225726704     15.206141259409153
16.99403848978483     14.804857543157619
17.03021475384296     14.559438947048946
17.066391017901093     14.419997976145396
17.10256728195922     14.326776336054635
17.13874354601735     14.231031516291202
17.174919810075476     14.103390001969073
17.21109607413361     13.92977807772037
17.24727233819174     13.701759292404747
17.283448602249866     13.409999471694821
17.319624866308     13.046158323183134
17.355801130366128     12.612179063076253
17.391977394424256     12.130525312128949
17.428153658482383     11.647518669869177
17.464329922540518     11.225340895108204
17.500506186598646     10.924512284389163
17.536682450656773     10.784112188492427
17.5728587147149     10.808474231651287
17.609034978773035     10.965759855485052
17.645211242831163     11.197806884146058
17.68138750688929     11.435645661236777
17.717563770947425     11.613876738150282
17.753740035005553     11.679816014756058
17.78991629906368     11.597475075712538
17.826092563121808     11.348993848268506
17.862268827179943     10.935683494832023
17.89844509123807     10.378482656782555
17.934621355296198     9.7158590702201
17.970797619354325     8.997729245534579
18.00697388341246     8.276425113070243
18.043150147470588     7.598004374225908
18.079326411528715     6.997262390345513
18.11550267558685     6.4974117825399675
18.151678939644977     6.112308001645951
18.187855203703105     5.847687325370157
18.224031467761233     5.699259624943809
18.260207731819367     5.648638844450221
18.296383995877495     5.66063745130386
18.332560259935622     5.685495633792504
18.368736523993757     5.667102210302136
18.404912788051885     5.554915266951639
18.441089052110012     5.315265527254614
18.47726531616814     4.938104020305725
18.513441580226274     4.437479943687836
18.549617844284402     3.846569686965609
18.58579410834253     3.2096006043473744
18.621970372400657     2.5731713922601536
18.658146636458792     1.9787772191469633
18.69432290051692     1.4575227245899145
18.730499164575047     1.0274226267442659
18.76667542863318     0.693299733870033
18.80285169269131     0.4489153258120247
18.839027956749437     0.28057919781055757
18.875204220807564     0.1712362108327274
18.9113804848657     0.10406949752678374
18.947556748923827     0.0650000712934464
18.983733012981954     0.04393619904354695
19.01990927704009     0.03501920914032814
19.056085541098216     0.03628186579630674
19.092261805156344     0.04906111610201828
19.12843806921447     0.07727564039895221
19.164614333272606     0.12643800133351255
19.200790597330734     0.20218026311044202
19.23696686138886     0.308239487303071
19.27314312544699     0.4442565200658719
19.309319389505124     0.6041872808591786
19.34549565356325     0.7762754699220819
19.38167191762138     0.9451123696612793
19.417848181679513     1.0953510742540469
19.45402444573764     1.2156186505239053
19.49020070979577     1.300777433944791
19.526376973853896     1.3513701042237263
19.56255323791203     1.370607022511954
19.59872950197016     1.3607232221706034
19.634905766028286     1.3209518169018974
19.671082030086414     1.2483701739868183
19.707258294144548     1.141073458261501
19.743434558202676     1.001687095325474
19.779610822260803     0.8390593647170566
19.815787086318938     0.6671076772160833
19.851963350377066     0.5014154934050002
19.888139614435193     0.3552698513737247
19.92431587849332     0.23685465779661583
19.960492142551455     0.14847056318472857
19.996668406609583     0.08758968982557917
20.03284467066771     0.0488724599568644
20.069020934725845     0.026189368652798896
20.105197198783973     0.014036811015222606
20.1413734628421     0.008192896434749422
20.177549726900228     0.005781588753151595
20.213725990958363     0.005025187741802322
20.24990225501649     0.004920018328480978
20.286078519074618     0.004964206746661575
20.322254783132745     0.004972247079056922
20.35843104719088     0.004958063576008182
20.394607311249008     0.005053588635095811
20.430783575307135     0.005437708295731317
20.46695983936527     0.006265865615542617
20.503136103423397     0.007604807907603454
20.539312367481525     0.009386152525497462
20.575488631539653     0.011394886879078407
20.611664895597787     0.013303272293267394
20.647841159655915     0.014747142084522762
20.684017423714042     0.015424454656360798
20.72019368777217     0.015183373574302472
20.756369951830305     0.014067303159586628
20.792546215888432     0.012299550759839654
20.82872247994656     0.010214199805271808
20.864898744004694     0.008160418169542839
20.901075008062822     0.006414778019541291
20.93725127212095     0.005128210957070198
20.973427536179077     0.004317217044098335
21.009603800237212     0.003892327533095808
21.04578006429534     0.0037072563412960217
21.081956328353467     0.0036109433891949962
21.1181325924116     0.0034891102262284293
21.15430885646973     0.0032884062015621964
21.190485120527857     0.0030221622602631384
21.226661384585984     0.0027608878886582157
21.26283764864412     0.0026124092937890126
21.299013912702247     0.0026961044014241673
21.335190176760374     0.003114174525111624
21.371366440818502     0.003922207132178564
21.407542704876636     0.005102884407842734
21.443718968934764     0.006550030873852035
21.47989523299289     0.00807231295605315
21.516071497051026     0.009423149567952179
21.552247761109154     0.010354507670008721
21.588424025167278     0.010680507348870168
