-22.148679221111326     2.9398268658831162e-08
-22.112502957053195     4.128114585468059e-08
-22.076326692995067     5.431319590654625e-08
-22.040150428936936     6.699609830257671e-08
-22.00397416487881     7.76191974663399e-08
-21.967797900820678     8.491551215131172e-08
-21.93162163676255     8.91012087844493e-08
-21.89544537270442     9.357010147396877e-08
-21.85926910864629     1.0801712355881975e-07
-21.82309284458816     1.5459040338889468e-07
-21.78691658053003     2.7963004073505213e-07
-21.7507403164719     5.740645443350559e-07
-21.71456405241377     1.20453257037621e-06
-21.678387788355643     2.453474338049074e-06
-21.64221152429751     4.759267315749879e-06
-21.606035260239384     8.73898082883466e-06
-21.569858996181253     1.5172504105100544e-05
-21.533682732123125     2.4936583852556843e-05
-21.497506468064994     3.8907263152481216e-05
-21.461330204006863     5.7896632198696594e-05
-21.425153939948736     8.274354676237316e-05
-21.388977675890605     0.00011474065765780174
-21.352801411832477     0.0001567173560717716
-21.316625147774346     0.00021549546746494063
-21.28044888371622     0.0003074022572072823
-21.244272619658087     0.0004703569025926484
-21.20809635559996     0.0007886273924294707
-21.17192009154183     0.0014385125808531623
-21.1357438274837     0.0027620689839526133
-21.09956756342557     0.005367138487223704
-21.06339129936744     0.010231428424393972
-21.02721503530931     0.018757628400250675
-20.99103877125118     0.032698105042982775
-20.954862507193052     0.05386720798640383
-20.91868624313492     0.08361576227906957
-20.882509979076794     0.12216517871457405
-20.846333715018663     0.16805072915600774
-20.810157450960535     0.21801631080154016
-20.773981186902404     0.26763433344334375
-20.737804922844273     0.31265311034248655
-20.701628658786145     0.3506840116647541
-20.665452394728014     0.382530979067567
-20.629276130669886     0.4124469258087388
-20.593099866611755     0.44695487372297105
-20.556923602553628     0.4924670711034708
-20.520747338495497     0.5524918681429626
-20.48457107443737     0.6254648299782939
-20.448394810379238     0.7040675248480596
-20.412218546321107     0.776394303002739
-20.37604228226298     0.8287039005635676
-20.339866018204848     0.8489642131315289
-20.30368975414672     0.8301197303231169
-20.26751349008859     0.7720653449510682
-20.231337226030462     0.6817039401914379
-20.19516096197233     0.5710981495839567
-20.158984697914203     0.45438011749507684
-20.122808433856072     0.3444863867800056
-20.086632169797944     0.25075575202651323
-20.050455905739813     0.177989855114253
-20.014279641681682     0.12695517415461013
-19.978103377623555     0.09579454280983386
-19.941927113565423     0.0816126308174255
-19.905750849507296     0.0816198086206505
-19.869574585449165     0.09353822867084463
-19.833398321391037     0.11532838526288917
-19.797222057332906     0.1445592180819099
-19.761045793274775     0.17785600946671687
-19.724869529216647     0.21080033311204624
-19.688693265158516     0.23844692154947564
-19.65251700110039     0.25633487462223514
-19.616340737042258     0.2616239185655543
-19.58016447298413     0.2539020591567719
-19.543988208926     0.2353397786489618
-19.50781194486787     0.2101421496209331
-19.47163568080974     0.18352285740240323
-19.435459416751613     0.16055374657367738
-19.39928315269348     0.14519333304965276
-19.36310688863535     0.1396468293197108
-19.326930624577223     0.1440808513283555
-19.29075436051909     0.15667679029143255
-19.254578096460964     0.1740300515764664
-19.218401832402833     0.19190340840565548
-19.182225568344705     0.20626300056249108
-19.146049304286574     0.2143877556441
-19.109873040228447     0.2157360381013904
-19.073696776170316     0.21226277225162898
-19.037520512112188     0.2080241477859443
-19.001344248054057     0.20812632314974602
-18.965167983995926     0.2172791270724165
-18.928991719937798     0.2383394416762414
-18.892815455879667     0.27124883056971455
-18.85663919182154     0.31268814538086764
-18.82046292776341     0.3565968399083708
-18.78428666370528     0.3954617520436838
-18.74811039964715     0.4220342032732437
-18.71193413558902     0.43098337252193203
-18.67575787153089     0.42001631655389293
-18.63958160747276     0.3901896576669414
-18.603405343414632     0.34541489585184654
-18.5672290793565     0.29139513291459374
-18.531052815298374     0.23434369410669292
-18.494876551240242     0.17981838628662802
-18.458700287182115     0.1319055632178576
-18.422524023123984     0.09285974961713249
-18.386347759065856     0.06318251270776316
-18.350171495007725     0.042028006699166835
-18.313995230949594     0.02776719911603694
-18.277818966891466     0.018538994849128226
-18.241642702833335     0.012661435238472489
-18.205466438775208     0.008849056366222808
-18.169290174717077     0.006253177309603687
-18.13311391065895     0.004386107314989123
-18.096937646600818     0.0030000540254130387
-18.060761382542687     0.0019748645249627
-18.02458511848456     0.0012413236261802603
-17.98840885442643     0.0007426533821298959
-17.9522325903683     0.00042328280510384853
-17.91605632631017     0.00023094985506962412
-17.87988006225204     0.00012170201253754593
-17.84370379819391     6.27208225812746e-05
-17.807527534135783     3.206610645704764e-05
-17.771351270077652     1.6456363553480194e-05
-17.735175006019524     8.516022429752852e-06
-17.698998741961393     4.42191000880804e-06
-17.662822477903262     2.2764155643895636e-06
-17.626646213845135     1.1455207739985857e-06
-17.590469949787003     5.564350145443897e-07
-17.554293685728876     2.5847224586060496e-07
-17.518117421670745     1.140940982107461e-07
-17.481941157612617     4.7669497562076444e-08
-17.445764893554486     1.8806559601393372e-08
-17.409588629496355     6.996187720209361e-09
-17.373412365438227     2.4521296764791046e-09
-17.3372361013801     8.093679072716561e-10
-17.30105983732197     2.5149916235042915e-10
-17.264883573263837     7.355623936587014e-11
-17.22870730920571     2.02448000809216e-11
-17.19253104514758     5.2425057195644225e-12
-17.15635478108945     1.2770621669724447e-12
-17.12017851703132     2.9257867625418973e-13
-17.084002252973193     6.302807897014093e-14
-17.04782598891506     1.276392096092371e-14
-17.01164972485693     2.4293326629789028e-15
-16.975473460798803     4.3444541489987287e-16
-16.939297196740675     7.298296047356158e-17
-16.903120932682544     1.1514374287739414e-17
-16.866944668624413     1.7056492739945784e-18
-16.830768404566285     2.3717671257708275e-19
-16.794592140508154     3.095244759046391e-20
-16.758415876450027     3.7902879246724576e-21
-16.722239612391895     4.354351608033316e-22
-16.686063348333768     4.692189055974411e-23
-16.649887084275637     4.742610766365603e-24
-16.613710820217506     4.568659829241774e-25
-16.577534556159378     1.2251878687985463e-25
-16.541358292101247     8.569276886335755e-25
-16.50518202804312     8.263769700734995e-24
-16.46900576398499     7.49299466006597e-23
-16.43282949992686     6.363961316347017e-22
-16.39665323586873     5.062688522189218e-21
-16.3604769718106     3.772387942311509e-20
-16.32430070775247     2.632891416092803e-19
-16.288124443694343     1.7211987033571252e-18
-16.251948179636212     1.0539270057164571e-17
-16.21577191557808     6.044654976882784e-17
-16.179595651519953     3.2472368121802304e-16
-16.143419387461822     1.6339466327788316e-15
-16.107243123403695     7.700931046782744e-15
-16.071066859345564     3.3996175532352723e-14
-16.034890595287436     1.4057184735116084e-13
-15.998714331229305     5.444375896401851e-13
-15.962538067171176     1.9750555455641342e-12
-15.926361803113046     6.711073365772264e-12
-15.890185539054917     2.1359255961293012e-11
-15.854009274996788     6.367393868770087e-11
-15.817833010938656     1.7779468364802134e-10
-15.781656746880529     4.6500464121223845e-10
-15.745480482822398     1.139140428996051e-09
-15.709304218764268     2.6138382239499343e-09
-15.673127954706139     5.617739605330521e-09
-15.63695169064801     1.1309045882525644e-08
-15.60077542658988     2.1324152926411755e-08
-15.564599162531751     3.766162648226742e-08
-15.528422898473622     6.230283604899248e-08
-15.49224663441549     9.653793882040598e-08
-15.456070370357363     1.4011017924344163e-07
-15.419894106299232     1.9046834862920053e-07
-15.383717842241104     2.4252549816476587e-07
-15.347541578182973     2.892500583920576e-07
-15.311365314124844     3.231253020094078e-07
-15.275189050066714     3.381037117182152e-07
-15.239012786008585     3.3136785134322857e-07
-15.202836521950456     3.041951363758799e-07
-15.166660257892325     2.615625853987014e-07
-15.130483993834197     2.106592035879303e-07
-15.094307729776066     1.589156671871383e-07
-15.058131465717938     1.1228828642096329e-07
-15.021955201659807     7.431622741867199e-08
-14.985778937601678     4.606958811318437e-08
-14.949602673543549     2.675017570648396e-08
-14.91342640948542     1.4548654327371182e-08
-14.87725014542729     7.411975772993295e-09
-14.841073881369159     3.540718693273946e-09
-14.804897617311031     1.6077608537029285e-09
-14.7687213532529     8.200812968043598e-10
-14.732545089194772     1.121603655372827e-09
-14.696368825136641     4.48923073568895e-09
-14.660192561078512     2.1007409689395975e-08
-14.624016297020383     9.379155828375111e-08
-14.587840032962253     3.9275372081767247e-07
-14.551663768904124     1.5406374789058053e-06
-14.515487504845993     5.660634948788564e-06
-14.479311240787865     1.9481015734748633e-05
-14.443134976729734     6.279711154418787e-05
-14.406958712671607     0.00018960486128992855
-14.370782448613475     0.000536217790266841
-14.334606184555346     0.0014204152578151331
-14.298429920497217     0.0035242974038553728
-14.262253656439087     0.00819057259042553
-14.226077392380958     0.01782965793129407
-14.189901128322829     0.036354943239003096
-14.1537248642647     0.06943593128949477
-14.11754860020657     0.12422851641828167
-14.081372336148439     0.20821113673613034
-14.04519607209031     0.326953946203228
-14.00901980803218     0.48113821142493424
-13.97284354397405     0.6638048121139303
-13.936667279915921     0.8592990404694726
-13.900491015857792     1.045254982565999
-13.864314751799663     1.1979888538896317
-13.828138487741533     1.3000916374825195
-13.791962223683404     1.3475691054864662
-13.755785959625275     1.3534455171523423
-13.719609695567144     1.3457734463287732
-13.683433431509014     1.3601390903095822
-13.647257167450885     1.4290290338391267
-13.611080903392756     1.5717388459182209
-13.574904639334626     1.7882637746767094
-13.538728375276497     2.0589977516519524
-13.502552111218368     2.3498702038138446
-13.466375847160238     2.620741374952685
-13.430199583102109     2.834158207704102
-13.394023319043978     2.9620956434724848
-13.357847054985848     2.9896405757296716
-13.321670790927719     2.915935882892272
-13.28549452686959     2.7533803132259913
-13.24931826281146     2.5258481949640177
-13.213141998753331     2.2659433786227643
-13.176965734695202     2.0107829743005876
-13.140789470637072     1.7960897805869633
-13.104613206578943     1.6494077998267707
-13.068436942520814     1.5843510118333137
-13.032260678462682     1.5980743933766381
-12.996084414404553     1.6731935210013997
-12.959908150346424     1.7835700439475164
-12.923731886288294     1.9017415761245382
-12.887555622230165     2.0052756484564607
-12.851379358172036     2.0802078322221096
-12.815203094113906     2.1213181653747526
-12.779026830055777     2.1302448519539445
-12.742850565997648     2.112689091232586
-12.706674301939517     2.075462863647608
-12.670498037881387     2.023662507337291
-12.634321773823258     1.958359370160883
-12.598145509765128     1.8756507823918052
-12.561969245707     1.767954476575206
-12.52579298164887     1.6275856599396394
-12.48961671759074     1.4513069161612524
-12.453440453532611     1.2436764398457583
-12.417264189474482     1.0174013181748345
-12.381087925416352     0.7903947314452454
-12.344911661358221     0.580897355009064
-12.308735397300092     0.40283642758722965
-12.272559133241963     0.26318925575941976
-12.236382869183833     0.1619202911783629
-12.200206605125704     0.09387374252390261
-12.164030341067575     0.05142151122134687
-12.127854077009445     0.026784425760050745
-12.091677812951316     0.01346492675959909
-12.055501548893186     0.006763661393218747
-12.019325284835055     0.0036641706930856245
-11.983149020776926     0.0024303192707550627
-11.946972756718797     0.0021685950184831514
-11.910796492660667     0.002477817353778247
-11.874620228602538     0.003212319144997027
-11.838443964544409     0.004338456644780255
-11.80226770048628     0.005854686832010026
-11.76609143642815     0.007751968527612225
-11.72991517237002     0.009999790413939077
-11.693738908311891     0.012548459648643217
-11.65756264425376     0.015340851401791044
-11.62138638019563     0.01832854265280948
-11.585210116137501     0.02148888112586644
-11.549033852079372     0.024840390116978445
-11.512857588021243     0.028453207692031975
-11.476681323963113     0.03244946964215783
-11.440505059904984     0.036987529433034905
-11.404328795846855     0.04222591648057504
-11.368152531788725     0.04826920640308519
-11.331976267730594     0.05510753368584148
-11.295800003672465     0.06257049897643797
-11.259623739614335     0.07031883403780434
-11.223447475556206     0.07788850499055999
-11.187271211498077     0.08478250985639063
-11.151094947439947     0.09058377242769171
-11.114918683381818     0.09505091630631711
-11.078742419323689     0.09816585587180589
-11.04256615526556     0.1001251467816697
-11.00638989120743     0.10129229118053797
-10.970213627149299     0.10214074166467245
-10.93403736309117     0.10321125340180524
-10.89786109903304     0.1050881892688445
-10.86168483497491     0.10837852703423918
-10.825508570916782     0.11366376184064392
-10.789332306858652     0.12139433734856625
-10.753156042800523     0.1317139710064829
-10.716979778742393     0.14424082065636054
-10.680803514684264     0.15788614986925958
-10.644627250626133     0.17083171595892147
-10.608450986568004     0.18077616887261383
-10.572274722509874     0.18547697663310814
-10.536098458451745     0.1834814446166626
-10.499922194393616     0.17482573694885778
-10.463745930335486     0.16145582690320845
-10.427569666277357     0.14721159825081795
-10.391393402219228     0.1373669576069058
-10.355217138161098     0.1378482080714029
-10.319040874102969     0.1542978416967158
-10.282864610044838     0.1911168516225173
-10.246688345986708     0.2505677430499586
-10.210512081928579     0.33201650565036395
-10.17433581787045     0.4314475164287263
-10.13815955381232     0.541450775769213
-10.101983289754191     0.65187842966  
-10.065807025696062     0.7512448954721163
-10.029630761637932     0.8287129708853512
-9.993454497579803     0.8762461865769384
-9.957278233521672     0.8903346297406237
-9.921101969463543     0.8727251866117259
-9.884925705405413     0.8298457613640688
-9.848749441347284     0.7710381177917237
-9.812573177289154     0.7061424016032128
-9.776396913231025     0.6432179343466218
-9.740220649172896     0.5871175492370222
-9.704044385114766     0.5392733664589852
-9.667868121056637     0.4985584503322651
-9.631691856998508     0.46268818712953086
-9.595515592940377     0.4295009942961361
-9.559339328882247     0.3976544251046516
-9.523163064824118     0.36666759202804816
-9.486986800765989     0.33660758709711563
-9.45081053670786     0.3078512580249717
-9.41463427264973     0.2811909654276965
-9.3784580085916     0.2582107698837794
-9.342281744533471     0.2415629186694854
-9.306105480475342     0.2347181617428275
-9.26992921641721     0.24099706944479862
-9.233752952359081     0.2620960136273702
-9.197576688300952     0.29668757846282967
-9.161400424242823     0.3398010712940788
-9.125224160184693     0.3834795186464809
-9.089047896126564     0.4187203787242947
-9.052871632068435     0.4381343437959628
-9.016695368010305     0.4383656402519845
-8.980519103952176     0.4213192893321491
-8.944342839894047     0.39366925552223836
-8.908166575835915     0.36479210215019164
-8.871990311777786     0.3438718646580472
-8.835814047719657     0.3371871959484815
-8.799637783661527     0.3464419885530177
-8.763461519603398     0.3685589049065669
-8.727285255545269     0.39684408023426326
-8.69110899148714     0.42304003091427517
-8.65493272742901     0.4395989241359089
-8.61875646337088     0.44152773270484225
-8.58258019931275     0.4273397899714671
-8.54640393525462     0.3989418035297947
-8.51022767119649     0.3606192099134345
-8.474051407138361     0.31755429265209756
-8.437875143080232     0.27441813758041106
-8.401698879022103     0.23447500739833924
-8.365522614963973     0.19938133119555004
-8.329346350905844     0.16958385932610065
-8.293170086847715     0.14505357685904452
-8.256993822789585     0.12608330905829987
-8.220817558731454     0.11397376054192984
-8.184641294673325     0.11152557971814717
-8.148465030615196     0.12325943263430014
-8.112288766557066     0.15520343396470118
-8.076112502498937     0.2140133593704698
-8.039936238440808     0.30526568066767973
-8.003759974382678     0.43107674507858507
-7.967583710324549     0.5876950644580871
-7.9314074462664195     0.7641436474143641
-7.895231182208288     0.943015669540259
-7.859054918150159     1.1039280749348062
-7.82287865409203     1.2290297608339302
-7.7867023900339     1.308835605084716
-7.750526125975771     1.3461457983903766
-7.714349861917642     1.3562890400765253
-7.678173597859512     1.3632512309239502
-7.641997333801383     1.3928126855026666
-7.605821069743254     1.4649089470184302
-7.569644805685122     1.5876271556612251
-7.533468541626993     1.754570143856605
-7.497292277568864     1.946128870443903
-7.461116013510734     2.1339918004340928
-7.424939749452605     2.2874068854821
-7.388763485394476     2.379513710692989
-7.352587221336346     2.3924258379648413
-7.316410957278217     2.3203736960259005
-7.280234693220088     2.170749683044659
-7.244058429161958     1.9631214340082088
-7.207882165103827     1.7262826467785588
-7.171705901045698     1.4934839553534902
-7.1355296369875685     1.2963613105740577
-7.099353372929439     1.1587010293592825
-7.06317710887131     1.0916934736877697
-7.02700084481318     1.0922904319596594
-6.990824580755051     1.145468580865614
-6.954648316696922     1.22980516320341
-6.918472052638792     1.3243876017862846
-6.882295788580661     1.4144397594135816
-6.846119524522532     1.4936027825983254
-6.809943260464403     1.5623749318800766
-6.773766996406273     1.6239873952552142
-6.737590732348144     1.6800045019727368
-6.7014144682900145     1.7276981038773744
-6.665238204231885     1.76007426882784
-6.629061940173756     1.7681676068096703
-6.5928856761156265     1.744559410847125
-6.556709412057497     1.6870845796327671
-6.520533147999366     1.601912979144189
-6.484356883941237     1.5051996416856508
-6.448180619883107     1.422347240176494
-6.412004355824978     1.3840716517504152
-6.375828091766849     1.4192920160364806
-6.339651827708719     1.546266082520764
-6.30347556365059     1.76472912550142
-6.267299299592461     2.0522883753299777
-6.231123035534331     2.367495433074709
-6.1949467714762     2.6599633210981715
-6.158770507418071     2.8852842215802563
-6.122594243359941     3.0203422118733636
-6.086417979301814     3.0738418046059195
-6.050241715243683     3.0879509192491934
-6.014065451185552     3.129629450282112
-5.977889187127424     3.2735721730826213
-5.941712923069293     3.5815349945806476
-5.905536659011165     4.084115941582915
-5.869360394953034     4.770359655744006
-5.833184130894907     5.588083069869888
-5.7970078668367755     6.454445829730437
-5.760831602778648     7.27323617512358
-5.724655338720517     7.953750352052815
-5.688479074662389     8.426540009034037
-5.652302810604258     8.653260843210086
-5.616126546546127     8.630158737280832
-5.579950282487999     8.386114855080999
-5.543774018429868     7.976232114188394
-5.507597754371741     7.471441260703611
-5.47142149031361     6.9447849078278026
-5.435245226255482     6.456440821395678
-5.399068962197351     6.041327770041936
-5.362892698139223     5.703636035534505
-5.326716434081092     5.420766166783891
-5.290540170022961     5.155501345963962
-5.2543639059648335     4.871723893964693
-5.218187641906702     4.547605555116135
-5.182011377848575     4.181657244433324
-5.145835113790444     3.790387854166761
-5.109658849732316     3.399780266186706
-5.073482585674185     3.0347908821592413
-5.037306321616057     2.711055194284448
-5.001130057557926     2.431379782808849
-4.964953793499795     2.18738545727172
-4.928777529441668     1.9647747015353523
-4.8926012653835365     1.7497112164369009
-4.856425001325409     1.5338693647245045
-4.820248737267278     1.316620603197198
-4.78407247320915     1.1041172064516451
-4.747896209151019     0.9061825214868284
-4.7117199450928915     0.7325149785398608
-4.67554368103476     0.5896307895327708
-4.639367416976629     0.47938194078550694
-4.603191152918502     0.3991417728460779
-4.5670148888603705     0.34317700693782865
-4.530838624802243     0.30448378129310727
-4.494662360744112     0.276434816684658
-4.458486096685984     0.2538389412934772
-4.422309832627853     0.23331257743705414
-4.386133568569726     0.21310172581186512
-4.3499573045115945     0.1926166257780778
-4.313781040453467     0.17193948031398043
-4.277604776395336     0.15147031803134603
-4.241428512337205     0.1317483593179142
-4.205252248279077     0.1133892230500896
-4.169075984220946     0.0970471379070396
-4.132899720162818     0.08334068676793227
-4.096723456104687     0.07273666566305655
-4.06054719204656     0.06543207289909121
-4.0243709279884285     0.061288005786672754
-3.988194663930301     0.05985124993274069
-3.95201839987217     0.06046352340298919
-3.9158421358140387     0.06242264082970136
-3.879665871755911     0.06513890526151074
-3.84348960769778     0.06823122687194971
-3.8073133436396525     0.07152989046779037
-3.7711370795815213     0.07498847488727889
-3.7349608155233938     0.07854375401066704
-3.6987845514652626     0.08198611925472706
-3.662608287407135     0.08490344412420792
-3.626432023349004     0.08673460747723802
-3.590255759290873     0.08692250967997228
-3.5540794952327452     0.08510933759887095
-3.517903231174614     0.0812924911869092
-3.4817269671164865     0.07587275096452573
-3.4455507030583554     0.06957231631655199
-3.409374439000228     0.0632559497880611
-3.3731981749420967     0.05772501176174619
-3.337021910883969     0.05355508611068588
-3.300845646825838     0.051017699899458785
-3.264669382767707     0.050086013821345636
-3.2284931187095793     0.05049581061359879
-3.192316854651448     0.05182760412316975
-3.1561405905933206     0.05358848805248244
-3.1199643265351895     0.05528903885686246
-3.083788062477062     0.056518004032157086
-3.047611798418931     0.05701199843514375
-3.0114355343608032     0.0567058863443412
-2.975259270302672     0.05574339846476443
-2.939083006244541     0.0544344603679243
-2.9029067421864134     0.0531643122817755
-2.8667304781282823     0.052280349577742496
-2.8305542140701547     0.051994192525114766
-2.7943779500120236     0.05233205954501704
-2.758201685953896     0.053147757650279064
-2.722025421895765     0.05418840479617254
-2.6858491578376373     0.05518453491906486
-2.649672893779506     0.05593125899307425
-2.6134966297213786     0.056336382469755426
-2.5773203656632475     0.056428625446297453
-2.5411441016051164     0.056334960214626036
-2.504967837546989     0.0562432433979161
-2.4687915734888577     0.056363414627893633
-2.43261530943073     0.05689232162899143
-2.396439045372599     0.0579809062906528
-2.3602627813144714     0.05970261928581431
-2.3240865172563403     0.062027528930774664
-2.2879102531982127     0.06481222454177954
-2.2517339891400816     0.06781562572593694
-2.2155577250819505     0.07074345721392371
-2.179381461023823     0.07331282421547947
-2.143205196965692     0.07531919077749423
-2.107028932907564     0.07668601372676716
-2.070852668849433     0.07748303487475214
-2.0346764047913055     0.07790937676150973
-1.9985001407331744     0.07824721953779208
-1.9623238766750468     0.07879769595359083
-1.9261476126169157     0.0798125485562952
-1.8899713485587846     0.08143492814741018
-1.853795084500657     0.08366199900275806
-1.8176188204425259     0.08634016103872258
-1.7814425563843983     0.08919842448530095
-1.7452662923262672     0.09191534266730268
-1.7090900282681396     0.0942020724228238
-1.6729137642100085     0.09587473411371855
-1.636737500151881     0.09689023560777117
-1.6005612360937498     0.09733363814961338
-1.5643849720356187     0.09736668471113433
-1.528208707977491     0.09716491988524086
-1.49203244391936     0.09687412041727772
-1.4558561798612324     0.09660263407858702
-1.4196799158031013     0.09644242560058224
-1.3835036517449737     0.09649240093462634
-1.3473273876868426     0.09685513094013272
-1.311151123628715     0.09759492881956268
-1.2749748595705839     0.09867216131943009
-1.2387985955124563     0.09988979436746528
-1.2026223314543252     0.100890105528877
-1.166446067396194     0.10121949447463044
-1.1302698033380665     0.10044733466418504
-1.0940935392799354     0.09829786068276468
-1.0579172752218078     0.09474626754139324
-1.0217410111636767     0.09004463994442086
-0.9855647471055491     0.08467131080455147
-0.949388483047418     0.07922449051088078
-0.9132122189892904     0.07429617339193706
-0.8770359549311593     0.07036197373295584
-0.8408596908730281     0.06771048921650503
-0.8046834268149006     0.06641920047571809
-0.7685071627567694     0.066369625374684
-0.7323308986986419     0.06728699374977054
-0.6961546346405107     0.06879041225437832
-0.6599783705823832     0.07044595566118012
-0.623802106524252     0.07182194590398294
-0.5876258424661245     0.07254727235608606
-0.5514495784079934     0.07236813659993901
-0.5152733143498622     0.07119009123703739
-0.47909705029173466     0.06908835810985273
-0.44292078623360354     0.06627587093568256
-0.40674452217547596     0.06303411967355116
-0.37056825811734484     0.05962851614788303
-0.33439199405921727     0.05623773733599541
-0.29821573000108614     0.052920455487003235
-0.26203946594295857     0.04962642716332341
-0.22586320188482745     0.046241185711120916
-0.18968693782669632     0.042643258499722836
-0.15351067376856875     0.03875319165069649
-0.11733440971043763     0.034561846739520216
-0.08115814565231005     0.03013556379809197
-0.04498188159417893     0.0256030195031126
-0.008805617536051358     0.021131309399249596
0.027370646522079767     0.016898123587760366
0.06354691058020734     0.013065047033379627
0.09972317463833846     0.00975553330304863
0.13589943869646604     0.007040252000228248
0.17207570275459716     0.004931713764082733
0.20825196681272828     0.0033887232356006594
0.24442823087085586     0.0023292810624295545
0.280604494928987     0.0016486642158498556
0.31678075898711455     0.0012383566538890656
0.3529570230452457     0.0010017285870303199
0.38913328710337325     0.0008637392765576765
0.4253095511615044     0.0007738938987944402
0.46148581521963195     0.0007035330431090092
0.49766207927776307     0.0006397430106672074
0.5338383433358942     0.0005784983987532436
0.5700146073940218     0.0005191376827537303
0.6061908714521529     0.0004612300221386004
0.6423671355102805     0.0004037593423129937
0.6785433995684116     0.0003457488853027622
0.7147196636265392     0.00028720976784373913
0.7508959276846703     0.0002295871148376758
0.7870721917427979     0.0001754421429117731
0.823248455800929     0.00012762269153347006
0.8594247198590601     8.841113759563197e-05
0.8956009839171877     5.906044051469995e-05
0.9317772479753188     3.986176123834442e-05
0.9679535120334464     3.0609383163581204e-05
1.0041297760915775     3.116541775686436e-05
1.040306040149705     4.1809455960719545e-05
1.0764823042078362     6.315538505269175e-05
1.1126585682659638     9.558562294611219e-05
1.148834832324095     0.00013835707019348688
1.185011096382226     0.00018872690382703368
1.2211873604403536     0.00024154995441741145
1.2573636244984847     0.00028972019913805694
1.2935398885566123     0.0003255323360901436
1.3297161526147434     0.00034261683577137557
1.365892416672871     0.0003377612306246692
1.402068680731002     0.0003118845117215341
1.4382449447891297     0.0002697489071527901
1.4744212088472608     0.00021852803501282937
1.5105974729053884     0.00016581970186158355
1.5467737369635195     0.00011785462088367985
1.5829500010216506     7.845828878883586e-05
1.6191262650797782     4.892311465043632e-05
1.6553025291379093     2.8574606148040816e-05
1.691478793196037     1.563449381551223e-05
1.727655057254168     8.018641973741597e-06
1.7638313213122956     3.8695693726266625e-06
1.8000075853704267     1.7956023307400398e-06
1.8361838494285543     8.961400918086361e-07
1.8723601134866854     6.813718875634868e-07
1.9085363775448165     9.70958663035283e-07
1.944712641602944     1.813723653397015e-06
1.9808889056610752     3.4322505245109568e-06
2.017065169719203     6.1720241503988425e-06
2.053241433777334     1.0427137017844336e-05
2.0894176978354615     1.652521826150318e-05
2.1255939618935926     2.458289545509704e-05
2.16177022595172     3.438213765783611e-05
2.1979464900098513     4.5348077816464556e-05
2.2341227540679824     5.670414241885876e-05
2.27029901812611     6.782224925347379e-05
2.306475282184241     7.868242912971999e-05
2.3426515462423687     9.024966456384813e-05
2.3788278103005     0.00010452970305099428
2.4150040743586274     0.00012413359867388446
2.4511803384167585     0.00015136995912871107
2.487356602474886     0.0001871343322797378
2.5235328665330172     0.00023005993053725222
2.5597091305911484     0.00027640619503245447
2.595885394649276     0.00032092737719237937
2.632061658707407     0.00035854345059087355
2.6682379227655346     0.00038621943440245697
2.7044141868236657     0.00040427773655506133
2.7405904508817933     0.00041655322723778367
2.7767667149399244     0.0004292839637098346
2.812942978998052     0.0004491702858773521
2.849119243056183     0.0004813662567183726
2.8852955071143107     0.0005281609825342597
2.921471771172442     0.0005888161158792703
2.957648035230573     0.0006605993654438111
2.9938242992887005     0.0007406247821986257
3.0300005633468317     0.0008277656699703154
3.0661768274049592     0.0009237402090084708
3.1023530914630904     0.001032614582053704
3.138529355521218     0.0011585075951458755
3.174705619579349     0.0013021089010929496
3.2108818836374766     0.0014573955596733086
3.2470581476956077     0.0016102068657082307
3.283234411753739     0.0017398425368456607
3.3194106758118664     0.001823692097344823
3.3555869398699976     0.0018435714025438878
3.391763203928125     0.0017915728884165228
3.4279394679862563     0.0016732763711489183
3.464115732044384     0.0015071187776432853
3.500291996102515     0.0013201299076034702
3.5364682601606425     0.0011414563538559657
3.5726445242187737     0.0009956425395939116
3.608820788276905     0.0008974521484373077
3.6449970523350324     0.0008493768843688938
3.6811733163931635     0.0008422391093714356
3.717349580451291     0.0008586209063049988
3.753525844509422     0.0008782379793703272
3.7897021085675497     0.0008838330487526662
3.825878372625681     0.0008658695416455513
3.8620546366838084     0.0008245344328605161
3.8982309007419396     0.0007684188385935117
3.9344071648000707     0.0007104879435981135
3.9705834288581983     0.0006630315151518374
4.006759692916329     0.0006336565696639295
4.042935956974457     0.0006238284868002887
4.079112221032588     0.0006302392105854123
4.115288485090716     0.0006479753199799511
4.151464749148847     0.0006737016873601751
4.187641013206974     0.0007072133165521049
4.2238172772651055     0.0007506386660177696
4.259993541323233     0.0008058193705085107
4.296169805381364     0.0008713290525360073
4.332346069439495     0.0009407884735018404
4.368522333497623     0.0010035241316499568
4.404698597555754     0.001047520203384098
4.440874861613882     0.0010635460718866326
4.477051125672013     0.0010487695275868494
4.51322738973014     0.0010083112636348531
4.549403653788271     0.0009539750028058785
4.585579917846399     0.0009004754952283596
4.62175618190453     0.000860464603714248
4.657932445962661     0.0008401616922229156
4.694108710020789     0.000837234762763567
4.73028497407892     0.0008417846654901452
4.7664612381370475     0.0008401187840712628
4.802637502195179     0.0008198992154233347
4.838813766253306     0.0007746798078955528
4.874990030311437     0.0007060913203712903
4.911166294369565     0.0006229214472626759
4.947342558427696     0.0005376286456656694
4.983518822485827     0.0004618315234131493
5.019695086543955     0.00040259186475275475
5.055871350602086     0.00036079814638107757
5.092047614660213     0.00033196785941775047
5.1282238787183445     0.00030880437799570053
5.164400142776472     0.00028427521149686046
5.200576406834603     0.0002539910097954144
5.236752670892731     0.00021715785841185638
5.272928934950862     0.00017606526299175667
5.309105199008993     0.00013463802879263242
5.345281463067121     9.680912299499544e-05
5.381457727125252     6.533839938608303e-05
5.417633991183379     4.135317847721771e-05
5.45381025524151     2.453064062522007e-05
5.489986519299638     1.3634618528400878e-05
5.526162783357769     7.099738874056632e-06
5.562339047415897     3.4631339276858556e-06
5.598515311474028     1.582351636348337e-06
5.634691575532155     6.772236706634204e-07
5.6708678395902865     2.714878582473457e-07
5.707044103648418     1.0194229320782131e-07
5.743220367706545     3.585437791350059e-08
5.779396631764676     1.1811709076510638e-08
5.815572895822804     3.6447309100251635e-09
5.851749159880935     1.0534163541367573e-09
5.887925423939063     2.851782004465491e-10
5.924101687997194     7.231263300769606e-11
5.960277952055321     1.7174873814439313e-11
5.996454216113452     3.8208011295873715e-12
6.0326304801715835     7.961534733087007e-13
6.068806744229711     1.553891272387494e-13
6.104983008287842     2.8407036436566482e-14
6.14115927234597     4.864214230100325e-15
6.177335536404101     7.801550473964623e-16
6.2135118004622285     1.1720081009083483e-16
6.24968806452036     1.6491561109468137e-17
6.285864328578487     2.173575062638553e-18
6.322040592636618     2.68348382412213e-19
6.3582168566947495     3.1280830248582524e-20
6.394393120752877     6.552507721235336e-21
6.430569384811008     3.798411133532454e-20
6.466745648869136     4.158353479116275e-19
6.502921912927267     4.301999349033062e-18
6.539098176985394     4.1690201238344235e-17
6.5752744410435255     3.784246254636827e-16
6.611450705101653     3.217408846681656e-15
6.647626969159784     2.562209131411094e-14
6.683803233217915     1.9111921757055407e-13
6.719979497276043     1.3352900231047033e-12
6.756155761334174     8.738327364359234e-12
6.792332025392302     5.3562702189455434e-11
6.828508289450433     3.075233580067642e-10
6.86468455350856     1.6537703453960472e-09
6.9008608175666915     8.330167899907875e-09
6.937037081624819     3.930192066160106e-08
6.97321334568295     1.736821802067109e-07
7.009389609741081     7.189161225559131e-07
7.045565873799209     2.78729328745899e-06
7.08174213785734     1.0122053277604629e-05
7.1179184019154675     3.442992767143407e-05
7.154094665973599     0.00010969459075877096
7.190270930031726     0.00032735279458376087
7.226447194089857     0.0009150163848478827
7.262623458147985     0.0023956540974987635
7.298799722206116     0.005874928766016801
7.334975986264244     0.013494782899067543
7.371152250322375     0.029034670467743138
7.407328514380506     0.058514167241841816
7.4435047784386335     0.11046086842869335
7.479681042496765     0.1953341869623775
7.515857306554892     0.323598356555666
7.552033570613023     0.5022963972052582
7.588209834671151     0.7307461839352524
7.624386098729282     0.9969307219495633
7.6605623627874095     1.2767475424765862
7.696738626845541     1.5379002533013064
7.732914890903672     1.748605535866715
7.769091154961799     1.8889237336301128
7.8052674190199305     1.9605380312400849
7.841443683078058     1.9904314462281862
7.877619947136189     2.025685567308581
7.913796211194317     2.1199849130461397
7.949972475252448     2.3159159390078385
7.9861487393105755     2.629215099940575
8.022325003368707     3.0407727889229204
8.058501267426838     3.4994868712621106
8.094677531484965     3.9350267497791136
8.130853795543096     4.275882511902539
8.167030059601224     4.466356004437341
8.203206323659355     4.4771829486624295
8.239382587717483     4.30766704585017
8.275558851775614     3.980813412264204
8.311735115833741     3.5350951678628526
8.347911379891872     3.016361597347546
8.384087643950004     2.4716870573756036
8.420263908008131     1.9451741290336542
8.456440172066262     1.4749779678345738
8.49261643612439     1.0911149880690019
8.528792700182521     0.8141407213045478
8.564968964240649     0.6547936368619074
8.60114522829878     0.6142064210252725
8.637321492356907     0.6839188922769783
8.673497756415038     0.8452883558539831
8.709674020473166     1.0689426024666102
8.745850284531297     1.3159160792458362
8.782026548589428     1.5421306138854436
8.818202812647556     1.7065476142312788
8.854379076705687     1.7811807710205625
8.890555340763814     1.7594506488208943
8.926731604821946     1.6592256372002825
8.962907868880073     1.5186025643684897
8.999084132938204     1.385245188774223
9.035260396996332     1.3025866803049118
9.071436661054463     1.297355665229848
9.107612925112594     1.3724133569388202
9.143789189170722     1.5071601219415887
9.179965453228853     1.6653929964620258
9.21614171728698     1.808067946379342
9.252317981345112     1.9065792002260942
9.288494245403239     1.9516472436787617
9.32467050946137     1.9542613249384242
9.360846773519498     1.9381983059360897
9.397023037577629     1.9272943577421149
9.43319930163576     1.9331329574432927
9.469375565693888     1.9487342889686152
9.505551829752019     1.9510476772759913
9.541728093810146     1.9108921805237546
9.577904357868277     1.8055801353037226
9.614080621926405     1.6285093671411361
9.650256885984536     1.3918656976183403
9.686433150042664     1.122067191205198
9.722609414100795     0.8507772493810899
9.758785678158926     0.6056840874341451
9.794961942217054     0.4044561280246966
9.831138206275185     0.2531832016941035
9.867314470333316     0.148520670642398
9.903490734391443     0.08162824545892541
9.939666998449571     0.04202861481163166
9.975843262507698     0.020270827173618947
10.012019526565833     0.00915804303088808
10.04819579062396     0.0038755101472416078
10.084372054682088     0.0015361881191210487
10.120548318740223     0.0005703562548935216
10.15672458279835     0.00019835114666272982
10.192900846856478     6.461451814598315e-05
10.229077110914606     1.9725467497424665e-05
10.26525337497274     5.666633200383556e-06
10.301429639030868     1.5900685475163284e-06
10.337605903088996     5.705288328641874e-07
10.373782167147123     5.160396931102795e-07
10.409958431205258     9.206625539913184e-07
10.446134695263385     1.816270853806668e-06
10.482310959321513     3.489472847419493e-06
10.518487223379648     6.452831749563983e-06
10.554663487437775     1.1501785611310178e-05
10.590839751495903     1.979428148807363e-05
10.62701601555403     3.290424930487724e-05
10.663192279612165     5.278355132665654e-05
10.699368543670293     8.15569455309267e-05
10.73554480772842     0.00012110264820214263
10.771721071786548     0.0001724532765226349
10.807897335844682     0.00023516741585271798
10.84407359990281     0.00030690907725379663
10.880249863960938     0.00038346234982342814
10.916426128019072     0.00045928544754935465
10.9526023920772     0.0005285419319098224
10.988778656135327     0.0005864520107764821
11.024954920193455     0.0006308395532795109
11.06113118425159     0.000663828007725331
11.097307448309717     0.000693577028166094
11.133483712367845     0.0007356275442706142
11.16965997642598     0.0008129428337980499
11.205836240484107     0.0009534627908920449
11.242012504542235     0.0011843729341904953
11.278188768600362     0.0015235340716813028
11.314365032658497     0.0019703079145395605
11.350541296716624     0.002499475336922828
11.386717560774752     0.003061991343509799
11.42289382483288     0.0035943256764060464
11.459070088891014     0.004034572222688201
11.495246352949142     0.004340022962671128
11.53142261700727     0.0044995208554192674
11.567598881065404     0.004535712943328359
11.603775145123532     0.004496552991943682
11.63995140918166     0.004439780164573755
11.676127673239787     0.004416334414472562
11.712303937297921     0.004457965638753755
11.748480201356049     0.004571700391363903
11.784656465414177     0.004741195502325599
11.820832729472311     0.004933519117075254
11.857008993530439     0.005109446489477955
11.893185257588566     0.005235115580734574
11.929361521646694     0.005292389454977687
11.965537785704829     0.0052849194662947995
12.001714049762956     0.005237519574225589
12.037890313821084     0.005188418404336204
12.074066577879211     0.005176679293033884
12.110242841937346     0.005229318867684317
12.146419105995474     0.005353225644275702
12.182595370053601     0.005535443279170097
12.218771634111736     0.005752307734403108
12.254947898169863     0.005984642493998294
12.291124162227991     0.006234149535055804
12.327300426286119     0.006536010506757427
12.363476690344253     0.006964086185171852
12.39965295440238     0.007626700956919421
12.435829218460508     0.00865185067676126
12.472005482518636     0.010161189255098393
12.50818174657677     0.01223404923910599
12.544358010634898     0.01486744176255293
12.580534274693026     0.017944470398785002
12.61671053875116     0.021227870504114753
12.652886802809288     0.02439248469428361
12.689063066867416     0.02709836034448231
12.725239330925543     0.029088567224507585
12.761415594983678     0.03028147719988543
12.797591859041805     0.030824796206874776
12.833768123099933     0.031090713353525215
12.869944387158068     0.03161215565846706
12.906120651216195     0.032978250444107966
12.942296915274323     0.03571420480893087
12.97847317933245     0.040167108399847315
13.014649443390585     0.04641291601946727
13.050825707448713     0.05419970852096893
13.08700197150684     0.06294827021780004
13.123178235564968     0.07183218847116045
13.159354499623102     0.07994264647840077
13.19553076368123     0.08650579348470981
13.231707027739358     0.09108036725218539
13.267883291797492     0.09364943156064647
13.30405955585562     0.09455316886950015
13.340235819913747     0.09428170493770342
13.376412083971875     0.09322036432066501
13.41258834803001     0.0914693041000284
13.448764612088137     0.08882336659464286
13.484940876146265     0.0849149639876475
13.521117140204392     0.07944106681440886
13.557293404262527     0.07236091136310992
13.593469668320655     0.06397851948365908
13.629645932378782     0.05489062845010216
13.665822196436917     0.04584446857725579
13.701998460495044     0.037578347783772996
13.738174724553172     0.03070466908453283
13.7743509886113     0.025657116020630973
13.810527252669434     0.02268697917540023
13.846703516727562     0.02187636327836005
13.88287978078569     0.023142346614291598
13.919056044843824     0.026227704335999365
13.955232308901952     0.030696257221901193
13.99140857296008     0.03596090998669649
14.027584837018207     0.04136323279048324
14.063761101076341     0.046298274488181905
14.099937365134469     0.05034984951994415
14.136113629192597     0.053386055974688026
14.172289893250724     0.05557306300187146
14.208466157308859     0.05729571243234278
14.244642421366986     0.059012327908678726
14.280818685425114     0.06109930756033257
14.316994949483249     0.06374450741760912
14.353171213541376     0.06692511332178656
14.389347477599504     0.07046670687096157
14.425523741657631     0.07414441957745196
14.461700005715766     0.07777213136574315
14.497876269773894     0.08123916847022043
14.534052533832021     0.08448855906360579
14.570228797890156     0.08746693692106595
14.606405061948283     0.0900916118209358
14.642581326006411     0.09226405811203782
14.678757590064539     0.09392005692035202
14.714933854122673     0.0950714688726779
14.7511101181808     0.09579136521396554
14.787286382238928     0.0961318911631653
14.823462646297056     0.09602121090276497
14.85963891035519     0.09522086989897058
14.895815174413318     0.09340552362389815
14.931991438471446     0.09035633315824103
14.96816770252958     0.08617866196804269
15.004343966587708     0.08141749401832622
15.040520230645836     0.0769794410814402
15.076696494703963     0.07386278788031883
15.112872758762098     0.07279610759253925
15.149049022820225     0.07393742837077837
15.185225286878353     0.07676352823948401
15.22140155093648     0.0801966714393219
15.257577814994615     0.08291691466108772
15.293754079052743     0.08373882190923396
15.32993034311087     0.08191917121065918
15.366106607169005     0.07730428448790795
15.402282871227133     0.07029557162681568
15.43845913528526     0.06167637618660875
15.474635399343388     0.05237851303324423
15.510811663401523     0.0432669792794735
15.54698792745965     0.034995539584209194
15.583164191517778     0.027950489543742518
15.619340455575912     0.0222695933522176
15.65551671963404     0.017906309501901446
15.691692983692167     0.01470710877819365
15.727869247750295     0.012477805361771163
15.76404551180843     0.011027071323241173
15.800221775866557     0.010186329255010923
15.836398039924685     0.009812368487809215
15.872574303982812     0.009782184381313449
15.908750568040947     0.009989538967267729
15.944926832099075     0.010350004454700334
15.981103096157202     0.010815827964185497
16.017279360215337     0.011394804939629154
16.053455624273465     0.012161292169061675
16.089631888331592     0.013246396095703576
16.12580815238972     0.014800686515438548
16.161984416447854     0.016935195670559292
16.198160680505982     0.019659615855506962
16.23433694456411     0.02284344791794288
16.270513208622244     0.026221349612911542
16.30668947268037     0.029448210947556883
16.3428657367385     0.03218867822134415
16.379042000796627     0.034209942128348936
16.41521826485476     0.03544464212877944
16.45139452891289     0.03600528132390734
16.487570792971017     0.036155573691158883
16.523747057029144     0.036263411107967033
16.55992332108728     0.03676123236870404
16.596099585145407     0.03811971089098822
16.632275849203534     0.04081245676911111
16.66845211326167     0.04523552188838434
16.704628377319796     0.051564129788617734
16.740804641377924     0.05957842751413644
16.77698090543605     0.06854321090431081
16.813157169494186     0.07724397982133935
16.849333433552314     0.0842375115401635
16.88550969761044     0.08828090620452822
16.92168596166857     0.08880920042601811
16.957862225726704     0.0862998300876457
16.99403848978483     0.08242258536169124
17.03021475384296     0.07999616670235386
17.066391017901093     0.08287576354777137
17.10256728195922     0.09589464159599194
17.13874354601735     0.12484684579748898
17.174919810075476     0.17629293504309224
17.21109607413361     0.2568447905880095
17.24727233819174     0.3716978727270452
17.283448602249866     0.5225825606992337
17.319624866308     0.705849703867064
17.355801130366128     0.9117493342870513
17.391977394424256     1.1257573602968547
17.428153658482383     1.3319735424525012
17.464329922540518     1.517512927596793
17.500506186598646     1.6760976043746774
17.536682450656773     1.8092501928413374
17.5728587147149     1.9245704711669558
17.609034978773035     2.0319303242896574
17.645211242831163     2.1392729228829155
17.68138750688929     2.2496614814543485
17.717563770947425     2.3605124620770788
17.753740035005553     2.4651227634428823
17.78991629906368     2.5560621803842283
17.826092563121808     2.6297424498494166
17.862268827179943     2.691221996763425
17.89844509123807     2.7578872712475397
17.934621355296198     2.8602346892445887
17.970797619354325     3.038029832739055
18.00697388341246     3.3311185197596664
18.043150147470588     3.7661845115441497
18.079326411528715     4.343161260798632
18.11550267558685     5.026543950997772
18.151678939644977     5.746232731060237
18.187855203703105     6.409419119217009
18.224031467761233     6.920573913135024
18.260207731819367     7.20307040798084
18.296383995877495     7.215366161841049
18.332560259935622     6.957290448278251
18.368736523993757     6.466224538463783
18.404912788051885     5.806394758040929
18.441089052110012     5.0555689658822365
18.47726531616814     4.292368922007908
18.513441580226274     3.5856671033686554
18.549617844284402     2.986534202552615
18.58579410834253     2.52324252178366
18.621970372400657     2.200139893145754
18.658146636458792     2.000852007721964
18.69432290051692     1.8950602396765468
18.730499164575047     1.846771145320379
18.76667542863318     1.8215536059057122
18.80285169269131     1.791079502089384
18.839027956749437     1.7349002516301668
18.875204220807564     1.640624343806936
18.9113804848657     1.5037663300239754
18.947556748923827     1.3276657817558448
18.983733012981954     1.1229026799048158
19.01990927704009     0.9054083483155536
19.056085541098216     0.6931356829670613
19.092261805156344     0.502123792120964
19.12843806921447     0.34330077137138326
19.164614333272606     0.22106962234237468
19.200790597330734     0.13387878642160198
19.23696686138886     0.07616124901271193
19.27314312544699     0.04066679983774632
19.309319389505124     0.02036923718459897
19.34549565356325     0.00956674677012123
19.38167191762138     0.00421227435040241
19.417848181679513     0.0017389578322179542
19.45402444573764     0.0006739119625438958
19.49020070979577     0.0002465104444417351
19.526376973853896     8.729167322364734e-05
19.56255323791203     3.3989123020148216e-05
19.59872950197016     2.3452971592767695e-05
19.634905766028286     4.1225592111318654e-05
19.671082030086414     0.00010910875922090641
19.707258294144548     0.0003052117598754152
19.743434558202676     0.0008264527294015889
19.779610822260803     0.0021179286847466984
19.815787086318938     0.005101262995333545
19.851963350377066     0.011522003969824529
19.888139614435193     0.024385432882231113
19.92431587849332     0.048347504105468106
19.960492142551455     0.08978904985356227
19.996668406609583     0.1561963503069464
20.03284467066771     0.25452083025519245
20.069020934725845     0.3885102564885891
20.105197198783973     0.555592627538853
20.1413734628421     0.7445378395572431
20.177549726900228     0.93541764717717
20.213725990958363     1.1029465944246233
20.24990225501649     1.223057106752073
20.286078519074618     1.2809872119326635
20.322254783132745     1.278032140846131
20.35843104719088     1.234108809664057
20.394607311249008     1.1845198088445532
20.430783575307135     1.1712595209002532
20.46695983936527     1.2310813339705908
20.503136103423397     1.3837368465882434
20.539312367481525     1.6240729309051982
20.575488631539653     1.920993888989972
20.611664895597787     2.22462937316759
20.647841159655915     2.48049751138945
20.684017423714042     2.646628276506035
20.72019368777217     2.707732028319975
20.756369951830305     2.6808306326319897
20.792546215888432     2.6096839027657293
20.82872247994656     2.549757469376333
20.864898744004694     2.54928965056963
20.901075008062822     2.6333508143254356
20.93725127212095     2.796148812582491
20.973427536179077     3.003302279464968
21.009603800237212     3.2022318896327273
21.04578006429534     3.3366653299273317
21.081956328353467     3.3609059305758784
21.1181325924116     3.2504575703311507
21.15430885646973     3.00704865998934
21.190485120527857     2.657549506929962
21.226661384585984     2.2475673905927467
21.26283764864412     1.8315500876543216
21.299013912702247     1.4618330321036281
21.335190176760374     1.1790161611268437
21.371366440818502     1.0053876943846252
21.407542704876636     0.942182754171291
21.443718968934764     0.9707122718378913
21.47989523299289     1.0569799334536427
21.516071497051026     1.1590996449613906
21.552247761109154     1.2363212998107334
21.588424025167278     1.2577847882721476
