-22.148679221111326     0.009006373968006336
-22.112502957053195     0.009718454095429627
-22.076326692995067     0.010113207680099427
-22.040150428936936     0.010230787169911996
-22.00397416487881     0.010149448134401873
-21.967797900820678     0.00995840754789747
-21.93162163676255     0.00973336175071765
-21.89544537270442     0.009521731314778363
-21.85926910864629     0.009339491374556683
-21.82309284458816     0.009177592796784985
-21.78691658053003     0.009014443683692502
-21.7507403164719     0.008830763238281258
-21.71456405241377     0.00862320541928293
-21.678387788355643     0.00841333463781847
-21.64221152429751     0.008249378847851143
-21.606035260239384     0.008199925897647807
-21.569858996181253     0.008340813977206499
-21.533682732123125     0.008738035422590088
-21.497506468064994     0.009430141875900088
-21.461330204006863     0.010413740702163478
-21.425153939948736     0.011635721209415431
-21.388977675890605     0.012995753931759342
-21.352801411832477     0.014361456689634126
-21.316625147774346     0.01559547317321526
-21.28044888371622     0.016588895611507823
-21.244272619658087     0.017291195560463213
-21.20809635559996     0.017726135530648255
-21.17192009154183     0.017987568739457088
-21.1357438274837     0.018216945133197382
-21.09956756342557     0.01857143532454341
-21.06339129936744     0.019193688958898517
-21.02721503530931     0.020190316882948357
-20.99103877125118     0.021619241633604833
-20.954862507193052     0.023481216736624587
-20.91868624313492     0.02571174150008483
-20.882509979076794     0.02817577048383795
-20.846333715018663     0.030674297319362137
-20.810157450960535     0.03297304333983005
-20.773981186902404     0.034855936643521324
-20.737804922844273     0.03619229083782324
-20.701628658786145     0.036993980209416036
-20.665452394728014     0.03743567391443446
-20.629276130669886     0.037821235807347225
-20.593099866611755     0.03849948236903081
-20.556923602553628     0.03975369926417147
-20.520747338495497     0.04170186310628912
-20.48457107443737     0.04424279679873616
-20.448394810379238     0.04706837143374477
-20.412218546321107     0.04973948468023
-20.37604228226298     0.05180214261245602
-20.339866018204848     0.052906884766499296
-20.30368975414672     0.05289441777182782
-20.26751349008859     0.05182287981754964
-20.231337226030462     0.04993318736699938
-20.19516096197233     0.047570282703564906
-20.158984697914203     0.045091113561303735
-20.122808433856072     0.04278982655176523
-20.086632169797944     0.04085841430762996
-20.050455905739813     0.03938400464591954
-20.014279641681682     0.038370587517077705
-19.978103377623555     0.03776837466824737
-19.941927113565423     0.03749789662283061
-19.905750849507296     0.037464134916854366
-19.869574585449165     0.03756354634622296
-19.833398321391037     0.03769063629130052
-19.797222057332906     0.037749990355898204
-19.761045793274775     0.03767522784394599
-19.724869529216647     0.0374500789613087
-19.688693265158516     0.03712150193382777
-19.65251700110039     0.03679373468930257
-19.616340737042258     0.03659769412468217
-19.58016447298413     0.03664133533768525
-19.543988208926     0.036958531013490364
-19.50781194486787     0.037479569935228746
-19.47163568080974     0.03804039785546304
-19.435459416751613     0.03843125008760036
-19.39928315269348     0.038466157802944816
-19.36310688863535     0.03804359089216121
-19.326930624577223     0.03717223454744412
-19.29075436051909     0.03595322695183628
-19.254578096460964     0.034531857141482006
-19.218401832402833     0.03304616057766198
-19.182225568344705     0.03160006874810224
-19.146049304286574     0.030275897279543006
-19.109873040228447     0.02918237095412439
-19.073696776170316     0.028518567098070838
-19.037520512112188     0.02862648620770572
-19.001344248054057     0.030006919709252615
-18.965167983995926     0.03328397734087918
-18.928991719937798     0.03912042056325914
-18.892815455879667     0.04810312694077051
-18.85663919182154     0.06062647555204129
-18.82046292776341     0.07679345940618115
-18.78428666370528     0.09633271756669314
-18.74811039964715     0.11851276104812727
-18.71193413558902     0.14204666767367488
-18.67575787153089     0.16502827082115817
-18.63958160747276     0.1849952684633328
-18.603405343414632     0.19922076732949617
-18.5672290793565     0.20525402113628352
-18.531052815298374     0.20158589356359902
-18.494876551240242     0.1881908842129355
-18.458700287182115     0.1666906524200334
-18.422524023123984     0.14002347309435886
-18.386347759065856     0.11172137791581838
-18.350171495007725     0.08506723950398463
-18.313995230949594     0.062433142340514
-18.277818966891466     0.04498634360468861
-18.241642702833335     0.032771306471302025
-18.205466438775208     0.025037276131478544
-18.169290174717077     0.020637181933398717
-18.13311391065895     0.01836526830695854
-18.096937646600818     0.017177007429582832
-18.060761382542687     0.016296483644054262
-18.02458511848456     0.015242851547503003
-17.98840885442643     0.013805964740784365
-17.9522325903683     0.011990451164512476
-17.91605632631017     0.009940990177628804
-17.87988006225204     0.00786186605353458
-17.84370379819391     0.005946010251226192
-17.807527534135783     0.0043270758164511616
-17.771351270077652     0.0030610814851307023
-17.735175006019524     0.0021347044038389357
-17.698998741961393     0.0014899117629742218
-17.662822477903262     0.0010523021455126809
-17.626646213845135     0.00075327687113923
-17.590469949787003     0.000541614687314374
-17.554293685728876     0.0003852270396244975
-17.518117421670745     0.00026686978181629376
-17.481941157612617     0.00017801444781720296
-17.445764893554486     0.00011378260869074713
-17.409588629496355     7.005481238548609e-05
-17.373412365438227     4.250910358290504e-05
-17.3372361013801     2.6762605176356292e-05
-17.30105983732197     1.883870531489694e-05
-17.264883573263837     1.5516983727109342e-05
-17.22870730920571     1.4447323118137502e-05
-17.19253104514758     1.4087680395758458e-05
-17.15635478108945     1.3562090226741932e-05
-17.12017851703132     1.2501347960340255e-05
-17.084002252973193     1.0888420022589998e-05
-17.04782598891506     8.913126335545836e-06
-17.01164972485693     6.842986623562519e-06
-16.975473460798803     4.9233591209412655e-06
-16.939297196740675     3.318507824906547e-06
-16.903120932682544     2.0952602369717893e-06
-16.866944668624413     1.2391590374602577e-06
-16.830768404566285     6.864398159854447e-07
-16.794592140508154     3.5617325383503657e-07
-16.758415876450027     1.7310214170723208e-07
-16.722239612391895     7.879986050206733e-08
-16.686063348333768     3.359929472314716e-08
-16.649887084275637     1.3418887620910234e-08
-16.613710820217506     5.019777735755668e-09
-16.577534556159378     1.758871324576405e-09
-16.541358292101247     5.772517441548274e-10
-16.50518202804312     1.774508330400734e-10
-16.46900576398499     5.109429771144615e-11
-16.43282949992686     1.3779975123255367e-11
-16.39665323586873     3.481017395068895e-12
-16.3604769718106     8.236648481643064e-13
-16.32430070775247     1.8261360844881846e-13
-16.288124443694343     3.835309691789321e-14
-16.251948179636212     1.0180276408971961e-14
-16.21577191557808     1.7471047856551792e-14
-16.179595651519953     8.687601253188759e-14
-16.143419387461822     4.360280023333347e-13
-16.107243123403695     2.054870574979384e-12
-16.071066859345564     9.071313605238108e-12
-16.034890595287436     3.750925470229057e-11
-15.998714331229305     1.4527409684804758e-10
-15.962538067171176     5.270106547427905e-10
-15.926361803113046     1.7907380764337199e-09
-15.890185539054917     5.699361465671701e-09
-15.854009274996788     1.699032930650152e-08
-15.817833010938656     4.744154808674704e-08
-15.781656746880529     1.2407873843013242e-07
-15.745480482822398     3.039606378037808e-07
-15.709304218764268     6.974591660906523e-07
-15.673127954706139     1.4990001846891282e-06
-15.63695169064801     3.0176304096547508e-06
-15.60077542658988     5.6899948058705214e-06
-15.564599162531751     1.0049377333063714e-05
-15.528422898473622     1.6624473419377758e-05
-15.49224663441549     2.5759540010498515e-05
-15.456070370357363     3.738606617278412e-05
-15.419894106299232     5.0823304421796105e-05
-15.383717842241104     6.47138874174199e-05
-15.347541578182973     7.71815588170004e-05
-15.311365314124844     8.622060854443572e-05
-15.275189050066714     9.021737070803272e-05
-15.239012786008585     8.842010901083893e-05
-15.202836521950456     8.116985243932333e-05
-15.166660257892325     6.979518978861681e-05
-15.130483993834197     5.6216046890141724e-05
-15.094307729776066     4.241978408615755e-05
-15.058131465717938     3.0007591156369207e-05
-15.021955201659807     1.995197972299885e-05
-14.985778937601678     1.2600090901140676e-05
-14.949602673543549     7.862726567404831e-06
-14.91342640948542     5.484256556714705e-06
-14.87725014542729     5.294624569689516e-06
-14.841073881369159     7.375843663081642e-06
-14.804897617311031     1.2104737613482178e-05
-14.7687213532529     2.0052559595260687e-05
-14.732545089194772     3.174196048828263e-05
-14.696368825136641     4.7299582533717914e-05
-14.660192561078512     6.610013648573967e-05
-14.624016297020383     8.654979156653807e-05
-14.587840032962253     0.00010615945956294176
-14.551663768904124     0.00012198075921507286
-14.515487504845993     0.00013133464857254174
-14.479311240787865     0.00013262795665475874
-14.443134976729734     0.0001260265207636823
-14.406958712671607     0.00011390448067627843
-14.370782448613475     0.00010130669610591322
-14.334606184555346     9.70430003147928e-05
-14.298429920497217     0.00011630174814306579
-14.262253656439087     0.00018558528329764486
-14.226077392380958     0.0003500387197466235
-14.189901128322829     0.0006816146092722456
-14.1537248642647     0.0012840670591166333
-14.11754860020657     0.002288349176595734
-14.081372336148439     0.003831462888951337
-14.04519607209031     0.0060155104751667314
-14.00901980803218     0.008852747014698542
-13.97284354397405     0.01221462101155174
-13.936667279915921     0.015811783756015003
-13.900491015857792     0.019229788446487525
-13.864314751799663     0.022027329981710565
-13.828138487741533     0.02387493190318827
-13.791962223683404     0.024685669748246285
-13.755785959625275     0.024681945236205403
-13.719609695567144     0.024361658038481206
-13.683433431509014     0.024366860314851274
-13.647257167450885     0.025299333949701974
-13.611080903392756     0.027549814144745922
-13.574904639334626     0.0311998036358433
-13.538728375276497     0.03602147743334769
-13.502552111218368     0.04155909839105432
-13.466375847160238     0.04724547117210595
-13.430199583102109     0.05250348127801453
-13.394023319043978     0.05680582228954255
-13.357847054985848     0.059700704213177046
-13.321670790927719     0.060835208891751806
-13.28549452686959     0.06000449115390551
-13.24931826281146     0.05722544060277791
-13.213141998753331     0.052797893481169395
-13.176965734695202     0.047301756872312056
-13.140789470637072     0.04149910848965131
-13.104613206578943     0.03615744940733916
-13.068436942520814     0.03185594797514241
-13.032260678462682     0.028852279533249127
-12.996084414404553     0.027063355576490457
-12.959908150346424     0.026163391616674223
-12.923731886288294     0.025757312190618897
-12.887555622230165     0.025574089601067378
-12.851379358172036     0.025654564980148255
-12.815203094113906     0.026573438991906527
-12.779026830055777     0.02981336221261711
-12.742850565997648     0.03846875884086377
-12.706674301939517     0.058452304219405546
-12.670498037881387     0.10024108489216506
-12.634321773823258     0.18086269489869058
-12.598145509765128     0.3252820077524561
-12.561969245707     0.5657845093791856
-12.52579298164887     0.9377803255624414
-12.48961671759074     1.4712030415180992
-12.453440453532611     2.1785950220384898
-12.417264189474482     3.043536043090527
-12.381087925416352     4.01486061589583
-12.344911661358221     5.0114156024987295
-12.308735397300092     5.938226638117762
-12.272559133241963     6.7092464615283856
-12.236382869183833     7.267575605906368
-12.200206605125704     7.594344749074894
-12.164030341067575     7.70298334051407
-12.127854077009445     7.623483783699342
-12.091677812951316     7.386653713134904
-12.055501548893186     7.0177061178813425
-12.019325284835055     6.542212319129691
-11.983149020776926     5.999449542325669
-11.946972756718797     5.453430078521272
-11.910796492660667     4.993032613201941
-11.874620228602538     4.718644129799332
-11.838443964544409     4.719966000845672
-11.80226770048628     5.054340471182069
-11.76609143642815     5.73507088608072
-11.72991517237002     6.7350697088435805
-11.693738908311891     8.004880458153746
-11.65756264425376     9.498420495275504
-11.62138638019563     11.19689780001525
-11.585210116137501     13.122142374543012
-11.549033852079372     15.334359208961104
-11.512857588021243     17.914266471443398
-11.476681323963113     20.93387922308999
-11.440505059904984     24.422869446083297
-11.404328795846855     28.338615182234147
-11.368152531788725     32.54832235397873
-11.331976267730594     36.83097764562051
-11.295800003672465     40.904392374103104
-11.259623739614335     44.476991958626186
-11.223447475556206     47.31541072712902
-11.187271211498077     49.31008120850993
-11.151094947439947     50.51662839004105
-11.114918683381818     51.155126231831936
-11.078742419323689     51.56233014896236
-11.04256615526556     52.10882003927017
-11.00638989120743     53.10568787212099
-10.970213627149299     54.72806463892275
-10.93403736309117     56.97510799535605
-10.89786109903304     59.6729747964848
-10.86168483497491     62.51495380049465
-10.825508570916782     65.1248963244878
-10.789332306858652     67.12668542192199
-10.753156042800523     68.20305248341495
-10.716979778742393     68.13170769082419
-10.680803514684264     66.79545463742451
-10.644627250626133     64.17315763828252
-10.608450986568004     60.32490524154788
-10.572274722509874     55.3830519075615
-10.536098458451745     49.55166390840196
-10.499922194393616     43.10651672299339
-10.463745930335486     36.38369532450436
-10.427569666277357     29.749964248591688
-10.391393402219228     23.55859362901616
-10.355217138161098     18.10293751488134
-10.319040874102969     13.581537014596847
-10.282864610044838     10.08301257630629
-10.246688345986708     7.59090869285944
-10.210512081928579     6.0027810460610525
-10.17433581787045     5.156291055663501
-10.13815955381232     4.856849851821492
-10.101983289754191     4.903918926631466
-10.065807025696062     5.114490593796901
-10.029630761637932     5.342162497594049
-9.993454497579803     5.489494129398063
-9.957278233521672     5.511256775583808
-9.921101969463543     5.407528432258514
-9.884925705405413     5.208185732150175
-9.848749441347284     4.95319705970465
-9.812573177289154     4.674832000760548
-9.776396913231025     4.387388435222043
-9.740220649172896     4.087169034414163
-9.704044385114766     3.761281513111739
-9.667868121056637     3.4002617022212434
-9.631691856998508     3.008254993918511
-9.595515592940377     2.60614290006109
-9.559339328882247     2.2266514187653073
-9.523163064824118     1.9042028973917244
-9.486986800765989     1.6642559598245423
-9.45081053670786     1.5164026523809935
-9.41463427264973     1.4532001436287674
-9.3784580085916     1.4540478254142493
-9.342281744533471     1.491703769062601
-9.306105480475342     1.5388018528803613
-9.26992921641721     1.572637938682453
-9.233752952359081     1.5777308251870672
-9.197576688300952     1.5465240944747303
-9.161400424242823     1.47883377703163
-9.125224160184693     1.3804746267788615
-9.089047896126564     1.2612960971066833
-9.052871632068435     1.132862328131194
-9.016695368010305     1.0061738343021611
-8.980519103952176     0.8899330193625203
-8.944342839894047     0.789726211926308
-8.908166575835915     0.7081504292366871
-8.871990311777786     0.6455464742462913
-8.835814047719657     0.6008287856968557
-8.799637783661527     0.5720149600862278
-8.763461519603398     0.5563628281217008
-8.727285255545269     0.5503228950856254
-8.69110899148714     0.549636627054732
-8.65493272742901     0.5498079683622799
-8.61875646337088     0.5469321547709143
-8.58258019931275     0.5386327899189949
-8.54640393525462     0.5247568046418533
-8.51022767119649     0.5075413172590089
-8.474051407138361     0.4911473543560825
-8.437875143080232     0.4806703670881197
-8.401698879022103     0.4809210460975899
-8.365522614963973     0.4953877524713817
-8.329346350905844     0.525818683903895
-8.293170086847715     0.5727588964479102
-8.256993822789585     0.6371063940861853
-8.220817558731454     0.7223287273283681
-8.184641294673325     0.8365286115585625
-8.148465030615196     0.9932845175004247
-8.112288766557066     1.2103476223765397
-8.076112502498937     1.5059397987970242
-8.039936238440808     1.8934044155861864
-8.003759974382678     2.3758963719399593
-7.967583710324549     2.943151641580428
-7.9314074462664195     3.5718202586008796
-7.895231182208288     4.229477171610539
-7.859054918150159     4.880823684510002
-7.82287865409203     5.493590043022545
-7.7867023900339     6.041869754583459
-7.750526125975771     6.506036291644927
-7.714349861917642     6.870254138975261
-7.678173597859512     7.119808641173506
-7.641997333801383     7.240322960798185
-7.605821069743254     7.219564892694274
-7.569644805685122     7.050906912462814
-7.533468541626993     6.7366244064202
-7.497292277568864     6.289504236441029
-7.461116013510734     5.7322633077247875
-7.424939749452605     5.095238693269217
-7.388763485394476     4.413180120601786
-7.352587221336346     3.7218063776783152
-7.316410957278217     3.05448643217749
-7.280234693220088     2.4392905533221496
-7.244058429161958     1.896723706174281
-7.207882165103827     1.4384971088464233
-7.171705901045698     1.0675605652088227
-7.1355296369875685     0.7793365665688492
-7.099353372929439     0.5638135586462671
-7.06317710887131     0.40799794670678097
-7.02700084481318     0.2982285068320144
-6.990824580755051     0.2219841301520329
-6.954648316696922     0.16900179873355187
-6.918472052638792     0.1317071574297568
-6.882295788580661     0.10509987798509222
-6.846119524522532     0.08630359111590526
-6.809943260464403     0.07398296325726181
-6.773766996406273     0.06776960345449598
-6.737590732348144     0.06775902800722541
-6.7014144682900145     0.07407924984152178
-6.665238204231885     0.08651411721733901
-6.629061940173756     0.10419717634687123
-6.5928856761156265     0.12545104472500415
-6.556709412057497     0.14788313083644627
-6.520533147999366     0.16880967735148214
-6.484356883941237     0.18595347436684184
-6.448180619883107     0.19819750548652063
-6.412004355824978     0.20607644401724778
-6.375828091766849     0.21173743893552616
-6.339651827708719     0.2183094765237619
-6.30347556365059     0.22889412108239376
-6.267299299592461     0.2455824247027988
-6.231123035534331     0.2689018636616298
-6.1949467714762     0.2979007250964931
-6.158770507418071     0.3307941299917293
-6.122594243359941     0.3658741451685745
-6.086417979301814     0.40232007794790625
-6.050241715243683     0.4406263368196234
-6.014065451185552     0.48251608338486784
-5.977889187127424     0.5303565850649048
-5.941712923069293     0.5862185767180355
-5.905536659011165     0.6508424687014038
-5.869360394953034     0.7228740593453705
-5.833184130894907     0.7987356703641256
-5.7970078668367755     0.8733205014180281
-5.760831602778648     0.9413462389524331
-5.724655338720517     0.9988334014391008
-5.688479074662389     1.0440202852148899
-5.652302810604258     1.077244514018749
-5.616126546546127     1.0998455828260982
-5.579950282487999     1.112690558205733
-5.543774018429868     1.1151616697996918
-5.507597754371741     1.1052056250391509
-5.47142149031361     1.0804563416295476
-5.435245226255482     1.039849634023172
-5.399068962197351     0.9848935915619854
-5.362892698139223     0.9199696948825118
-5.326716434081092     0.8515623698467787
-5.290540170022961     0.7868283107214542
-5.2543639059648335     0.7321454923223828
-5.218187641906702     0.6921519211456233
-5.182011377848575     0.6694371974915208
-5.145835113790444     0.6647215598295213
-5.109658849732316     0.6772210862537147
-5.073482585674185     0.7049763395171968
-5.037306321616057     0.7451032830133701
-5.001130057557926     0.7940581139029312
-4.964953793499795     0.8480026933367197
-4.928777529441668     0.9032399219343696
-4.8926012653835365     0.9565737914499368
-4.856425001325409     1.005454712767615
-4.820248737267278     1.0479211749718125
-4.78407247320915     1.0825388217745457
-4.747896209151019     1.1086000604216388
-4.7117199450928915     1.1266849842008253
-4.67554368103476     1.1393704586852795
-4.639367416976629     1.1516202675737095
-4.603191152918502     1.1703954909670609
-4.5670148888603705     1.2033262224746564
-4.530838624802243     1.2567235948179456
-4.494662360744112     1.3335447609320683
-4.458486096685984     1.4319918936277793
-4.422309832627853     1.545226021058987
-4.386133568569726     1.6623218632918624
-4.3499573045115945     1.7702209476818123
-4.313781040453467     1.856166503641739
-4.277604776395336     1.9099993883106896
-4.241428512337205     1.9257976673727653
-4.205252248279077     1.9026208903293913
-4.169075984220946     1.8444418128140514
-4.132899720162818     1.7595320994163828
-4.096723456104687     1.659514421102913
-4.06054719204656     1.5580881883512652
-4.0243709279884285     1.4693107928550884
-3.988194663930301     1.405455426169343
-3.95201839987217     1.3748273361034813
-3.9158421358140387     1.3802340915232154
-3.879665871755911     1.4187828439802601
-3.84348960769778     1.483248139906447
-3.8073133436396525     1.5646317810993355
-3.7711370795815213     1.6550595159174804
-3.7349608155233938     1.7500476808347747
-3.6987845514652626     1.8494127198381283
-3.662608287407135     1.9565289760182574
-3.626432023349004     2.0761310594891933
-3.590255759290873     2.211357072124305
-3.5540794952327452     2.3611670328597594
-3.517903231174614     2.5194340211224606
-3.4817269671164865     2.676613933156768
-3.4455507030583554     2.823892078169826
-3.409374439000228     2.9584744569645
-3.3731981749420967     3.087961010015082
-3.337021910883969     3.2320559879622297
-3.300845646825838     3.4211160998321986
-3.264669382767707     3.692414169860313
-3.2284931187095793     4.085618740416177
-3.192316854651448     4.638603385276982
-3.1561405905933206     5.383879919280243
-3.1199643265351895     6.345547891088838
-3.083788062477062     7.536954069244453
-3.047611798418931     8.959671379720259
-3.0114355343608032     10.604074824875985
-2.975259270302672     12.450581930127619
-2.939083006244541     14.469542762921812
-2.9029067421864134     16.618201085482738
-2.8667304781282823     18.83551150471201
-2.8305542140701547     21.03857123126583
-2.7943779500120236     23.125691433693927
-2.758201685953896     24.989129552309493
-2.722025421895765     26.53580801677908
-2.6858491578376373     27.709511656128676
-2.649672893779506     28.50598208545048
-2.6134966297213786     28.974377725783306
-2.5773203656632475     29.203797661583863
-2.5411441016051164     29.299422130077893
-2.504967837546989     29.356638977185966
-2.4687915734888577     29.441803944798757
-2.43261530943073     29.585150610022154
-2.396439045372599     29.78629536951837
-2.3602627813144714     30.027911111867887
-2.3240865172563403     30.29046523455483
-2.2879102531982127     30.5615142029694
-2.2517339891400816     30.836568213616253
-2.2155577250819505     31.113246312577036
-2.179381461023823     31.383950551558172
-2.143205196965692     31.63276997965034
-2.107028932907564     31.839553324891646
-2.070852668849433     31.98967181701873
-2.0346764047913055     32.0845475348107
-1.9985001407331744     32.14763891359395
-1.9623238766750468     32.223454912514306
-1.9261476126169157     32.371359645843754
-1.8899713485587846     32.65851260810646
-1.853795084500657     33.15540663727751
-1.8176188204425259     33.93379567067289
-1.7814425563843983     35.063284728165485
-1.7452662923262672     36.6025978524343
-1.7090900282681396     38.585346978349605
-1.6729137642100085     41.00553788007453
-1.636737500151881     43.810906437187334
-1.6005612360937498     46.90972602273382
-1.5643849720356187     50.18996406433655
-1.528208707977491     53.542950472951716
-1.49203244391936     56.881681326273664
-1.4558561798612324     60.14789098306075
-1.4196799158031013     63.30906670708422
-1.3835036517449737     66.35156881301913
-1.3473273876868426     69.27580822957052
-1.311151123628715     72.09515917024834
-1.2749748595705839     74.83607336873783
-1.2387985955124563     77.53610438474496
-1.2026223314543252     80.2391383046398
-1.166446067396194     82.99004298197673
-1.1302698033380665     85.8313460120334
-1.0940935392799354     88.8022470289411
-1.0579172752218078     91.9374919270152
-1.0217410111636767     95.26278741779436
-0.9855647471055491     98.78524410946245
-0.949388483047418     102.4807619977031
-0.9132122189892904     106.28346062771531
-0.8770359549311593     110.08335806810288
-0.8408596908730281     113.73623172940334
-0.8046834268149006     117.084120722625
-0.7685071627567694     119.97877105929112
-0.7323308986986419     122.29771564241875
-0.6961546346405107     123.94668423591493
-0.6599783705823832     124.85123833306938
-0.623802106524252     124.94868340470057
-0.5876258424661245     124.19150480907874
-0.5514495784079934     122.56414456781187
-0.5152733143498622     120.10204942067652
-0.47909705029173466     116.8956969652819
-0.44292078623360354     113.06893390448451
-0.40674452217547596     108.73715376675841
-0.37056825811734484     103.96560611503932
-0.33439199405921727     98.75083261941383
-0.29821573000108614     93.03660883298294
-0.26203946594295857     86.7574957815603
-0.22586320188482745     79.88981262021117
-0.18968693782669632     72.48875077294991
-0.15351067376856875     64.69997470238596
-0.11733440971043763     56.74666824556729
-0.08115814565231005     48.90095404124972
-0.04498188159417893     41.44932353186083
-0.008805617536051358     34.65793980021168
0.027370646522079767     28.740205530702674
0.06354691058020734     23.828731380099114
0.09972317463833846     19.95612379264105
0.13589943869646604     17.050721386168863
0.17207570275459716     14.951693226879849
0.20825196681272828     13.442446473537556
0.24442823087085586     12.294610162640758
0.280604494928987     11.310634017933934
0.31678075898711455     10.353599994309608
0.3529570230452457     9.357786432892542
0.38913328710337325     8.320253825030507
0.4253095511615044     7.279268517243693
0.46148581521963195     6.2880063673191415
0.49766207927776307     5.391575643852745
0.5338383433358942     4.612881919640246
0.5700146073940218     3.9493719051439102
0.6061908714521529     3.379231403397459
0.6423671355102805     2.873007311289024
0.6785433995684116     2.4055437465369303
0.7147196636265392     1.9638703076927986
0.7508959276846703     1.548929815853318
0.7870721917427979     1.171817784042818
0.823248455800929     0.8473168607465207
0.8594247198590601     0.5881087968724175
0.8956009839171877     0.4020893603434011
0.9317772479753188     0.2933756785227387
0.9679535120334464     0.2657987816054617
1.0041297760915775     0.32657227026288244
1.040306040149705     0.4876408496022434
1.0764823042078362     0.7628927871891991
1.1126585682659638     1.1608672855311575
1.148834832324095     1.6746121739493385
1.185011096382226     2.2724138296685856
1.2211873604403536     2.8942263912992283
1.2573636244984847     3.4576818602772046
1.2935398885566123     3.8742251904944034
1.3297161526147434     4.071279706630963
1.365892416672871     4.012725296622057
1.402068680731002     3.709638068758706
1.4382449447891297     3.2168434749630332
1.4744212088472608     2.6167217772218985
1.5105974729053884     1.9968119963066184
1.5467737369635195     1.4295231642654405
1.5829500010216506     0.9601557047589157
1.6191262650797782     0.6050787059534326
1.6553025291379093     0.35779672086832787
1.691478793196037     0.19857286575448108
1.727655057254168     0.10355649075694298
1.7638313213122956     0.05108177993714087
1.8000075853704267     0.024706613613445533
1.8361838494285543     0.013805178004953931
1.8723601134866854     0.012911690470748978
1.9085363775448165     0.020777017584883532
1.944712641602944     0.039601845656863435
1.9808889056610752     0.07441616309223549
2.017065169719203     0.132232771067542
2.053241433777334     0.2205044060287302
2.0894176978354615     0.34463390830744656
2.1255939618935926     0.5048306046041353
2.16177022595172     0.6933094039048198
2.1979464900098513     0.8933196823579016
2.2341227540679824     1.0813253392168503
2.27029901812611     1.2326199349142029
2.306475282184241     1.329038078051315
2.3426515462423687     1.3659977682637965
2.3788278103005     1.355766582670443
2.4150040743586274     1.3250146179440176
2.4511803384167585     1.3070121137161594
2.487356602474886     1.33118932284513
2.5235328665330172     1.4140297493374459
2.5597091305911484     1.554764221903549
2.595885394649276     1.737278328098435
2.632061658707407     1.937003420641556
2.6682379227655346     2.1295937882301925
2.7044141868236657     2.297837412881359
2.7405904508817933     2.434607364700355
2.7767667149399244     2.5419057740609023
2.812942978998052     2.627889911697119
2.849119243056183     2.7042503184912143
2.8852955071143107     2.7854063102584843
2.921471771172442     2.889482274625967
2.957648035230573     3.0398476484553223
2.9938242992887005     3.2655590398320777
3.0300005633468317     3.5992050588293294
3.0661768274049592     4.071209938258066
3.1023530914630904     4.7006530354944704
3.138529355521218     5.484221930225792
3.174705619579349     6.3866972747674335
3.2108818836374766     7.33740739440414
3.2470581476956077     8.236339882903613
3.283234411753739     8.970775676411272
3.3194106758118664     9.43935339549561
3.3555869398699976     9.577141442105722
3.391763203928125     9.374203820888507
3.4279394679862563     8.881834448386691
3.464115732044384     8.204299594502082
3.500291996102515     7.477948178720082
3.5364682601606425     6.842483268732344
3.5726445242187737     6.410555031176557
3.608820788276905     6.242085154278159
3.6449970523350324     6.32941106245391
3.6811733163931635     6.598226652478226
3.717349580451291     6.926474311637609
3.753525844509422     7.178332431858655
3.7897021085675497     7.244447549286024
3.825878372625681     7.07546046733329
3.8620546366838084     6.696586220772165
3.8982309007419396     6.197302517604335
3.9344071648000707     5.699732022463769
3.9705834288581983     5.317690340413125
4.006759692916329     5.121656118109138
4.042935956974457     5.121725806596359
4.079112221032588     5.27271606110161
4.115288485090716     5.4967549994592435
4.151464749148847     5.712775432739499
4.187641013206974     5.861411510242062
4.2238172772651055     5.917589347908914
4.259993541323233     5.889262277469701
4.296169805381364     5.8062311045651
4.332346069439495     5.70558238108282
4.368522333497623     5.619529436895416
4.404698597555754     5.568602733163315
4.440874861613882     5.560137352009416
4.477051125672013     5.59023120143246
4.51322738973014     5.6470314022157515
4.549403653788271     5.713746279903541
4.585579917846399     5.770537759422645
4.62175618190453     5.795242063180084
4.657932445962661     5.763754815960422
4.694108710020789     5.6516496198216135
4.73028497407892     5.438494505222403
4.7664612381370475     5.114887072677497
4.802637502195179     4.68990960973499
4.838813766253306     4.194983671868526
4.874990030311437     3.6804991628938453
4.911166294369565     3.2044275271207665
4.947342558427696     2.8160814201630138
4.983518822485827     2.5410579110882083
5.019695086543955     2.3735138549870594
5.055871350602086     2.279096510649035
5.092047614660213     2.207453718888627
5.1282238787183445     2.109372138610876
5.164400142776472     1.951989435661267
5.200576406834603     1.726794701771387
5.236752670892731     1.448500724587415
5.272928934950862     1.1466469940788748
5.309105199008993     0.8542434184482517
5.345281463067121     0.5980000512136547
5.381457727125252     0.3930151042331899
5.417633991183379     0.24237646980695202
5.45381025524151     0.14022334128525438
5.489986519299638     0.07608939397192263
5.526162783357769     0.03872170625131894
5.562339047415897     0.01847901394200044
5.598515311474028     0.00826936962182436
5.634691575532155     0.0034698834628048274
5.6708678395902865     0.0013651739653718618
5.707044103648418     0.000503587077895808
5.743220367706545     0.00017416385046296158
5.779396631764676     5.647054466509973e-05
5.815572895822804     1.7165255479773942e-05
5.851749159880935     4.8913287299785064e-06
5.887925423939063     1.306579414768769e-06
5.924101687997194     3.2716092978897906e-07
5.960277952055321     7.678709371596993e-08
5.996454216113452     1.689277481361647e-08
6.0326304801715835     3.4832515225932452e-09
6.068806744229711     6.731707510470942e-10
6.104983008287842     1.2192929917644965e-10
6.14115927234597     2.0697584375613073e-11
6.177335536404101     3.2926589511077387e-12
6.2135118004622285     4.908813933540056e-13
6.24968806452036     6.857989868069457e-14
6.285864328578487     8.978334075707942e-15
6.322040592636618     1.101443030800752e-15
6.3582168566947495     1.2661491908472754e-16
6.394393120752877     1.3638131763081945e-17
6.430569384811008     1.3767886449627223e-18
6.466745648869136     1.3393931930480282e-19
6.502921912927267     5.0596785003160843e-20
6.539098176985394     3.7958993900994674e-19
6.5752744410435255     3.437578652780547e-18
6.611450705101653     2.9231438666770105e-17
6.647626969159784     2.3282978163539387e-16
6.683803233217915     1.7370347114110484e-15
6.719979497276043     1.213835991395372e-14
6.756155761334174     7.944984801447822e-14
6.792332025392302     4.870882774879165e-13
6.828508289450433     2.7970731985491993e-12
6.86468455350856     1.504463077051267e-11
6.9008608175666915     7.579503955141149e-11
6.937037081624819     3.576692337982081e-10
6.97321334568295     1.5808983199715964e-09
7.009389609741081     6.544972861634155e-09
7.045565873799209     2.538010012276661e-08
7.08174213785734     9.218502958229115e-08
7.1179184019154675     3.1362385580386553e-07
7.154094665973599     9.994002801500628e-07
7.190270930031726     2.982988984831799e-06
7.226447194089857     8.339612278864307e-06
7.262623458147985     2.183848518274607e-05
7.298799722206116     5.3565155204515824e-05
7.334975986264244     0.00012306281916602024
7.371152250322375     0.0002648247975105093
7.407328514380506     0.0005338050779181958
7.4435047784386335     0.0010078787539558678
7.479681042496765     0.0017825953113099961
7.515857306554892     0.002953578876039329
7.552033570613023     0.004585181899809896
7.588209834671151     0.0066709987744134665
7.624386098729282     0.009100506091771494
7.6605623627874095     0.011651501763006434
7.696738626845541     0.014024563650334138
7.732914890903672     0.015921178718908163
7.769091154961799     0.0171458879930826
7.8052674190199305     0.017695170209843798
7.841443683078058     0.01779292523824511
7.877619947136189     0.017848900963048094
7.913796211194317     0.018346450009441052
7.949972475252448     0.01969589938059709
7.9861487393105755     0.022105214269827263
8.022325003368707     0.025513018721317206
8.058501267426838     0.029603353736169673
8.094677531484965     0.03388879800639896
8.130853795543096     0.037824272413602686
8.167030059601224     0.040909470047832235
8.203206323659355     0.0427542096258087
8.239382587717483     0.043106789136207316
8.275558851775614     0.04186358489180486
8.311735115833741     0.03907751349413907
8.347911379891872     0.034966677654935004
8.384087643950004     0.029907758330444668
8.420263908008131     0.024396615618517976
8.456440172066262     0.018973862173328818
8.49261643612439     0.014134290387987209
8.528792700182521     0.010249897038281015
8.564968964240649     0.0075291614690252235
8.60114522829878     0.006016085106065508
8.637321492356907     0.005615058442428534
8.673497756415038     0.006122728217919473
8.709674020473166     0.007256415803312016
8.745850284531297     0.00868176977878242
8.782026548589428     0.010049448742120692
8.818202812647556     0.011046284517161845
8.854379076705687     0.011453771931626137
8.890555340763814     0.011195100030554156
8.926731604821946     0.01035006887301246
8.962907868880073     0.009127527492383887
8.999084132938204     0.007802015580075237
9.035260396996332     0.006635773511641789
9.071436661054463     0.005812092073695713
9.107612925112594     0.005400029572566227
9.143789189170722     0.005358046696670872
9.179965453228853     0.005570880258312911
9.21614171728698     0.00590413919817453
9.252317981345112     0.006256538464827025
9.288494245403239     0.006591088815665865
9.32467050946137     0.006934051383449507
9.360846773519498     0.007342736636140334
9.397023037577629     0.007856456982130887
9.43319930163576     0.008453373153431011
9.469375565693888     0.009034676469407237
9.505551829752019     0.009445795803108094
9.541728093810146     0.009527040154442102
9.577904357868277     0.009171862573563547
9.614080621926405     0.008367283009576582
9.650256885984536     0.0071998552228518305
9.686433150042664     0.005826912214214086
9.722609414100795     0.004427791718736019
9.758785678158926     0.003155961695676772
9.794961942217054     0.002108702284306878
9.831138206275185     0.0013203467653269203
9.867314470333316     0.0007745738076112446
9.903490734391443     0.00042568587607927773
9.939666998449571     0.00021914904492599448
9.975843262507698     0.00010568459731928462
10.012019526565833     4.775631922748848e-05
10.04819579062396     2.0277513943886942e-05
10.084372054682088     8.295139558677966e-06
10.120548318740223     3.952370368723386e-06
10.15672458279835     4.130486873723181e-06
10.192900846856478     9.496239851785692e-06
10.229077110914606     2.5482338210469414e-05
10.26525337497274     6.592615478372932e-05
10.301429639030868     0.00016036906015608942
10.337605903088996     0.0003658505879638832
10.373782167147123     0.0007827534632724533
10.409958431205258     0.0015713888084315914
10.446134695263385     0.002961935037074754
10.482310959321513     0.005247001749380679
10.518487223379648     0.008746897311873733
10.554663487437775     0.01374576903511137
10.590839751495903     0.02041178615747112
10.62701601555403     0.028730056127166177
10.663192279612165     0.03848210436143533
10.699368543670293     0.04929200577571448
10.73554480772842     0.0607291052195837
10.771721071786548     0.07242657688776236
10.807897335844682     0.08416417703843879
10.84407359990281     0.09588148080023182
10.880249863960938     0.10762323756542772
10.916426128019072     0.11944711847155998
10.9526023920772     0.13132923230335697
10.988778656135327     0.14308883046825932
11.024954920193455     0.1543402866403419
11.06113118425159     0.16448179412105224
11.097307448309717     0.17274009228131734
11.133483712367845     0.1782889653735069
11.16965997642598     0.18043368336923166
11.205836240484107     0.1788137898204024
11.242012504542235     0.17354974854896305
11.278188768600362     0.16526884283377336
11.314365032658497     0.15499416066141122
11.350541296716624     0.14394321496714774
11.386717560774752     0.13332281292364306
11.42289382483288     0.12419765424139487
11.459070088891014     0.11745477562427321
11.495246352949142     0.11381878620557268
11.53142261700727     0.1138397625009785
11.567598881065404     0.11780278981129948
11.603775145123532     0.12558072245487376
11.63995140918166     0.1365206431075001
11.676127673239787     0.14946816242203104
11.712303937297921     0.16297450981893918
11.748480201356049     0.17563072608213542
11.784656465414177     0.18639342674001658
11.820832729472311     0.19476025273339642
11.857008993530439     0.2007277788439068
11.893185257588566     0.20457662736280252
11.929361521646694     0.2066112234207705
11.965537785704829     0.20698863103788215
12.001714049762956     0.20570435420348457
12.037890313821084     0.20270871432991627
12.074066577879211     0.19806258545041727
12.110242841937346     0.1920380880208403
12.146419105995474     0.1851192283154101
12.182595370053601     0.17792073993675456
12.218771634111736     0.1710809192542373
12.254947898169863     0.16518039988134048
12.291124162227991     0.16070720350780332
12.327300426286119     0.15805674602745282
12.363476690344253     0.1575433740546243
12.39965295440238     0.1594068989799362
12.435829218460508     0.16380865310926152
12.472005482518636     0.17081443802676827
12.50818174657677     0.18035840421486274
12.544358010634898     0.19218539417154373
12.580534274693026     0.20578822723571516
12.61671053875116     0.2203824033382312
12.652886802809288     0.23497113765223115
12.689063066867416     0.2485294200304316
12.725239330925543     0.260279972560203
12.761415594983678     0.269974967664621
12.797591859041805     0.2780719749848787
12.833768123099933     0.2857203164592008
12.869944387158068     0.2945420308610423
12.906120651216195     0.3062630323805945
12.942296915274323     0.3222896916409014
12.97847317933245     0.3433248548471008
13.014649443390585     0.36909508786436124
13.050825707448713     0.39824518435576917
13.08700197150684     0.4284534192870252
13.123178235564968     0.4568073891778327
13.159354499623102     0.4804214874700161
13.19553076368123     0.4971686272169164
13.231707027739358     0.5062897092609756
13.267883291797492     0.5086168907769446
13.30405955585562     0.5062574779873501
13.340235819913747     0.5018090424528776
13.376412083971875     0.49740319001138344
13.41258834803001     0.49397372341769313
13.448764612088137     0.4910496822824986
13.484940876146265     0.48713347325582723
13.521117140204392     0.48047042962230196
13.557293404262527     0.4698777119007328
13.593469668320655     0.4553276620464325
13.629645932378782     0.4381279329479854
13.665822196436917     0.42071090911915754
13.701998460495044     0.4061552710608866
13.738174724553172     0.3975864408429618
13.7743509886113     0.397569790464285
13.810527252669434     0.4075751206123297
13.846703516727562     0.4275907723084392
13.88287978078569     0.4559938019067298
13.919056044843824     0.48978852953664176
13.955232308901952     0.5252526136948623
13.99140857296008     0.5588695225953693
14.027584837018207     0.588251307867574
14.063761101076341     0.6126883014005822
14.099937365134469     0.6330873761587893
14.136113629192597     0.651341994664703
14.172289893250724     0.6694573733287663
14.208466157308859     0.6888509843665537
14.244642421366986     0.7100904680171987
14.280818685425114     0.7330199593129356
14.316994949483249     0.7569754915476488
14.353171213541376     0.7807772931009329
14.389347477599504     0.8024243878171989
14.425523741657631     0.8187401529580818
14.461700005715766     0.8253928641085431
14.497876269773894     0.8175979137126452
14.534052533832021     0.7914430412659441
14.570228797890156     0.7453766818727139
14.606405061948283     0.6812101062314702
14.642581326006411     0.6041331298492201
14.678757590064539     0.5216578458439642
14.714933854122673     0.441861792766631
14.7511101181808     0.3715676801572759
14.787286382238928     0.3150612196749589
14.823462646297056     0.27366878370277525
14.85963891035519     0.2461577024903753
14.895815174413318     0.22965186942013832
14.931991438471446     0.22066384429143443
14.96816770252958     0.21592341153033173
15.004343966587708     0.21285483160395047
15.040520230645836     0.20972543292344498
15.076696494703963     0.20558649268128698
15.112872758762098     0.20013304967122453
15.149049022820225     0.19355146993328537
15.185225286878353     0.18635754102536506
15.22140155093648     0.17920043234626062
15.257577814994615     0.17263118243595288
15.293754079052743     0.16688345656856762
15.32993034311087     0.1617475616476905
15.366106607169005     0.1566060568935625
15.402282871227133     0.15064021208753656
15.43845913528526     0.14313938664942455
15.474635399343388     0.13379115407373096
15.510811663401523     0.12282998589957664
15.54698792745965     0.11098053055461482
15.583164191517778     0.09922102869202903
15.619340455575912     0.08846894435306828
15.65551671963404     0.07931723927497311
15.691692983692167     0.07191624228224176
15.727869247750295     0.06602446732457859
15.76404551180843     0.061180316630338044
15.800221775866557     0.05690786685234216
15.836398039924685     0.05287495353639405
15.872574303982812     0.048959067595059
15.908750568040947     0.045222779469261926
15.944926832099075     0.041833990756070354
15.981103096157202     0.038976721146193154
16.017279360215337     0.03678733434329869
16.053455624273465     0.035329265390430326
16.089631888331592     0.03459838856671568
16.12580815238972     0.03453969779304139
16.161984416447854     0.03505675380610552
16.198160680505982     0.03600580208717896
16.23433694456411     0.037180532902289995
16.270513208622244     0.03830402278759104
16.30668947268037     0.0390457848429202
16.3428657367385     0.03907226059482398
16.379042000796627     0.03812215930867188
16.41521826485476     0.036082129351838695
16.45139452891289     0.033032480347565917
16.487570792971017     0.029241574300436467
16.523747057029144     0.025107493781249435
16.55992332108728     0.021066557548337285
16.596099585145407     0.01749955873116021
16.632275849203534     0.014663543664257848
16.66845211326167     0.012663073652472913
16.704628377319796     0.011458881356919384
16.740804641377924     0.010901550646338985
16.77698090543605     0.010776076657358137
16.813157169494186     0.010847197731685122
16.849333433552314     0.010900199430483915
16.88550969761044     0.010774014255670076
16.92168596166857     0.010382985560124533
16.957862225726704     0.009723362022369147
16.99403848978483     0.008862978523860102
17.03021475384296     0.007917577892958619
17.066391017901093     0.007021969385517251
17.10256728195922     0.006305259619758114
17.13874354601735     0.005875527790810331
17.174919810075476     0.005812791794938847
17.21109607413361     0.006164246519241055
17.24727233819174     0.006936008024004703
17.283448602249866     0.008081105347066655
17.319624866308     0.009490692678321274
17.355801130366128     0.010999209490963946
17.391977394424256     0.01241087070330373
17.428153658482383     0.013544991828027392
17.464329922540518     0.014286271314968393
17.500506186598646     0.014620090343609766
17.536682450656773     0.014636529517766571
17.5728587147149     0.014499028360266026
17.609034978773035     0.01438830776491493
17.645211242831163     0.014442060354537623
17.68138750688929     0.01471191922320617
17.717563770947425     0.015152187327013657
17.753740035005553     0.015643798102598316
17.78991629906368     0.01604617665110028
17.826092563121808     0.01626162082391858
17.862268827179943     0.016292602528632072
17.89844509123807     0.016272556409500705
17.934621355296198     0.016455659670960035
17.970797619354325     0.017160704111590114
18.00697388341246     0.018677371131826468
18.043150147470588     0.02115759671654703
18.079326411528715     0.02452588872769998
18.11550267558685     0.028444432905530437
18.151678939644977     0.03235652491081582
18.187855203703105     0.03560572857013927
18.224031467761233     0.037597284554653984
18.260207731819367     0.037947850509706296
18.296383995877495     0.036572133687955616
18.332560259935622     0.0336809532444626
18.368736523993757     0.029701465046673474
18.404912788051885     0.025157635796150907
18.441089052110012     0.020555104597253793
18.47726531616814     0.016300658524709702
18.513441580226274     0.012664783074938585
18.549617844284402     0.009779219082033825
18.58579410834253     0.0076559284136341384
18.621970372400657     0.006216561499188934
18.658146636458792     0.005326029450483608
18.69432290051692     0.004825879481619092
18.730499164575047     0.0045629948098875606
18.76667542863318     0.004409313564956989
18.80285169269131     0.004270589125502301
18.839027956749437     0.004085950890573044
18.875204220807564     0.0038227551704282177
18.9113804848657     0.0034711309508861795
18.947556748923827     0.0030400818865278754
18.983733012981954     0.0025541477779933916
19.01990927704009     0.002048569769994156
19.056085541098216     0.0015621107417609762
19.092261805156344     0.0011288477007469072
19.12843806921447     0.0007715546939184258
19.164614333272606     0.0004988355677503385
19.200790597330734     0.0003064435979371595
19.23696686138886     0.00018148602808886036
19.27314312544699     0.00010743535738017851
19.309319389505124     6.821241686050936e-05
19.34549565356325     5.0555306890158515e-05
19.38167191762138     4.478424026501009e-05
19.417848181679513     4.45340235013183e-05
19.45402444573764     4.604560534497415e-05
19.49020070979577     4.7396676586910566e-05
19.526376973853896     4.783011407907612e-05
19.56255323791203     4.721932665057253e-05
19.59872950197016     4.568607404957563e-05
19.634905766028286     4.339934220580683e-05
19.671082030086414     4.058718439724699e-05
19.707258294144548     3.778714426241197e-05
19.743434558202676     3.6377883506771575e-05
19.779610822260803     3.949674547030657e-05
19.815787086318938     5.3519696605286706e-05
19.851963350377066     9.02485923220624e-05
19.888139614435193     0.0001696561163974014
19.92431587849332     0.0003223730775780662
19.960492142551455     0.0005901720847471537
19.996668406609583     0.001021977342851609
20.03284467066771     0.001663222333399169
20.069020934725845     0.0025384491357980494
20.105197198783973     0.0036308921416247034
20.1413734628421     0.004867011971512163
20.177549726900228     0.0061158982724126305
20.213725990958363     0.0072106201155717475
20.24990225501649     0.007990589142836763
20.286078519074618     0.008353752098758754
20.322254783132745     0.008300167151166406
20.35843104719088     0.007948693450536812
20.394607311249008     0.007516828819974904
20.430783575307135     0.00726657685856718
20.46695983936527     0.007431148376838521
20.503136103423397     0.008144217973487682
20.539312367481525     0.009394045012716536
20.575488631539653     0.01101937710059074
20.611664895597787     0.012753176366497712
20.647841159655915     0.01430488796371556
20.684017423714042     0.015455877095672779
20.72019368777217     0.01613286452030975
20.756369951830305     0.0164280869285931
20.792546215888432     0.016554489174008112
20.82872247994656     0.016752359006421805
20.864898744004694     0.017186490798518545
20.901075008062822     0.0178774859346056
20.93725127212095     0.018694040572055214
20.973427536179077     0.019404104699853455
21.009603800237212     0.019757474324441224
21.04578006429534     0.019563485503671835
21.081956328353467     0.018737177151882237
21.1181325924116     0.017306929458771294
21.15430885646973     0.01539355370145595
21.190485120527857     0.01317705352596181
21.226661384585984     0.010863330532999732
21.26283764864412     0.008655466694011127
21.299013912702247     0.00672925951974985
21.335190176760374     0.005212392979401664
21.371366440818502     0.004168832895884841
21.407542704876636     0.003591628292818347
21.443718968934764     0.003406853071170738
21.47989523299289     0.003489373540966007
21.516071497051026     0.0036884434678643926
21.552247761109154     0.0038584270666987604
21.588424025167278     0.0038877900288575634
