-22.148679221111326     0.004504502811205508
-22.112502957053195     0.004860396368136968
-22.076326692995067     0.0050575753599012944
-22.040150428936936     0.005116144592093038
-22.00397416487881     0.005075263963508735
-21.967797900820678     0.004979586815632153
-21.93162163676255     0.004867039699056474
-21.89544537270442     0.0047614790264274625
-21.85926910864629     0.004671155622126535
-21.82309284458816     0.004591986443720054
-21.78691658053003     0.0045138504086773374
-21.7507403164719     0.0044280250841581435
-21.71456405241377     0.004333907260852729
-21.678387788355643     0.004243260585541847
-21.64221152429751     0.004180702670215355
-21.606035260239384     0.0041800986813801885
-21.569858996181253     0.0042776580702919295
-21.533682732123125     0.004503347742079014
-21.497506468064994     0.00487249712764918
-21.461330204006863     0.005379345606188954
-21.425153939948736     0.005994100842138458
-21.388977675890605     0.006664911025518011
-21.352801411832477     0.007325641593576203
-21.316625147774346     0.007909011688697183
-21.28044888371622     0.008362539370812867
-21.244272619658087     0.008662807440381504
-21.20809635559996     0.00882318438909363
-21.17192009154183     0.008892085297494377
-21.1357438274837     0.008942436188799
-21.09956756342557     0.009056273480005478
-21.06339129936744     0.009309471562485355
-21.02721503530931     0.00975997768766114
-20.99103877125118     0.010439994833911993
-20.954862507193052     0.011350528258632052
-20.91868624313492     0.01245713439908936
-20.882509979076794     0.01368827026039943
-20.846333715018663     0.01494026320488305
-20.810157450960535     0.016093062708862096
-20.773981186902404     0.017037334652437335
-20.737804922844273     0.017707256227818147
-20.701628658786145     0.01810780906947288
-20.665452394728014     0.01832406666418013
-20.629276130669886     0.018504697536694783
-20.593099866611755     0.018821260148869503
-20.556923602553628     0.019414814247197047
-20.520747338495497     0.02034736296333266
-20.48457107443737     0.021574960477927257
-20.448394810379238     0.022952278874694133
-20.412218546321107     0.024267864187020052
-20.37604228226298     0.025299119503544226
-20.339866018204848     0.02586972044381497
-20.30368975414672     0.025891812574579186
-20.26751349008859     0.025381124109411204
-20.231337226030462     0.024442986743517338
-20.19516096197233     0.02323732162159976
-20.158984697914203     0.02193672761740475
-20.122808433856072     0.020691526020448322
-20.086632169797944     0.01960982531525698
-20.050455905739813     0.018752971055339625
-20.014279641681682     0.018141207861485487
-19.978103377623555     0.017763088742730745
-19.941927113565423     0.017584360242072238
-19.905750849507296     0.017555279762698398
-19.869574585449165     0.017617431571318187
-19.833398321391037     0.017711433282222497
-19.797222057332906     0.0177860244128651
-19.761045793274775     0.01780768743013289
-19.724869529216647     0.017768589995753918
-19.688693265158516     0.01768957217352052
-19.65251700110039     0.017614853783269872
-19.616340737042258     0.0175970652012881
-19.58016447298413     0.01767530793630048
-19.543988208926     0.017853706647893305
-19.50781194486787     0.01809035207547006
-19.47163568080974     0.018304043019421373
-19.435459416751613     0.01839878433804533
-19.39928315269348     0.018296965338301892
-19.36310688863535     0.01796671250124594
-19.326930624577223     0.01743079990342062
-19.29075436051909     0.016753250703367875
-19.254578096460964     0.01601067513203391
-19.218401832402833     0.015262385822149659
-19.182225568344705     0.01453281871840247
-19.146049304286574     0.013812818725024014
-19.109873040228447     0.013077618206739269
-19.073696776170316     0.012313921755815497
-19.037520512112188     0.011548738840922933
-19.001344248054057     0.01087696845757041
-18.965167983995926     0.010489061841070704
-18.928991719937798     0.010699824511745129
-18.892815455879667     0.011971992636212573
-18.85663919182154     0.014915095615000406
-18.82046292776341     0.020228249931936722
-18.78428666370528     0.02855661979795546
-18.74811039964715     0.04025654106165855
-18.71193413558902     0.055114690858594696
-18.67575787153089     0.07212399311040602
-18.63958160747276     0.08944743783156364
-18.603405343414632     0.10466566613029563
-18.5672290793565     0.11529893264461205
-18.531052815298374     0.1194592034550069
-18.494876551240242     0.11639705352715592
-18.458700287182115     0.10672340187732542
-18.422524023123984     0.0922137983354355
-18.386347759065856     0.07528008835710258
-18.350171495007725     0.058325877460544205
-18.313995230949594     0.04322196679136559
-18.277818966891466     0.03104831053149112
-18.241642702833335     0.022112904691236755
-18.205466438775208     0.016152064194634816
-18.169290174717077     0.012583903138555898
-18.13311391065895     0.010720331834776782
-18.096937646600818     0.009902924796446683
-18.060761382542687     0.009574675207535927
-18.02458511848456     0.009315104037795417
-17.98840885442643     0.008856934470342588
-17.9522325903683     0.008086778866169523
-17.91605632631017     0.007024835250138907
-17.87988006225204     0.005782955946287097
-17.84370379819391     0.004510359990166887
-17.807527534135783     0.003342801092818978
-17.771351270077652     0.0023693483860284144
-17.735175006019524     0.0016225929182338513
-17.698998741961393     0.0010884669913682782
-17.662822477903262     0.0007259975455517242
-17.626646213845135     0.0004870082531640521
-17.590469949787003     0.0003295064614993725
-17.554293685728876     0.00022325054088447773
-17.518117421670745     0.00014938804187811198
-17.481941157612617     9.724206356165526e-05
-17.445764893554486     6.079179485652086e-05
-17.409588629496355     3.616160958098878e-05
-17.373412365438227     2.0341633527557163e-05
-17.3372361013801     1.0779078388085144e-05
-17.30105983732197     5.368066138533056e-06
-17.264883573263837     2.5089347335779275e-06
-17.22870730920571     1.099613733532534e-06
-17.19253104514758     4.517125134126915e-07
-17.15635478108945     1.7387374941736495e-07
-17.12017851703132     6.270256908679687e-08
-17.084002252973193     2.118239633717656e-08
-17.04782598891506     6.703158184712533e-09
-17.01164972485693     1.986939426362404e-09
-16.975473460798803     5.516739983356733e-10
-16.939297196740675     1.4347242656735963e-10
-16.903120932682544     3.494939653305793e-11
-16.866944668624413     7.974337896787587e-12
-16.830768404566285     1.7042463439300605e-12
-16.794592140508154     3.4115547629504273e-13
-16.758415876450027     6.39667436744987e-14
-16.722239612391895     1.1234089274587821e-14
-16.686063348333768     1.8480049085911823e-15
-16.649887084275637     2.847409481907864e-16
-16.613710820217506     4.1093986318062706e-17
-16.577534556159378     5.555073291190328e-18
-16.541358292101247     7.035905304620019e-19
-16.50518202804312     8.562151486163215e-20
-16.46900576398499     2.926010303007035e-20
-16.43282949992686     1.7077584520790953e-19
-16.39665323586873     1.3509880175000573e-18
-16.3604769718106     1.0065997070177462e-17
-16.32430070775247     7.025432001947131e-17
-16.288124443694343     4.592731874045282e-16
-16.251948179636212     2.812228560257819e-15
-16.21577191557808     1.612915436331587e-14
-16.179595651519953     8.664710227167584e-14
-16.143419387461822     4.3599142651315155e-13
-16.107243123403695     2.054865100983195e-12
-16.071066859345564     9.071312837882784e-12
-16.034890595287436     3.750925460153475e-11
-15.998714331229305     1.4527409683565603e-10
-15.962538067171176     5.270106547413631e-10
-15.926361803113046     1.7907380764335658e-09
-15.890185539054917     5.699361465671685e-09
-15.854009274996788     1.6990329306501517e-08
-15.817833010938656     4.7441548086747024e-08
-15.781656746880529     1.240787384301323e-07
-15.745480482822398     3.039606378037796e-07
-15.709304218764268     6.974591660906408e-07
-15.673127954706139     1.4990001846890274e-06
-15.63695169064801     3.017630409653926e-06
-15.60077542658988     5.6899948058642026e-06
-15.564599162531751     1.0049377333018357e-05
-15.528422898473622     1.6624473419072826e-05
-15.49224663441549     2.5759540008578325e-05
-15.456070370357363     3.738606616145834e-05
-15.419894106299232     5.0823304359225e-05
-15.383717842241104     6.47138870936317e-05
-15.347541578182973     7.718155724761402e-05
-15.311365314124844     8.622060141951031e-05
-15.275189050066714     9.021734041014375e-05
-15.239012786008585     8.841998833341811e-05
-15.202836521950456     8.116940222296356e-05
-15.166660257892325     6.979361653721561e-05
-15.130483993834197     5.621089749066187e-05
-15.094307729776066     4.240399719390235e-05
-15.058131465717938     2.9962257754773697e-05
-15.021955201659807     1.983004663494261e-05
-14.985778937601678     1.229290134915134e-05
-14.949602673543549     7.137835228334178e-06
-14.91342640948542     3.882040853749119e-06
-14.87725014542729     1.9775849434578256e-06
-14.841073881369159     9.436081200231114e-07
-14.804897617311031     4.2172551450750883e-07
-14.7687213532529     1.7654387223791888e-07
-14.732545089194772     6.923089309983039e-08
-14.696368825136641     2.54639400645535e-08
-14.660192561078512     8.939626156438281e-09
-14.624016297020383     3.684941195174666e-09
-14.587840032962253     4.481187712645947e-09
-14.551663768904124     1.4482514636595925e-08
-14.515487504845993     5.239220881644225e-08
-14.479311240787865     1.8010394348510102e-07
-14.443134976729734     5.805183463626631e-07
-14.406958712671607     1.7527629101082018e-06
-14.370782448613475     4.956951717036887e-06
-14.334606184555346     1.313072445415914e-05
-14.298429920497217     3.2579598466423405e-05
-14.262253656439087     7.571590312156904e-05
-14.226077392380958     0.0001648220208783714
-14.189901128322829     0.0003360737121761764
-14.1537248642647     0.0006418790361538663
-14.11754860020657     0.0011483815781776349
-14.081372336148439     0.0019246925120646023
-14.04519607209031     0.003022246182135519
-14.00901980803218     0.004447197072587588
-13.97284354397405     0.006134882402296375
-13.936667279915921     0.007939877728239437
-13.900491015857792     0.009654024469375374
-13.864314751799663     0.011055827919989004
-13.828138487741533     0.011980102202505559
-13.791962223683404     0.012383557576811186
-13.755785959625275     0.01237826065233615
-13.719609695567144     0.012214617706182346
-13.683433431509014     0.012215447715567969
-13.647257167450885     0.01268340120797258
-13.611080903392756     0.013815109855075277
-13.574904639334626     0.015651570391026944
-13.538728375276497     0.018077614307526725
-13.502552111218368     0.02086238633856155
-13.466375847160238     0.023717865612843215
-13.430199583102109     0.026350613706536283
-13.394023319043978     0.028493161003381482
-13.357847054985848     0.02991842304333364
-13.321670790927719     0.030452281802519583
-13.28549452686959     0.02999789637680262
-13.24931826281146     0.028571013235569633
-13.213141998753331     0.026328362352741087
-13.176965734695202     0.023564189474942352
-13.140789470637072     0.020660213946632987
-13.104613206578943     0.017997392235818727
-13.068436942520814     0.01586016355447382
-13.032260678462682     0.014371421359124822
-12.996084414404553     0.01348430583761436
-12.959908150346424     0.013032207599474165
-12.923731886288294     0.012815858499748487
-12.887555622230165     0.012699721572440923
-12.851379358172036     0.012704696441386793
-12.815203094113906     0.0131164232472326
-12.779026830055777     0.014667255158618223
-12.742850565997648     0.01887946898238902
-12.706674301939517     0.028654359510768026
-12.670498037881387     0.049122565960216816
-12.634321773823258     0.08859946664722788
-12.598145509765128     0.15921406525497367
-12.561969245707     0.27649090514439284
-12.52579298164887     0.45707951928465546
-12.48961671759074     0.7142260887788465
-12.453440453532611     1.0516102895302366
-12.417264189474482     1.4575681307249848
-12.381087925416352     1.90272749016054
-12.344911661358221     2.3437281224398925
-12.308735397300092     2.7334900503328026
-12.272559133241963     3.0350825693161254
-12.236382869183833     3.2334436272397373
-12.200206605125704     3.3390486039697196
-12.164030341067575     3.3809424249286395
-12.127854077009445     3.3919795754640836
-12.091677812951316     3.393628383671659
-12.055501548893186     3.38838365802939
-12.019325284835055     3.363908966575515
-11.983149020776926     3.3065545056020214
-11.946972756718797     3.2166158226035204
-11.910796492660667     3.1167280961777846
-11.874620228602538     3.0486746820014665
-11.838443964544409     3.06031206456593
-11.80226770048628     3.1895862940697133
-11.76609143642815     3.4538989575797374
-11.72991517237002     3.8499396595506927
-11.693738908311891     4.363539377702343
-11.65756264425376     4.984212287163951
-11.62138638019563     5.717241562505968
-11.585210116137501     6.587934861838263
-11.549033852079372     7.636629835082228
-11.512857588021243     8.906880815481534
-11.476681323963113     10.431178516526272
-11.440505059904984     12.218099110090666
-11.404328795846855     14.242937295367634
-11.368152531788725     16.442320637656863
-11.331976267730594     18.71324217859085
-11.295800003672465     20.918237484237267
-11.259623739614335     22.899502904807473
-11.223447475556206     24.503636779484626
-11.187271211498077     25.61463144162828
-11.151094947439947     26.18726954270118
-11.114918683381818     26.26944188139316
-11.078742419323689     26.003047586715176
-11.04256615526556     25.599495282815745
-11.00638989120743     25.29472535153466
-10.970213627149299     25.295926380972446
-10.93403736309117     25.734599352219245
-10.89786109903304     26.637900223172572
-10.86168483497491     27.924143577603672
-10.825508570916782     29.421511939497872
-10.789332306858652     30.90329741085887
-10.753156042800523     32.12959701012159
-10.716979778742393     32.88515234038879
-10.680803514684264     33.00622647422954
-10.644627250626133     32.394818927102406
-10.608450986568004     31.02330011832763
-10.572274722509874     28.933883602961153
-10.536098458451745     26.234807781869065
-10.499922194393616     23.091350710650616
-10.463745930335486     19.708600900367074
-10.427569666277357     16.305803264868867
-10.391393402219228     13.0870003283751
-10.355217138161098     10.215668425222344
-10.319040874102969     7.799725960565087
-10.282864610044838     5.8886831317001045
-10.246688345986708     4.480077881578444
-10.210512081928579     3.53042763230752
-10.17433581787045     2.9670329036028553
-10.13815955381232     2.6993452116453294
-10.101983289754191     2.630209677498701
-10.065807025696062     2.667248469809881
-10.029630761637932     2.7335016040340636
-9.993454497579803     2.7753563174528746
-9.957278233521672     2.7656819696313693
-9.921101969463543     2.7011492487983646
-9.884925705405413     2.594508176168391
-9.848749441347284     2.4643424510866985
-9.812573177289154     2.325725488289382
-9.776396913231025     2.1848102053362437
-9.740220649172896     2.038763051634691
-9.704044385114766     1.8802464876406
-9.667868121056637     1.7038356271817663
-9.631691856998508     1.511162463740234
-9.595515592940377     1.3124651010850692
-9.559339328882247     1.124083540616551
-9.523163064824118     0.963316134165704
-9.486986800765989     0.8430332821418614
-9.45081053670786     0.7681928192859295
-9.41463427264973     0.735243414371697
-9.3784580085916     0.734061474171343
-9.342281744533471     0.7512065727885976
-9.306105480475342     0.7731681077811623
-9.26992921641721     0.7887375932404035
-9.233752952359081     0.7902673884980633
-9.197576688300952     0.7740093434618855
-9.161400424242823     0.7398421778466152
-9.125224160184693     0.6906027361408228
-9.089047896126564     0.631129130052062
-9.052871632068435     0.5671236524377024
-9.016695368010305     0.5040277516666667
-8.980519103952176     0.4461583007710631
-8.944342839894047     0.39629374063768097
-8.908166575835915     0.3557284040147859
-8.871990311777786     0.3246299110356434
-8.835814047719657     0.3024475535810172
-8.799637783661527     0.2881741572031481
-8.763461519603398     0.2804151589260682
-8.727285255545269     0.2773681657534783
-8.69110899148714     0.27687780122560895
-8.65493272742901     0.2766793059516758
-8.61875646337088     0.27482209444250966
-8.58258019931275     0.2701461925833265
-8.54640393525462     0.26263174193517275
-8.51022767119649     0.25347335427345247
-8.474051407138361     0.24482408712176376
-8.437875143080232     0.23926689218494582
-8.401698879022103     0.23916950449041582
-8.365522614963973     0.24614136108351425
-8.329346350905844     0.26082369770345804
-8.293170086847715     0.28318802094713186
-8.256993822789585     0.3133772300522467
-8.220817558731454     0.3529067983100664
-8.184641294673325     0.40580897643815517
-8.148465030615196     0.47915796044570613
-8.112288766557066     0.5824749557775498
-8.076112502498937     0.7258371705250907
-8.039936238440808     0.9170393110047071
-8.003759974382678     1.158676069421623
-7.967583710324549     1.4462506906560375
-7.9314074462664195     1.7681572502761655
-7.895231182208288     2.1076495104390855
-7.859054918150159     2.446010514872249
-7.82287865409203     2.7655701172867966
-7.7867023900339     3.0513728375633367
-7.750526125975771     3.2911599024716978
-7.714349861917642     3.4743969963720867
-7.678173597859512     3.591645399515026
-7.641997333801383     3.6352196845963975
-7.605821069743254     3.601022340293144
-7.569644805685122     3.490447474038649
-7.533468541626993     3.311037999009092
-7.497292277568864     3.0753129296269495
-7.461116013510734     2.7983007096578225
-7.424939749452605     2.495010583578504
-7.388763485394476     2.1789091996418652
-7.352587221336346     1.861668926899378
-7.316410957278217     1.5536528965801901
-7.280234693220088     1.2643201202041126
-7.244058429161958     1.0020353753776927
-7.207882165103827     0.7733213389745516
-7.171705901045698     0.5819919889967261
-7.1355296369875685     0.4286611301010291
-7.099353372929439     0.31089307877744465
-7.06317710887131     0.2239515021035019
-7.02700084481318     0.1618802362393004
-6.990824580755051     0.11858719343835229
-6.954648316696922     0.08867546878787474
-6.918472052638792     0.06790450426349583
-6.882295788580661     0.05329828838553199
-6.846119524522532     0.04300284883845631
-6.809943260464403     0.0360201334357094
-6.773766996406273     0.03192275968624147
-6.737590732348144     0.03060786738700223
-6.7014144682900145     0.03210210691847783
-6.665238204231885     0.0364018532803328
-6.629061940173756     0.04333277446199568
-6.5928856761156265     0.05243795237478351
-6.556709412057497     0.06293556328320336
-6.520533147999366     0.07379775271211378
-6.484356883941237     0.08397074928212556
-6.448180619883107     0.0926871736696801
-6.412004355824978     0.09975106309952379
-6.375828091766849     0.10565427544703711
-6.339651827708719     0.1114393242294743
-6.30347556365059     0.11834055452428
-6.267299299592461     0.12735097562101327
-6.231123035534331     0.1389070110044986
-6.1949467714762     0.15282859279040126
-6.158770507418071     0.16852891625285155
-6.122594243359941     0.1853869404185824
-6.086417979301814     0.20311666750515447
-6.050241715243683     0.22198463734039964
-6.014065451185552     0.2427925144068382
-5.977889187127424     0.26661804137634343
-5.941712923069293     0.2943783191207167
-5.905536659011165     0.32634472867490255
-5.869360394953034     0.36178878144270515
-5.833184130894907     0.3989369307912622
-5.7970078668367755     0.43532150949956083
-5.760831602778648     0.4684412386083693
-5.724655338720517     0.4964657117358946
-5.688479074662389     0.5186491559842571
-5.652302810604258     0.5352330678628248
-5.616126546546127     0.5468789558583684
-5.579950282487999     0.5539392142338642
-5.543774018429868     0.5559815891592618
-5.507597754371741     0.5518539520049855
-5.47142149031361     0.5402791474247292
-5.435245226255482     0.520677751397637
-5.399068962197351     0.49379779413593616
-5.362892698139223     0.4618433345439046
-5.326716434081092     0.42805802775412666
-5.290540170022961     0.39597707390114933
-5.2543639059648335     0.36867665407660316
-5.218187641906702     0.34828770284664345
-5.182011377848575     0.3358666779527836
-5.145835113790444     0.3315424644119027
-5.109658849732316     0.33477340320011617
-5.073482585674185     0.34457193584537216
-5.037306321616057     0.35964305047380196
-5.001130057557926     0.3784672841072381
-4.964953793499795     0.399389360276926
-4.928777529441668     0.42074554264816905
-4.8926012653835365     0.4410136526037546
-4.856425001325409     0.45894574446453296
-4.820248737267278     0.4736626082662689
-4.78407247320915     0.48472696548296135
-4.747896209151019     0.4922239939281603
-4.7117199450928915     0.49684216442724927
-4.67554368103476     0.4998909594681785
-4.639367416976629     0.5031716589496836
-4.603191152918502     0.5086708108895132
-4.5670148888603705     0.5181536023434726
-4.530838624802243     0.5328254649082689
-4.494662360744112     0.5532312367038619
-4.458486096685984     0.5794487442356098
-4.422309832627853     0.6114562886468028
-4.386133568569726     0.6494096010864834
-4.3499573045115945     0.6935511285073784
-4.313781040453467     0.7436363490227194
-4.277604776395336     0.7980520322637263
-4.241428512337205     0.8530852868818392
-4.205252248279077     0.9029055202906555
-4.169075984220946     0.9406213488263926
-4.132899720162818     0.9602953955081857
-4.096723456104687     0.959246765559223
-4.06054719204656     0.9396497782366359
-4.0243709279884285     0.908581877984254
-3.988194663930301     0.87628012548206
-3.95201839987217     0.8531602335728433
-3.9158421358140387     0.8467310500077483
-3.879665871755911     0.8596004289016471
-3.84348960769778     0.8892908725283242
-3.8073133436396525     0.9298171538511429
-3.7711370795815213     0.9742928147725526
-3.7349608155233938     1.017509872455454
-3.6987845514652626     1.0575496017739183
-3.662608287407135     1.0959155724672822
-3.626432023349004     1.136238411691845
-3.590255759290873     1.1821129118916194
-3.5540794952327452     1.2349669790694908
-3.517903231174614     1.292924269582647
-3.4817269671164865     1.3513321933130098
-3.4455507030583554     1.4050140609911053
-3.409374439000228     1.451577277616262
-3.3731981749420967     1.4946046252706062
-3.337021910883969     1.545538800730115
-3.300845646825838     1.623538690882434
-3.264669382767707     1.753260064349824
-3.2284931187095793     1.9610587474274779
-3.192316854651448     2.2704009302170793
-3.1561405905933206     2.697411406467656
-3.1199643265351895     3.2476330095496566
-3.083788062477062     3.915095913875447
-3.047611798418931     4.684357995777451
-3.0114355343608032     5.535075199693438
-2.975259270302672     6.447250809526105
-2.939083006244541     7.404498113630746
-2.9029067421864134     8.393289423428087
-2.8667304781282823     9.398290888763164
-2.8305542140701547     10.396426976265383
-2.7943779500120236     11.353675428703706
-2.758201685953896     12.2277076204566
-2.722025421895765     12.97664610677308
-2.6858491578376373     13.570919031612696
-2.649672893779506     14.003244182834178
-2.6134966297213786     14.292193872409769
-2.5773203656632475     14.477337563223434
-2.5411441016051164     14.60741322085533
-2.504967837546989     14.725832656353615
-2.4687915734888577     14.85892404306199
-2.43261530943073     15.011217990675428
-2.396439045372599     15.169192842548682
-2.3602627813144714     15.311365026092489
-2.3240865172563403     15.4199879506377
-2.2879102531982127     15.489182854815544
-2.2517339891400816     15.526351214492378
-2.2155577250819505     15.547204055542219
-2.179381461023823     15.567844632095087
-2.143205196965692     15.598416332386185
-2.107028932907564     15.641423268741706
-2.070852668849433     15.69493766316611
-2.0346764047913055     15.75830690661323
-1.9985001407331744     15.837106620168727
-1.9623238766750468     15.945198643587444
-1.9261476126169157     16.10383698833266
-1.8899713485587846     16.33931150216097
-1.853795084500657     16.680663003675733
-1.8176188204425259     17.157767946881837
-1.7814425563843983     17.798785944791206
-1.7452662923262672     18.62585467055895
-1.7090900282681396     19.64930444966027
-1.6729137642100085     20.86255634417696
-1.636737500151881     22.240661352528033
-1.6005612360937498     23.74418193473336
-1.5643849720356187     25.32737828794583
-1.528208707977491     26.947256797193045
-1.49203244391936     28.569710569068466
-1.4558561798612324     30.17101496446258
-1.4196799158031013     31.735851969152115
-1.3835036517449737     33.25470493133233
-1.3473273876868426     34.722828797545546
-1.311151123628715     36.14089181815811
-1.2749748595705839     37.515733348278665
-1.2387985955124563     38.85979206232162
-1.2026223314543252     40.1892230267356
-1.166446067396194     41.52196176167577
-1.1302698033380665     42.876824552179556
-1.0940935392799354     44.2734130107318
-1.0579172752218078     45.73141248130156
-1.0217410111636767     47.26789601227121
-0.9855647471055491     48.892452736851574
-0.949388483047418     50.601493382644065
-0.9132122189892904     52.37400836987759
-0.8770359549311593     54.170827481890996
-0.8408596908730281     55.93798774788496
-0.8046834268149006     57.612646402396386
-0.7685071627567694     59.12827716477656
-0.7323308986986419     60.41621133460715
-0.6961546346405107     61.403608932400935
-0.6599783705823832     62.01220009691796
-0.623802106524252     62.164238553919766
-0.5876258424661245     61.79911370335532
-0.5514495784079934     60.89643651102697
-0.5152733143498622     59.493832933667676
-0.47909705029173466     57.686279206026065
-0.44292078623360354     55.60141641547555
-0.40674452217547596     53.35843526881484
-0.37056825811734484     51.02873712284196
-0.33439199405921727     48.617379897486416
-0.29821573000108614     46.07411964972959
-0.26203946594295857     43.32761407143012
-0.22586320188482745     40.32517586392221
-0.18968693782669632     37.05958912599178
-0.15351067376856875     33.57352652158808
-0.11733440971043763     29.944836180038607
-0.08115814565231005     26.26481386453592
-0.04498188159417893     22.622213269459866
-0.008805617536051358     19.099154762630913
0.027370646522079767     15.776192600789132
0.06354691058020734     12.738066008766083
0.09972317463833846     10.071953794108314
0.13589943869646604     7.8554231454544166
0.17207570275459716     6.1380523091599635
0.20825196681272828     4.924981352930665
0.24442823087085586     4.170365466015522
0.280604494928987     3.7844653775152812
0.31678075898711455     3.652353102812393
0.3529570230452457     3.6577103964122815
0.38913328710337325     3.7037494500870047
0.4253095511615044     3.725144203949494
0.46148581521963195     3.688897575011937
0.49766207927776307     3.5864103230280393
0.5338383433358942     3.4218605901413985
0.5700146073940218     3.202344928857402
0.6061908714521529     2.9332283900860876
0.6423671355102805     2.6189793723079737
0.6785433995684116     2.267028108988328
0.7147196636265392     1.8911341062443976
0.7508959276846703     1.5116721057173215
0.7870721917427979     1.1523974807237025
0.823248455800929     0.83532087717475
0.8594247198590601     0.5762221819501079
0.8956009839171877     0.3827831510140529
0.9317772479753188     0.25585794829171904
0.9679535120334464     0.19291655775460353
1.0041297760915775     0.19184635739933525
1.040306040149705     0.2532593139043993
1.0764823042078362     0.3800573868565402
1.1126585682659638     0.5740167124026933
1.148834832324095     0.8303641446539571
1.185011096382226     1.1324670127131464
1.2211873604403536     1.4493633764338834
1.2573636244984847     1.7383731961410374
1.2935398885566123     1.953244670918986
1.3297161526147434     2.0557519981240846
1.365892416672871     2.026616990299517
1.402068680731002     1.8713527041459543
1.4382449447891297     1.6185328696478976
1.4744212088472608     1.3112001433613185
1.5105974729053884     0.9949424531025419
1.5467737369635195     0.7071450094169263
1.5829500010216506     0.4707614558014977
1.6191262650797782     0.29354680020857843
1.6553025291379093     0.1714551568378669
1.691478793196037     0.09382011104647682
1.727655057254168     0.048146069577091964
1.7638313213122956     0.023312134271042024
1.8000075853704267     0.011025135045492025
1.8361838494285543     0.006005006755833087
1.8723601134866854     0.0055586636580876436
1.9085363775448165     0.009049969623777182
1.944712641602944     0.01750375205488131
1.9808889056610752     0.03332794695578613
2.017065169719203     0.05996428597556062
2.053241433777334     0.10121913816500588
2.0894176978354615     0.16011605348889615
2.1255939618935926     0.23736322634685292
2.16177022595172     0.32988014292857115
2.1979464900098513     0.43010792974153633
2.2341227540679824     0.5268105132251566
2.27029901812611     0.6076176630851047
2.306475282184241     0.6627639697505349
2.3426515462423687     0.6887065112367531
2.3788278103005     0.6900273677166437
2.4150040743586274     0.6785256101338722
2.4511803384167585     0.6695477396506027
2.487356602474886     0.6768755175054414
2.5235328665330172     0.7082389205522347
2.5597091305911484     0.7633273948200199
2.595885394649276     0.8350732005646523
2.632061658707407     0.9134797111661515
2.6682379227655346     0.9901059680974362
2.7044141868236657     1.0611083284916933
2.7405904508817933     1.1276167281134732
2.7767667149399244     1.19372058357211
2.812942978998052     1.2636148224444577
2.849119243056183     1.3397884601261922
2.8852955071143107     1.423380973943875
2.921471771172442     1.5164890215907845
2.957648035230573     1.6250607007074136
2.9938242992887005     1.7606149776784212
3.0300005633468317     1.9394273974105294
3.0661768274049592     2.1787330328046477
3.1023530914630904     2.4905678887785774
3.138529355521218     2.874857007566064
3.174705619579349     3.3140414957567894
3.2108818836374766     3.7716215234241397
3.2470581476956077     4.1962046996117675
3.283234411753739     4.531006416363232
3.3194106758118664     4.726741703473022
3.3555869398699976     4.754316083684028
3.391763203928125     4.613433413663641
3.4279394679862563     4.3344202882340115
3.464115732044384     3.972712626187266
3.500291996102515     3.597577222665899
3.5364682601606425     3.277890960844497
3.5726445242187737     3.0679763490243506
3.608820788276905     2.9960862638951222
3.6449970523350324     3.0577652556836967
3.6811733163931635     3.216062026431999
3.717349580451291     3.4098173000210332
3.753525844509422     3.569351034999666
3.7897021085675497     3.6360232431568575
3.825878372625681     3.5796774568865937
3.8620546366838084     3.407620352357173
3.8982309007419396     3.161383692974145
3.9344071648000707     2.9022019013074547
3.9705834288581983     2.6907160735149676
4.006759692916329     2.5686044902113667
4.042935956974457     2.5486083927334575
4.079112221032588     2.6155051015754305
4.115288485090716     2.7359746846577164
4.151464749148847     2.872150061654859
4.187641013206974     2.9931547871990527
4.2238172772651055     3.0809386745966716
4.259993541323233     3.129898848813105
4.296169805381364     3.142459974828888
4.332346069439495     3.1238564130047597
4.368522333497623     3.078700763953868
4.404698597555754     3.010294613865407
4.440874861613882     2.922060706412946
4.477051125672013     2.8196280453822284
4.51322738973014     2.71207682830229
4.549403653788271     2.611357620082027
4.585579917846399     2.529629850234041
4.62175618190453     2.475084176396547
4.657932445962661     2.4476438875114837
4.694108710020789     2.4365200850930058
4.73028497407892     2.4214515032279005
4.7664612381370475     2.378252875811243
4.802637502195179     2.2872844508295733
4.838813766253306     2.1416078845198836
4.874990030311437     1.951091209064417
4.911166294369565     1.7401400572001449
4.947342558427696     1.5395201336943414
4.983518822485827     1.37548362394499
5.019695086543955     1.2606818273733236
5.055871350602086     1.1905141946170958
5.092047614660213     1.1461126649912465
5.1282238787183445     1.1023278081170584
5.164400142776472     1.0371777686403825
5.200576406834603     0.9390024254420003
5.236752670892731     0.8089563548277213
5.272928934950862     0.6586749889685247
5.309105199008993     0.5048750781015404
5.345281463067121     0.36348758705868256
5.381457727125252     0.24549650798265027
5.417633991183379     0.1554357303579331
5.45381025524151     0.09222330484593783
5.489986519299638     0.05126532026736361
5.526162783357769     0.02669621523855538
5.562339047415897     0.013022403093433665
5.598515311474028     0.005950216683410249
5.634691575532155     0.002546632329869469
5.6708678395902865     0.0010209087010542846
5.707044103648418     0.0003833471110324151
5.743220367706545     0.0001348281893025915
5.779396631764676     4.441724776695523e-05
5.815572895822804     1.3705806277197678e-05
5.851749159880935     3.961314234480907e-06
5.887925423939063     1.07239709257429e-06
5.924101687997194     2.7192774110423475e-07
5.960277952055321     6.458518603173824e-08
5.996454216113452     1.4367916800836864e-08
6.0326304801715835     2.993892285547336e-09
6.068806744229711     5.843324541414155e-10
6.104983008287842     1.068231328839327e-10
6.14115927234597     1.8291616075004923e-11
6.177335536404101     2.933731112556391e-12
6.2135118004622285     4.4072734563128903e-13
6.24968806452036     6.201562867161313e-14
6.285864328578487     8.173607234891539e-15
6.322040592636618     1.0090387395498803e-15
6.3582168566947495     1.166764968160316e-16
6.394393120752877     1.2636909492507253e-17
6.430569384811008     1.2821446312791426e-18
6.466745648869136     1.2371172990814965e-19
6.502921912927267     3.047163974739056e-20
6.539098176985394     1.911348647915247e-19
6.5752744410435255     1.7268099361680016e-18
6.611450705101653     1.4680937967988092e-17
6.647626969159784     1.1691277670924453e-16
6.683803233217915     8.720708262055009e-16
6.719979497276043     6.09288531221303e-15
6.756155761334174     3.987270595014432e-14
6.792332025392302     2.4440488266001997e-13
6.828508289450433     1.4032191645629209e-12
6.86468455350856     7.546100747788257e-12
6.9008608175666915     3.801028743905293e-11
6.937037081624819     1.793333961297282e-10
6.97321334568295     7.925061839977935e-10
7.009389609741081     3.2803910583909983e-09
7.045565873799209     1.2718329205832283e-08
7.08174213785734     4.618660146737831e-08
7.1179184019154675     1.5710264183713475e-07
7.154094665973599     5.005328329465097e-07
7.190270930031726     1.4936999770710879e-06
7.226447194089857     4.175188826892784e-06
7.262623458147985     1.0931285231561281e-05
7.298799722206116     2.6807076829127308e-05
7.334975986264244     6.157611047130739e-05
7.371152250322375     0.00013248364837121568
7.407328514380506     0.000266995857377511
7.4435047784386335     0.0005040206053923939
7.479681042496765     0.0008912734857988095
7.515857306554892     0.0014764718843137759
7.552033570613023     0.002291669099239599
7.588209834671151     0.003333539724013472
7.624386098729282     0.004546750148606087
7.6605623627874095     0.0058202372624767355
7.696738626845541     0.007004479103898061
7.732914890903672     0.007950552502285295
7.769091154961799     0.008561133184235455
7.8052674190199305     0.00883481165507856
7.841443683078058     0.008883699872155282
7.877619947136189     0.008912563770507916
7.913796211194317     0.00916272963988801
7.949972475252448     0.009838923258675013
7.9861487393105755     0.011044843901700619
8.022325003368707     0.012749911806500808
8.058501267426838     0.014796759199034603
8.094677531484965     0.016942679690823203
8.130853795543096     0.01891617925460467
8.167030059601224     0.02046769924920012
8.203206323659355     0.021401859819756692
8.239382587717483     0.021591480323891098
8.275558851775614     0.020982622959807094
8.311735115833741     0.019599415140667403
8.347911379891872     0.017549087773820807
8.384087643950004     0.015019220096967163
8.420263908008131     0.012258208373815865
8.456440172066262     0.009537804118626104
8.49261643612439     0.007107305775752256
8.528792700182521     0.005154508607257655
8.564968964240649     0.0037849431689696562
8.60114522829878     0.0030212471612683844
8.637321492356907     0.0028156749159187963
8.673497756415038     0.003066231501134168
8.709674020473166     0.00363110134014474
8.745850284531297     0.004342643842505747
8.782026548589428     0.005025830988580004
8.818202812647556     0.005523860719250039
8.854379076705687     0.005727390038166594
8.890555340763814     0.005598014728766935
8.926731604821946     0.005175681436979275
8.962907868880073     0.004564859008987554
8.999084132938204     0.003902817690260932
9.035260396996332     0.0033206060664857416
9.071436661054463     0.0029097193496015372
9.107612925112594     0.002704478690267029
9.143789189170722     0.0026838959785360664
9.179965453228853     0.0027901735821779204
9.21614171728698     0.002956060064116585
9.252317981345112     0.0031309969842991444
9.288494245403239     0.0032967020787948555
9.32467050946137     0.0034665960086800885
9.360846773519498     0.0036696302655326333
9.397023037577629     0.003925694106840181
9.43319930163576     0.0042239887536687035
9.469375565693888     0.004515098275407789
9.505551829752019     0.004721602148703135
9.541728093810146     0.004763431507922344
9.577904357868277     0.0045870552716069804
9.614080621926405     0.004185753132369437
9.650256885984536     0.003602651238986147
9.686433150042664     0.002916371484562997
9.722609414100795     0.002216637427253738
9.758785678158926     0.00158030239458308
9.794961942217054     0.0010561441985998772
9.831138206275185     0.0006614459496756793
9.867314470333316     0.0003881207184430179
9.903490734391443     0.00021334889965617758
9.939666998449571     0.00010985947903869503
9.975843262507698     5.2991500579102707e-05
10.012019526565833     2.395091449299424e-05
10.04819579062396     1.017197274898736e-05
10.084372054682088     4.162272649049413e-06
10.120548318740223     1.9840507617698286e-06
10.15672458279835     2.0742833088980224e-06
10.192900846856478     4.768311386168397e-06
10.229077110914606     1.2791982096118884e-05
10.26525337497274     3.308559847181651e-05
10.301429639030868     8.046086206066357e-05
10.337605903088996     0.00018350615568432784
10.373782167147123     0.0003925134577321599
10.409958431205258     0.0007877635155185876
10.446134695263385     0.0014844670473978503
10.482310959321513     0.002628993860325432
10.518487223379648     0.004381439032734623
10.554663487437775     0.0068836388337998496
10.590839751495903     0.01021926169192203
10.62701601555403     0.014380350771348006
10.663192279612165     0.01925722844781511
10.699368543670293     0.024661751568841463
10.73554480772842     0.03037879681023951
10.771721071786548     0.03622552425169854
10.807897335844682     0.04209258149818896
10.84407359990281     0.04795045792452677
10.880249863960938     0.05382191736475778
10.916426128019072     0.05973574309386047
10.9526023920772     0.06567951926330488
10.988778656135327     0.07156212993134999
11.024954920193455     0.07718995614906307
11.06113118425159     0.08226143276968023
11.097307448309717     0.08638957659801441
11.133483712367845     0.08916132240711377
11.16965997642598     0.09022972119799785
11.205836240484107     0.08941519320191517
11.242012504542235     0.08677863062847797
11.278188768600362     0.08263414674641549
11.314365032658497     0.07749351295713226
11.350541296716624     0.07196562637051794
11.386717560774752     0.06665424555078753
11.42289382483288     0.06209252256515343
11.459070088891014     0.05872514775591692
11.495246352949142     0.05691549048214644
11.53142261700727     0.05693886070366981
11.567598881065404     0.05893680271257688
11.603775145123532     0.06284361012160727
11.63995140918166     0.0683303966898798
11.676127673239787     0.07481844145667035
11.712303937297921     0.08158363189814889
11.748480201356049     0.08792358617653336
11.784656465414177     0.0933195729684631
11.820832729472311     0.09752275094781998
11.857008993530439     0.10053190076604858
11.893185257588566     0.10248563544915539
11.929361521646694     0.10353283320292288
11.965537785704829     0.10374794226427221
12.001714049762956     0.1031243794285756
12.037890313821084     0.10163256356759343
12.074066577879211     0.09929747085534056
12.110242841937346     0.09624947244574622
12.146419105995474     0.09272660510397503
12.182595370053601     0.08903703799203498
12.218771634111736     0.08550814507310645
12.254947898169863     0.08244626772239912
12.291124162227991     0.08011622138076434
12.327300426286119     0.07873544073665897
12.363476690344253     0.07847326421653648
12.39965295440238     0.07944994611949689
12.435829218460508     0.08173466536207635
12.472005482518636     0.08534126274681847
12.50818174657677     0.09021673403610642
12.544358010634898     0.09621823586001266
12.580534274693026     0.10308438960444011
12.61671053875116     0.11042148835600218
12.652886802809288     0.11773251343858243
12.689063066867416     0.12450594223497397
12.725239330925543     0.13035301688671178
12.761415594983678     0.13515086137081875
12.797591859041805     0.13913403416126638
12.833768123099933     0.1428898338390226
12.869944387158068     0.14724728793898217
12.906120651216195     0.15308745499397722
12.942296915274323     0.1611246947955657
12.97847317933245     0.17170905414311843
13.014649443390585     0.18468825413623408
13.050825707448713     0.1993581820822291
13.08700197150684     0.21452766883430527
13.123178235564968     0.22871532974893305
13.159354499623102     0.2404664653950926
13.19553076368123     0.248723911979903
13.231707027739358     0.25313261204027854
13.267883291797492     0.25414496311785606
13.30405955585562     0.2528512895285247
13.340235819913747     0.2505741741268105
13.376412083971875     0.24838067802445649
13.41258834803001     0.24671530298411298
13.448764612088137     0.24530570765855575
13.484940876146265     0.2433681002545964
13.521117140204392     0.24000825373725168
13.557293404262527     0.23464431400420438
13.593469668320655     0.2272947658165927
13.629645932378782     0.2186544343709446
13.665822196436917     0.20997145015301644
13.701998460495044     0.20279463805062636
13.738174724553172     0.19867009078686074
13.7743509886113     0.19884442357657695
13.810527252669434     0.20401017856472237
13.846703516727562     0.21412682889308007
13.88287978078569     0.22836560889618115
13.919056044843824     0.2452317623520996
13.955232308901952     0.26288393827262846
13.99140857296008     0.2795923222804496
14.027584837018207     0.2941905204912175
14.063761101076341     0.30634248403326014
14.099937365134469     0.31650745112672435
14.136113629192597     0.3256253869886604
14.172289893250724     0.3346839819386277
14.208466157308859     0.34437543745953597
14.244642421366986     0.3549715693701958
14.280818685425114     0.36639057834053934
14.316994949483249     0.3783049277177761
14.353171213541376     0.39013493059754983
14.389347477599504     0.40089252041402035
14.425523741657631     0.4090012869646554
14.461700005715766     0.41230552464985976
14.497876269773894     0.408421071075245
14.534052533832021     0.3953973849607761
14.570228797890156     0.372460150871655
14.606405061948283     0.34051021104785373
14.642581326006411     0.3021302543790603
14.678757590064539     0.26105807674242965
14.714933854122673     0.2213125124535736
14.7511101181808     0.18628918890663276
14.787286382238928     0.15812413831150224
14.823462646297056     0.1374834340168404
14.85963891035519     0.12375921292005496
14.895815174413318     0.11552000100309771
14.931991438471446     0.11101982114419866
14.96816770252958     0.10861047047678916
15.004343966587708     0.1069854486916516
15.040520230645836     0.10526522705326372
15.076696494703963     0.10297885717250008
15.112872758762098     0.0999986208513755
15.149049022820225     0.09645830493302769
15.185225286878353     0.09265816114603984
15.22140155093648     0.08895088558538368
15.257577814994615     0.08561597364998552
15.293754079052743     0.08275116823636695
15.32993034311087     0.0802205476696174
15.366106607169005     0.07768747195191082
15.402282871227133     0.07472952049540617
15.43845913528526     0.07099634386874637
15.474635399343388     0.06634884264174636
15.510811663401523     0.060922366623567356
15.54698792745965     0.05508770846691273
15.583164191517778     0.04932750859065404
15.619340455575912     0.0440810004581156
15.65551671963404     0.03961979191069767
15.691692983692167     0.03599832495786108
15.727869247750295     0.03308648991365745
15.76404551180843     0.030657655234952938
15.800221775866557     0.028488476270961724
15.836398039924685     0.02643158464728333
15.872574303982812     0.024441932226909144
15.908750568040947     0.02256020749802572
15.944926832099075     0.02087206956798303
15.981103096157202     0.019465539820303367
16.017279360215337     0.018402471350791337
16.053455624273465     0.017708940945867526
16.089631888331592     0.017379478354218922
16.12580815238972     0.01738515690634031
16.161984416447854     0.017676773785684316
16.198160680505982     0.018180118590415226
16.23433694456411     0.01878747226023245
16.270513208622244     0.019354347711366272
16.30668947268037     0.019710330736275428
16.3428657367385     0.0196871582837885
16.379042000796627     0.019158223420777068
16.41521826485476     0.01807606639851087
16.45139452891289     0.01649259425794555
16.487570792971017     0.014552444659339142
16.523747057029144     0.012460547450061416
16.55992332108728     0.010435086325093485
16.596099585145407     0.008661638950523158
16.632275849203534     0.0072616088753186545
16.66845211326167     0.00628057621882612
16.704628377319796     0.005694415222756188
16.740804641377924     0.005426603976927325
16.77698090543605     0.005369958118664924
16.813157169494186     0.0054083505087244976
16.849333433552314     0.005436284458477697
16.88550969761044     0.005374948012367552
16.92168596166857     0.005182889387909441
16.957862225726704     0.00485920807058656
16.99403848978483     0.004438391992494541
17.03021475384296     0.003978499498888399
17.066391017901093     0.0035467692451658277
17.10256728195922     0.003207222125164977
17.13874354601735     0.00301286898671913
17.174919810075476     0.003001948167765163
17.21109607413361     0.0031953388698467257
17.24727233819174     0.003592549333926322
17.283448602249866     0.004166388376886326
17.319624866308     0.004859772806291297
17.355801130366128     0.005589618274560895
17.391977394424256     0.006260846445005168
17.428153658482383     0.006788721931748768
17.464329922540518     0.007122526605211671
17.500506186598646     0.00726114144476951
17.536682450656773     0.007253261137950157
17.5728587147149     0.007180940751654222
17.609034978773035     0.007131998673874912
17.645211242831163     0.007171165475577874
17.68138750688929     0.0073200665238994135
17.717563770947425     0.007552692584542413
17.753740035005553     0.007807837757966123
17.78991629906368     0.008014922539657248
17.826092563121808     0.008125768765975016
17.862268827179943     0.008142770720315485
17.89844509123807     0.008133879673679791
17.934621355296198     0.008227185284535896
17.970797619354325     0.008582635443520238
18.00697388341246     0.009345053774224385
18.043150147470588     0.010589827571619748
18.079326411528715     0.012278226410571273
18.11550267558685     0.01424025788444614
18.151678939644977     0.016196751235731797
18.187855203703105     0.017819238418312223
18.224031467761233     0.018810766681701178
18.260207731819367     0.018980627815497943
18.296383995877495     0.018287341895708634
18.332560259935622     0.01683731128320991
18.368736523993757     0.01484467085452241
18.404912788051885     0.012571465909815735
18.441089052110012     0.0102702067888788
18.47726531616814     0.008143814986080647
18.513441580226274     0.006327082481927829
18.549617844284402     0.0048855489483536916
18.58579410834253     0.0038249994947770704
18.621970372400657     0.0031061688194201137
18.658146636458792     0.0026614930641364986
18.69432290051692     0.0024117763303827373
18.730499164575047     0.002280528030699319
18.76667542863318     0.0022038065249276742
18.80285169269131     0.0021345751886843486
18.839027956749437     0.002042456447362001
18.875204220807564     0.0019111403058734212
18.9113804848657     0.001735658150064752
18.947556748923827     0.001520451887991291
18.983733012981954     0.0012777310284764235
19.01990927704009     0.0010250778443705976
19.056085541098216     0.0007818678087433276
19.092261805156344     0.0005651621087933344
19.12843806921447     0.00038638615684455444
19.164614333272606     0.00024988107052247884
19.200790597330734     0.00015355263054712026
19.23696686138886     9.096925155224253e-05
19.27314312544699     5.386906542673966e-05
19.309319389505124     3.420606570536058e-05
19.34549565356325     2.5339726020663557e-05
19.38167191762138     2.2421404819312892e-05
19.417848181679513     2.226275608128525e-05
19.45402444573764     2.298198927105992e-05
19.49020070979577     2.361851647299908e-05
19.526376973853896     2.3796057762806376e-05
19.56255323791203     2.3454303789697817e-05
19.59872950197016     2.2657213996313684e-05
19.634905766028286     2.1492222412036308e-05
19.671082030086414     2.0076127667108678e-05
19.707258294144548     1.8680400011293695e-05
19.743434558202676     1.799741259403169e-05
19.779610822260803     1.9600321817267407e-05
19.815787086318938     2.6684928547736057e-05
19.851963350377066     4.5165304283518506e-05
19.888139614435193     8.504649879826455e-05
19.92431587849332     0.00016166388386753132
19.960492142551455     0.00029591368296458124
19.996668406609583     0.0005122397335694303
20.03284467066771     0.0008332926695028656
20.069020934725845     0.0012712195138555684
20.105197198783973     0.001817468588719164
20.1413734628421     0.0024351007532151837
20.177549726900228     0.003058560117117597
20.213725990958363     0.003604419756869423
20.24990225501649     0.003992601077739564
20.286078519074618     0.004172448180496954
20.322254783132745     0.00414443148894193
20.35843104719088     0.003968371504167964
20.394607311249008     0.0037532436513768703
20.430783575307135     0.003630044580615374
20.46695983936527     0.0037151417716447172
20.503136103423397     0.004074963242956168
20.539312367481525     0.0047031635234097546
20.575488631539653     0.005518699551721894
20.611664895597787     0.006387805363974248
20.647841159655915     0.007165187160188078
20.684017423714042     0.007741715669196932
20.72019368777217     0.008081018793579729
20.756369951830305     0.008229373412830367
20.792546215888432     0.00829313486492481
20.82872247994656     0.008392009669231744
20.864898744004694     0.0086077716004002
20.901075008062822     0.008950191016292422
20.93725127212095     0.009353479166792224
20.973427536179077     0.009702035575769737
21.009603800237212     0.009871682056030196
21.04578006429534     0.009768235989531167
21.081956328353467     0.00935023130762133
21.1181325924116     0.008632450437037725
21.15430885646973     0.007675362973262343
21.190485120527857     0.006568590052736805
21.226661384585984     0.005414456161156918
21.26283764864412     0.004313842596332306
21.299013912702247     0.0033541058363563644
21.335190176760374     0.0025987279731483656
21.371366440818502     0.0020795095838706894
21.407542704876636     0.0017929277210144486
21.443718968934764     0.0017020544481387771
21.47989523299289     0.0017443957074880583
21.516071497051026     0.0018446583575753535
21.552247761109154     0.0019300962010920263
21.588424025167278     0.0019450019079411812
