-22.148679221111326     1.2460110466155023e-05
-22.112502957053195     1.8148015447809488e-05
-22.076326692995067     2.6670129872902767e-05
-22.040150428936936     3.906873502446337e-05
-22.00397416487881     5.624558282958837e-05
-21.967797900820678     7.858583149570305e-05
-21.93162163676255     0.00010555644121612469
-21.89544537270442     0.0001354419697590709
-21.85926910864629     0.00016539184044561594
-21.82309284458816     0.00019187090418369958
-21.78691658053003     0.00021144245184158997
-21.7507403164719     0.000221642587602675
-21.71456405241377     0.00022162514285460974
-21.678387788355643     0.00021232670715023435
-21.64221152429751     0.00019609675713064357
-21.606035260239384     0.0001759587800755431
-21.569858996181253     0.0001548029419753105
-21.533682732123125     0.0001348028096521587
-21.497506468064994     0.00011722277264945343
-21.461330204006863     0.00010261912853589796
-21.425153939948736     9.131986084091581e-05
-21.388977675890605     8.404034495249838e-05
-21.352801411832477     8.254257026266169e-05
-21.316625147774346     9.031287692791596e-05
-21.28044888371622     0.00011323449535222326
-21.244272619658087     0.00016010566766370905
-21.20809635559996     0.00024261828207881208
-21.17192009154183     0.0003741988248615672
-21.1357438274837     0.0005671535558173829
-21.09956756342557     0.0008280661719598584
-21.06339129936744     0.0011523717377233801
-21.02721503530931     0.0015201102125968736
-20.99103877125118     0.0018953638328261717
-20.954862507193052     0.002231160443301404
-20.91868624313492     0.0024795945828338106
-20.882509979076794     0.0026043610304946423
-20.846333715018663     0.002591191663770776
-20.810157450960535     0.002451997052829571
-20.773981186902404     0.0022209371052513737
-20.737804922844273     0.0019440125829698202
-20.701628658786145     0.0016663248548249938
-20.665452394728014     0.0014216469438124376
-20.629276130669886     0.0012273639760970287
-20.593099866611755     0.0010852458403068253
-20.556923602553628     0.0009862869733462667
-20.520747338495497     0.0009168741195553186
-20.48457107443737     0.0008639005192964418
-20.448394810379238     0.0008176054306203043
-20.412218546321107     0.0007721722138069
-20.37604228226298     0.0007249309324638526
-20.339866018204848     0.0006751835117867588
-20.30368975414672     0.0006233299150728622
-20.26751349008859     0.0005704502735863003
-20.231337226030462     0.0005181224825553571
-20.19516096197233     0.0004681898918871289
-20.158984697914203     0.0004223741587905046
-20.122808433856072     0.00038185068682388134
-20.086632169797944     0.0003469908325601049
-20.050455905739813     0.0003173891174153389
-20.014279641681682     0.00029213030843469736
-19.978103377623555     0.0002701383388824583
-19.941927113565423     0.0002504493815012332
-19.905750849507296     0.00023233690474040958
-19.869574585449165     0.00021531295340965624
-19.833398321391037     0.00019907876906520434
-19.797222057332906     0.00018348777498742794
-19.761045793274775     0.00016854097175955443
-19.724869529216647     0.00015439412378853595
-19.688693265158516     0.00014134007362197833
-19.65251700110039     0.00012974152365896887
-19.616340737042258     0.00011991925324630327
-19.58016447298413     0.00011203145012272192
-19.543988208926     0.00010599557294022868
-19.50781194486787     0.00010149514270445222
-19.47163568080974     9.808138711782963e-05
-19.435459416751613     9.53372719313319e-05
-19.39928315269348     9.303964053695188e-05
-19.36310688863535     9.125078209728614e-05
-19.326930624577223     9.029694387496766e-05
-19.29075436051909     9.063533151620488e-05
-19.254578096460964     9.265212660744158e-05
-19.218401832402833     9.645584491800134e-05
-19.182225568344705     0.00010172983860072174
-19.146049304286574     0.00010769236033718125
-19.109873040228447     0.00011319031002497217
-19.073696776170316     0.00011692481476419992
-19.037520512112188     0.00011777120204550365
-19.001344248054057     0.00011511819626576218
-18.965167983995926     0.00010912884724670646
-18.928991719937798     0.00010083790644501345
-18.892815455879667     9.204885975099953e-05
-18.85663919182154     8.505458004431102e-05
-18.82046292776341     8.224375919284422e-05
-18.78428666370528     8.565474718007616e-05
-18.74811039964715     9.651903320837656e-05
-18.71193413558902     0.000114838976470122
-18.67575787153089     0.00013908931576056956
-18.63958160747276     0.000166188788241615
-18.603405343414632     0.00019188641311784527
-18.5672290793565     0.00021159280763762857
-18.531052815298374     0.00022148332141623103
-18.494876551240242     0.00021951542273464635
-18.458700287182115     0.00020596768428574261
-18.422524023123984     0.000183276239776386
-18.386347759065856     0.00015524199054107156
-18.350171495007725     0.00012594433837337818
-18.313995230949594     9.8780744206419e-05
-18.277818966891466     7.59268129742701e-05
-18.241642702833335     5.8274914431980174e-05
-18.205466438775208     4.570573461557121e-05
-18.169290174717077     3.7472923156085046e-05
-18.13311391065895     3.2535354629118313e-05
-18.096937646600818     2.978107979058995e-05
-18.060761382542687     2.8170209852267978e-05
-18.02458511848456     2.684291508317174e-05
-17.98840885442643     2.520895439884489e-05
-17.9522325903683     2.2998936867372464e-05
-17.91605632631017     2.024827622930895e-05
-17.87988006225204     1.7207438689970563e-05
-17.84370379819391     1.4206926657342486e-05
-17.807527534135783     1.1526985527205093e-05
-17.771351270077652     9.316971815739391e-06
-17.735175006019524     7.582791596171309e-06
-17.698998741961393     6.229693929602061e-06
-17.662822477903262     5.128371920260156e-06
-17.626646213845135     4.1715800588734e-06
-17.590469949787003     3.3021312903904122e-06
-17.554293685728876     2.51101630722735e-06
-17.518117421670745     1.8171392140029065e-06
-17.481941157612617     1.243676694691728e-06
-17.445764893554486     8.018862438137614e-07
-17.409588629496355     4.859324549291641e-07
-17.373412365438227     2.7636630975038695e-07
-17.3372361013801     1.4739414962141374e-07
-17.30105983732197     7.368018598023273e-08
-17.264883573263837     3.4512284361727474e-08
-17.22870730920571     1.514529544082593e-08
-17.19253104514758     6.226174167155822e-09
-17.15635478108945     2.397618403388781e-09
-17.12017851703132     8.648485550136875e-10
-17.084002252973193     2.922086478464553e-10
-17.04782598891506     9.247711684844681e-11
-17.01164972485693     2.7413274879782425e-11
-16.975473460798803     7.611519244538343e-12
-16.939297196740675     1.979541500537888e-12
-16.903120932682544     4.822143643395269e-13
-16.866944668624413     1.100265804716796e-13
-16.830768404566285     2.3514558770146116e-14
-16.794592140508154     4.707146153123465e-15
-16.758415876450027     8.825922192689857e-16
-16.722239612391895     1.5500440054488124e-16
-16.686063348333768     2.5498196227195673e-17
-16.649887084275637     3.928767908750729e-18
-16.613710820217506     5.670022576199877e-19
-16.577534556159378     7.664727626870184e-20
-16.541358292101247     9.708626798779008e-21
-16.50518202804312     1.1881418273366759e-21
-16.46900576398499     4.65038281231139e-22
-16.43282949992686     2.8770855591600133e-21
-16.39665323586873     2.2783394829632558e-20
-16.3604769718106     1.6975757575297315e-19
-16.32430070775247     1.1848011473609238e-18
-16.288124443694343     7.745394165917477e-18
-16.251948179636212     4.742671525730137e-17
-16.21577191557808     2.720094739597296e-16
-16.179595651519953     1.4612565654811042e-15
-16.143419387461822     7.352759847504743e-15
-16.107243123403695     3.4654189710522347e-14
-16.071066859345564     1.5298278989558726e-13
-16.034890595287436     6.325733130802238e-13
-15.998714331229305     2.449969153380833e-12
-15.962538067171176     8.887749955038605e-12
-15.926361803113046     3.0199830145975195e-11
-15.890185539054917     9.611665182581857e-11
-15.854009274996788     2.86532724094654e-10
-15.817833010938656     8.000760764160962e-10
-15.781656746880529     2.0925208854550732e-09
-15.745480482822398     5.12613193048223e-09
-15.709304218764268     1.1762272007774706e-08
-15.673127954706139     2.527982822398735e-08
-15.63695169064801     5.0890706471365406e-08
-15.60077542658988     9.595868816885291e-08
-15.564599162531751     1.6947731917020343e-07
-15.528422898473622     2.8036276222046623e-07
-15.49224663441549     4.3442072469182695e-07
-15.456070370357363     6.304958065954874e-07
-15.419894106299232     8.571075688314025e-07
-15.383717842241104     1.0913647417414466e-06
-15.347541578182973     1.3016252627642593e-06
-15.311365314124844     1.4540638590423354e-06
-15.275189050066714     1.5214667027319685e-06
-15.239012786008585     1.4911553310445282e-06
-15.202836521950456     1.3688781136914534e-06
-15.166660257892325     1.1770316342940798e-06
-15.130483993834197     9.479664161448288e-07
-15.094307729776066     7.151205023331447e-07
-15.058131465717938     5.052972888063087e-07
-15.021955201659807     3.344230225756056e-07
-14.985778937601678     2.0731313955521196e-07
-14.949602673543549     1.2037573464805382e-07
-14.91342640948542     6.546852161172165e-08
-14.87725014542729     3.3350901824313985e-08
-14.841073881369159     1.5913442561257448e-08
-14.804897617311031     7.112181858448416e-09
-14.7687213532529     2.9773687737721667e-09
-14.732545089194772     1.1678231933342732e-09
-14.696368825136641     4.308706453613986e-10
-14.660192561078512     1.5761222814557033e-10
-14.624016297020383     9.277318208733371e-11
-14.587840032962253     2.038441555221563e-10
-14.551663768904124     7.474078643869316e-10
-14.515487504845993     2.7323156069237985e-09
-14.479311240787865     9.39980776678635e-09
-14.443134976729734     3.029951408522116e-08
-14.406958712671607     9.148390731423568e-08
-14.370782448613475     2.587238788091967e-07
-14.334606184555346     6.853475003028922e-07
-14.298429920497217     1.70046792080435e-06
-14.262253656439087     3.951944766585028e-06
-14.226077392380958     8.602821319909827e-06
-14.189901128322829     1.75413777896209e-05
-14.1537248642647     3.350338843737105e-05
-14.11754860020657     5.994230198341679e-05
-14.081372336148439     0.0001004684821216635
-14.04519607209031     0.00015777461590778128
-14.00901980803218     0.00023220112408478373
-13.97284354397405     0.00032041472725323104
-13.936667279915921     0.00041490823244547706
-13.900491015857792     0.0005049675642409915
-13.864314751799663     0.0005792779130332856
-13.828138487741533     0.0006295739777241017
-13.791962223683404     0.0006540419433221486
-13.755785959625275     0.0006589820499376418
-13.719609695567144     0.00065776261891476
-13.683433431509014     0.0006671727391557099
-13.647257167450885     0.0007024102756935313
-13.611080903392756     0.000772556998133371
-13.574904639334626     0.0008781727955805476
-13.538728375276497     0.0010116849112908378
-13.502552111218368     0.0011600256145033675
-13.466375847160238     0.0013080930175846384
-13.430199583102109     0.0014415192670978005
-13.394023319043978     0.0015479565103642746
-13.357847054985848     0.001617189760267676
-13.321670790927719     0.001641159502924499
-13.28549452686959     0.0016148983045692037
-13.24931826281146     0.001538475520329943
-13.213141998753331     0.001418914156490343
-13.176965734695202     0.0012705156948434738
-13.140789470637072     0.0011125636234338018
-13.104613206578943     0.0009647278347374883
-13.068436942520814     0.0008418483196991522
-13.032260678462682     0.0007502973639077013
-12.996084414404553     0.0006874787539105329
-12.959908150346424     0.0006445891335521422
-12.923731886288294     0.0006113353659826967
-12.887555622230165     0.0005805956734321037
-12.851379358172036     0.0005512919174458735
-12.815203094113906     0.0005287376600575659
-12.779026830055777     0.0005228893257743629
-12.742850565997648     0.0005457647090271665
-12.706674301939517     0.0006095752886628328
-12.670498037881387     0.0007268360433316235
-12.634321773823258     0.0009129177962255409
-12.598145509765128     0.0011902743225988641
-12.561969245707     0.0015922397555717847
-12.52579298164887     0.0021636644590066734
-12.48961671759074     0.002956834979795325
-12.453440453532611     0.0040245920850588476
-12.417264189474482     0.005417022049244994
-12.381087925416352     0.007190112175963835
-12.344911661358221     0.009430325432228378
-12.308735397300092     0.012287032217566485
-12.272559133241963     0.01599022115281677
-12.236382869183833     0.020825112448455807
-12.200206605125704     0.02704980667665091
-12.164030341067575     0.03477896708650339
-12.127854077009445     0.04390045075591113
-12.091677812951316     0.05411240802803718
-12.055501548893186     0.06513619704170397
-12.019325284835055     0.07707038944687779
-11.983149020776926     0.09073814922296636
-11.946972756718797     0.10781204101956186
-11.910796492660667     0.13054304554250187
-11.874620228602538     0.16109241320671258
-11.838443964544409     0.20070551117946447
-11.80226770048628     0.2491484800479496
-11.76609143642815     0.3048172739954188
-11.72991517237002     0.3656693622796794
-11.693738908311891     0.4307049638956659
-11.65756264425376     0.5013453910132659
-11.62138638019563     0.5819515928268608
-11.585210116137501     0.6790088208498057
-11.549033852079372     0.799076460443308
-11.512857588021243     0.9461877316535604
-11.476681323963113     1.1196709820405057
-11.440505059904984     1.3131922812653283
-11.404328795846855     1.5152846285808992
-11.368152531788725     1.7110377294724304
-11.331976267730594     1.8843010798817197
-11.295800003672465     2.019837239202006
-11.259623739614335     2.105204103429555
-11.223447475556206     2.1324265027832654
-11.187271211498077     2.0994972949187596
-11.151094947439947     2.01145763667981
-11.114918683381818     1.8805286919540503
-11.078742419323689     1.7248076705517057
-11.04256615526556     1.5654723663238552
-11.00638989120743     1.4230346124867799
-10.970213627149299     1.3135938164197236
-10.93403736309117     1.2460508837067865
-10.89786109903304     1.2208977544496922
-10.86168483497491     1.2307227485172942
-10.825508570916782     1.2621740582554353
-10.789332306858652     1.2988736941749077
-10.753156042800523     1.3246424936107042
-10.716979778742393     1.3263642568361143
-10.680803514684264     1.295920336183127
-10.644627250626133     1.230892952686995
-10.608450986568004     1.1340986336697296
-10.572274722509874     1.0123160050336004
-10.536098458451745     0.8746796186082243
-10.499922194393616     0.7311171515469154
-10.463745930335486     0.5910297679039501
-10.427569666277357     0.4622884511470673
-10.391393402219228     0.35058473519735206
-10.355217138161098     0.2591751311761005
-10.319040874102969     0.18902015756242244
-10.282864610044838     0.1392298669803655
-10.246688345986708     0.10764481932743429
-10.210512081928579     0.09136907044518898
-10.17433581787045     0.08714345201761563
-10.13815955381232     0.09155837974855902
-10.101983289754191     0.10119057826393414
-10.065807025696062     0.1127658198002781
-10.029630761637932     0.12340050098407615
-9.993454497579803     0.13089285152067584
-9.957278233521672     0.13396677081690037
-9.921101969463543     0.1323558740901758
-9.884925705405413     0.12666459551862805
-9.848749441347284     0.118035754694706
-9.812573177289154     0.10774238257617877
-9.776396913231025     0.09685632799603305
-9.740220649172896     0.08610500065209714
-9.704044385114766     0.07593114140306838
-9.667868121056637     0.06667140929993408
-9.631691856998508     0.05872110649165087
-9.595515592940377     0.05257703469498974
-9.559339328882247     0.048729236751989424
-9.523163064824118     0.04745941166590611
-9.486986800765989     0.04865449317613538
-9.45081053670786     0.05173736631597953
-9.41463427264973     0.05576179373790282
-9.3784580085916     0.05964468533558491
-9.342281744533471     0.06244994935157437
-9.306105480475342     0.06361872855733725
-9.26992921641721     0.06306680906034781
-9.233752952359081     0.06112744496547344
-9.197576688300952     0.058379522422531444
-9.161400424242823     0.05543928708058771
-9.125224160184693     0.05279440999132171
-9.089047896126564     0.05072736174746608
-9.052871632068435     0.04933115514253285
-9.016695368010305     0.04858644184304893
-8.980519103952176     0.048456024268390234
-8.944342839894047     0.048958509483894554
-8.908166575835915     0.05019719769051327
-8.871990311777786     0.052335582628999164
-8.835814047719657     0.05552554656652328
-8.799637783661527     0.059809851914258715
-8.763461519603398     0.06503505926223081
-8.727285255545269     0.07081756041106058
-8.69110899148714     0.07659633773299035
-8.65493272742901     0.08177998452441004
-8.61875646337088     0.0859605825866694
-8.58258019931275     0.08913729122892364
-8.54640393525462     0.09188043719061315
-8.51022767119649     0.09537808061499355
-8.474051407138361     0.10134076451472519
-8.437875143080232     0.11179379684315506
-8.401698879022103     0.12885667366417294
-8.365522614963973     0.15468533971164233
-8.329346350905844     0.19180465703602564
-8.293170086847715     0.24403113767512294
-8.256993822789585     0.31801786854619923
-8.220817558731454     0.4251202882094066
-8.184641294673325     0.5828535026581646
-8.148465030615196     0.8148850954301456
-8.112288766557066     1.1485588516413725
-8.076112502498937     1.6095891144105954
-8.039936238440808     2.21475636252329
-8.003759974382678     2.9647359612737865
-7.967583710324549     3.8398715831362327
-7.9314074462664195     4.801108619892486
-7.895231182208288     5.79635923547803
-7.859054918150159     6.770074448421552
-7.82287865409203     7.67214528066439
-7.7867023900339     8.462619137010893
-7.750526125975771     9.111146486349611
-7.714349861917642     9.59320655314377
-7.678173597859512     9.886976957165071
-7.641997333801383     9.973927825421628
-7.605821069743254     9.843327788594147
-7.569644805685122     9.497876635227316
-7.533468541626993     8.956725386067978
-7.497292277568864     8.253789639707282
-7.461116013510734     7.432168527319393
-7.424939749452605     6.537516010583203
-7.388763485394476     5.613120014489311
-7.352587221336346     4.697678782005627
-7.316410957278217     3.8248743073102425
-7.280234693220088     3.0231352178248776
-7.244058429161958     2.314621433531791
-7.207882165103827     1.71363619710293
-7.171705901045698     1.2254214346924681
-7.1355296369875685     0.8462224187348711
-7.099353372929439     0.5648701810271803
-7.06317710887131     0.365448429309425
-7.02700084481318     0.23026282013895896
-6.990824580755051     0.14238300511537438
-6.954648316696922     0.08732978472883118
-6.918472052638792     0.05382769539204167
-6.882295788580661     0.03379796142360501
-6.846119524522532     0.021880578161281625
-6.809943260464403     0.014767477334198061
-6.773766996406273     0.010551516532935264
-6.737590732348144     0.008199358050475142
-6.7014144682900145     0.0071755968527928825
-6.665238204231885     0.0071966448344698
-6.629061940173756     0.008076054064491125
-6.5928856761156265     0.009629109880198904
-6.556709412057497     0.011620813723833305
-6.520533147999366     0.013755188036069722
-6.484356883941237     0.01570650839866117
-6.448180619883107     0.017183353775928386
-6.412004355824978     0.01800140438951623
-6.375828091766849     0.0181325064172721
-6.339651827708719     0.017704567932478894
-6.30347556365059     0.016948623445404386
-6.267299299592461     0.016114881097573013
-6.231123035534331     0.015394166408507163
-6.1949467714762     0.014876488500554915
-6.158770507418071     0.01455786940091033
-6.122594243359941     0.0143827143168755
-6.086417979301814     0.014295091079314886
-6.050241715243683     0.014274004169116488
-6.014065451185552     0.014341027218665965
-5.977889187127424     0.014544023154510668
-5.941712923069293     0.014929991434972301
-5.905536659011165     0.015520767454066145
-5.869360394953034     0.016300048005914412
-5.833184130894907     0.017213643541846735
-5.7970078668367755     0.018180229934090904
-5.760831602778648     0.01910793399413525
-5.724655338720517     0.019911942490365212
-5.688479074662389     0.020528968216570315
-5.652302810604258     0.02092553518227053
-5.616126546546127     0.02109878335666317
-5.579950282487999     0.021070670609677395
-5.543774018429868     0.020878317109031336
-5.507597754371741     0.020563943259994062
-5.47142149031361     0.020167157234370677
-5.435245226255482     0.019720831142854958
-5.399068962197351     0.019250364827020944
-5.362892698139223     0.01877532695021092
-5.326716434081092     0.01831228343595397
-5.290540170022961     0.017877803110152357
-5.2543639059648335     0.017490949716639014
-5.218187641906702     0.017174885404658564
-5.182011377848575     0.016957354497575447
-5.145835113790444     0.016869679456459438
-5.109658849732316     0.016943675071202518
-5.073482585674185     0.017206070062469
-5.037306321616057     0.017670980872272403
-5.001130057557926     0.018332394396623895
-4.964953793499795     0.019159479977430605
-4.928777529441668     0.020096935630439818
-4.8926012653835365     0.02107058388938445
-4.856425001325409     0.021996390462741062
-4.820248737267278     0.0227905186462818
-4.78407247320915     0.0233792727950107
-4.747896209151019     0.02370946289957126
-4.7117199450928915     0.02375994865269728
-4.67554368103476     0.023553324649958542
-4.639367416976629     0.02316440392290711
-4.603191152918502     0.022721727411455717
-4.5670148888603705     0.022400793092432054
-4.530838624802243     0.02241149127323328
-4.494662360744112     0.022984148147617147
-4.458486096685984     0.024356252737650637
-4.422309832627853     0.02675602051822336
-4.386133568569726     0.030373464154220285
-4.3499573045115945     0.035310199457837685
-4.313781040453467     0.041509563623436684
-4.277604776395336     0.04868700667559112
-4.241428512337205     0.056298186217002014
-4.205252248279077     0.06358534643169374
-4.169075984220946     0.06972129430986336
-4.132899720162818     0.07402702192453926
-4.096723456104687     0.07619237620520602
-4.06054719204656     0.07640659712724045
-4.0243709279884285     0.07532696154914294
-3.988194663930301     0.07387646569517825
-3.95201839987217     0.07293775748485316
-3.9158421358140387     0.07306163941883537
-3.879665871755911     0.07430663023647294
-3.84348960769778     0.07627065911993622
-3.8073133436396525     0.07829389935874187
-3.7711370795815213     0.07974259320830708
-3.7349608155233938     0.08025857294667774
-3.6987845514652626     0.0798853486653251
-3.662608287407135     0.07904117884693596
-3.626432023349004     0.07837173897748588
-3.590255759290873     0.07855438267068487
-3.5540794952327452     0.08013437239216335
-3.517903231174614     0.08345905914987362
-3.4817269671164865     0.08875233246716846
-3.4455507030583554     0.09634602295574109
-3.409374439000228     0.10705477173022533
-3.3731981749420967     0.12263935122583232
-3.337021910883969     0.14624937363587395
-3.300845646825838     0.18268310661871381
-3.264669382767707     0.23828071794626074
-3.2284931187095793     0.3203181368286207
-3.192316854651448     0.43591722241703307
-3.1561405905933206     0.5907088494877734
-3.1199643265351895     0.7876814849667854
-3.083788062477062     1.0266768220451825
-3.047611798418931     1.304757915721813
-3.0114355343608032     1.6172254284590675
-2.975259270302672     1.9586281379161579
-2.939083006244541     2.3230141198670644
-2.9029067421864134     2.703069186865384
-2.8667304781282823     3.0885448012204275
-2.8305542140701547     3.4650532916858547
-2.7943779500120236     3.814430991359158
-2.758201685953896     4.117257663456249
-2.722025421895765     4.357042178271131
-2.6858491578376373     4.524618934926986
-2.649672893779506     4.620984147268012
-2.6134966297213786     4.65731379560652
-2.5773203656632475     4.65198839589384
-2.5411441016051164     4.625592427303432
-2.504967837546989     4.5955762570494505
-2.4687915734888577     4.572317288230741
-2.43261530943073     4.557730331824518
-2.396439045372599     4.5466109328659385
-2.3602627813144714     4.5299204261159565
-2.3240865172563403     4.4986061454222765
-2.2879102531982127     4.446531366656543
-2.2517339891400816     4.371658852186881
-2.2155577250819505     4.275507615748688
-2.179381461023823     4.161646438938602
-2.143205196965692     4.034235038049283
-2.107028932907564     3.8972958951449868
-2.070852668849433     3.754752159608926
-2.0346764047913055     3.6107273887701528
-1.9985001407331744     3.469498303318387
-1.9623238766750468     3.3348451594912754
-1.9261476126169157     3.2090750157897845
-1.8899713485587846     3.0923172781995385
-1.853795084500657     2.982584558159053
-1.8176188204425259     2.8766374810325597
-1.7814425563843983     2.7712099215365855
-1.7452662923262672     2.6639679788411414
-1.7090900282681396     2.553797972007054
-1.6729137642100085     2.440470235839078
-1.636737500151881     2.324089974595954
-1.6005612360937498     2.2047952809737574
-1.5643849720356187     2.0829017751354755
-1.528208707977491     1.9593335368924611
-1.49203244391936     1.8359701054197586
-1.4558561798612324     1.715597569692863
-1.4196799158031013     1.601407372646724
-1.3835036517449737     1.4962542187526926
-1.3473273876868426     1.402001846828227
-1.311151123628715     1.319210746902282
-1.2749748595705839     1.24723532954796
-1.2387985955124563     1.1846233283323095
-1.2026223314543252     1.1296278769286794
-1.166446067396194     1.0806571916751875
-1.1302698033380665     1.0365544630152443
-1.0940935392799354     0.9966767702695603
-1.0579172752218078     0.9608040392334699
-1.0217410111636767     0.9289500472238125
-0.9855647471055491     0.9011627059438951
-0.949388483047418     0.8773880948197976
-0.9132122189892904     0.8574379884477397
-0.8770359549311593     0.841056495155121
-0.8408596908730281     0.8280390309903282
-0.8046834268149006     0.8183249264829744
-0.7685071627567694     0.81197827259402
-0.7323308986986419     0.8090116394619555
-0.6961546346405107     0.8091006107135214
-0.6599783705823832     0.8113462153340004
-0.623802106524252     0.8142873078148206
-0.5876258424661245     0.816275579268877
-0.5514495784079934     0.8161140304727189
-0.5152733143498622     0.8136444956452462
-0.47909705029173466     0.809913449252414
-0.44292078623360354     0.8067319073329667
-0.40674452217547596     0.8057944795565513
-0.37056825811734484     0.8078189292079658
-0.33439199405921727     0.8121990169268245
-0.29821573000108614     0.8173760286589318
-0.26203946594295857     0.821687711685441
-0.22586320188482745     0.8241300575290563
-0.18968693782669632     0.8244932921118128
-0.15351067376856875     0.8227247475572994
-0.11733440971043763     0.8179084589848628
-0.08115814565231005     0.8076002692742794
-0.04498188159417893     0.7881698612762276
-0.008805617536051358     0.7562776021440204
0.027370646522079767     0.7109242000211429
0.06354691058020734     0.6550507773336699
0.09972317463833846     0.5957270688300549
0.13589943869646604     0.542554702960002
0.17207570275459716     0.504745316565294
0.20825196681272828     0.4879891802311561
0.24442823087085586     0.49238207271522755
0.280604494928987     0.512255684875056
0.31678075898711455     0.5379655620431438
0.3529570230452457     0.5588991586106713
0.38913328710337325     0.5665274082366747
0.4253095511615044     0.5564104554288938
0.46148581521963195     0.5286033382759094
0.49766207927776307     0.4866088889961031
0.5338383433358942     0.4355596256507203
0.5700146073940218     0.3804637346496379
0.6061908714521529     0.3251204343701225
0.6423671355102805     0.2718766147527613
0.6785433995684116     0.221999840918046
0.7147196636265392     0.17625387431150155
0.7508959276846703     0.13531576293124534
0.7870721917427979     0.09987895007598473
0.823248455800929     0.07050385811216464
0.8594247198590601     0.0473957403115898
0.8956009839171877     0.0302784449227445
0.9317772479753188     0.018436608745449615
0.9679535120334464     0.010893206255860696
1.0041297760915775     0.006630904220849134
1.040306040149705     0.00476752371214842
1.0764823042078362     0.0046363774400802965
1.1126585682659638     0.005769947156334811
1.148834832324095     0.00781942445990615
1.185011096382226     0.01045726936897889
1.2211873604403536     0.013307773395648747
1.2573636244984847     0.015935474396625307
1.2935398885566123     0.017896859307072795
1.3297161526147434     0.01883359579997827
1.365892416672871     0.01856597387831566
1.402068680731002     0.01714340254833048
1.4382449447891297     0.0148272874528839
1.4744212088472608     0.012011844740972786
1.5105974729053884     0.009114735174974003
1.5467737369635195     0.006478688156462775
1.5829500010216506     0.004314918188756625
1.6191262650797782     0.002697698667704549
1.6553025291379093     0.0016002894466667476
1.691478793196037     0.0009556096951625116
1.727655057254168     0.0007334745552363753
1.7638313213122956     0.001046687365577032
1.8000075853704267     0.0023243571603761668
1.8361838494285543     0.0056126471795357085
1.8723601134866854     0.013063248097696623
1.9085363775448165     0.028619735827956537
1.944712641602944     0.05878041211018196
1.9808889056610752     0.11309867219748829
2.017065169719203     0.2038460164825095
2.053241433777334     0.3441769872194556
2.0894176978354615     0.5444252815840309
2.1255939618935926     0.8069584913757659
2.16177022595172     1.1211588989069001
2.1979464900098513     1.461015977352419
2.2341227540679824     1.7877434737901958
2.27029901812611     2.058290660269124
2.306475282184241     2.237933748148755
2.3426515462423687     2.3125468698615754
2.3788278103005     2.2952329906930817
2.4150040743586274     2.2236615376091646
2.4511803384167585     2.14824651532795
2.487356602474886     2.115455625953771
2.5235328665330172     2.1529519600890534
2.5597091305911484     2.2626225975057976
2.595885394649276     2.4240509269334907
2.632061658707407     2.6062852811657495
2.6682379227655346     2.7821322270655147
2.7044141868236657     2.938462360212334
2.7405904508817933     3.0785187187661514
2.7767667149399244     3.216593525832437
2.812942978998052     3.3692777246114356
2.849119243056183     3.548730433997375
2.8852955071143107     3.761590886900786
2.921471771172442     4.013574502474293
2.957648035230573     4.3165599542202555
2.9938242992887005     4.693611816265731
3.0300005633468317     5.178153692653173
3.0661768274049592     5.805732756211036
3.1023530914630904     6.599633523090527
3.138529355521218     7.554313029760784
3.174705619579349     8.622536675573702
3.2108818836374766     9.712310673782051
3.2470581476956077     10.697533610684575
3.283234411753739     11.441923321647723
3.3194106758118664     11.83067331073423
3.3555869398699976     11.800680920334809
3.391763203928125     11.359896963150849
3.4279394679862563     10.589693018128985
3.464115732044384     9.629628365634764
3.500291996102515     8.649105921820762
3.5364682601606425     7.813110863908499
3.5726445242187737     7.249216741915813
3.608820788276905     7.021675825875195
3.6449970523350324     7.117290784658677
3.6811733163931635     7.447123685834357
3.717349580451291     7.866489194824471
3.753525844509422     8.211509530221678
3.7897021085675497     8.344156097915848
3.825878372625681     8.192182618293739
3.8620546366838084     7.769606147827477
3.8982309007419396     7.169325247083934
3.9344071648000707     6.530113025819421
3.9705834288581983     5.990555531563789
4.006759692916329     5.64736899602607
4.042935956974457     5.532651123944376
4.079112221032588     5.6157446395452215
4.115288485090716     5.8250563247270986
4.151464749148847     6.0781599448264725
4.187641013206974     6.307478324196653
4.2238172772651055     6.4733249661308365
4.259993541323233     6.563137376019079
4.296169805381364     6.581690475607488
4.332346069439495     6.539474675889376
4.368522333497623     6.44501209949252
4.404698597555754     6.303307505557214
4.440874861613882     6.1191233836530765
4.477051125672013     5.901841520892835
4.51322738973014     5.668577899097781
4.549403653788271     5.443339494142617
4.585579917846399     5.2516448577565
4.62175618190453     5.111817998076252
4.657932445962661     5.025901650977204
4.694108710020789     4.974294624084715
4.73028497407892     4.917882617814363
4.7664612381370475     4.808958514278206
4.802637502195179     4.60815773507483
4.838813766253306     4.300911800262688
4.874990030311437     3.905907088818788
4.911166294369565     3.4708605477879377
4.947342558427696     3.056491596963794
4.983518822485827     2.7150491331711923
5.019695086543955     2.4722783182425347
5.055871350602086     2.3200577278105836
5.092047614660213     2.222085349143528
5.1282238787183445     2.1294106963787516
5.164400142776472     1.99887855895701
5.200576406834603     1.807138891296034
5.236752670892731     1.5556066175244208
5.272928934950862     1.2660442625780723
5.309105199008993     0.970179685097 
5.345281463067121     0.6983889470069422
5.381457727125252     0.4716499390483423
5.417633991183379     0.2986118179326278
5.45381025524151     0.17716858922215764
5.489986519299638     0.09848365685716018
5.526162783357769     0.05128461811471408
5.562339047415897     0.02501651892546555
5.598515311474028     0.01143056222446771
5.634691575532155     0.004892158780864314
5.6708678395902865     0.0019611956279133916
5.707044103648418     0.0007364208028116846
5.743220367706545     0.0002590087692924079
5.779396631764676     8.532678111448347e-05
5.815572895822804     2.632923737172636e-05
5.851749159880935     7.6097952277266045e-06
5.887925423939063     2.060104712339046e-06
5.924101687997194     5.22380766226813e-07
5.960277952055321     1.240699408965233e-07
5.996454216113452     2.7601168192811735e-08
6.0326304801715835     5.751350423218414e-09
6.068806744229711     1.1225189096552337e-09
6.104983008287842     2.052102116402492e-10
6.14115927234597     3.513870360721999e-11
6.177335536404101     5.635779123421391e-12
6.2135118004622285     8.46649497888022e-13
6.24968806452036     1.1913374877596138e-13
6.285864328578487     1.5701726995956132e-14
6.322040592636618     1.9383915032713486e-15
6.3582168566947495     2.24138795715839e-16
6.394393120752877     2.4275827874193554e-17
6.430569384811008     2.4627172814661905e-18
6.466745648869136     2.3413841517850005e-19
6.502921912927267     2.216713725666109e-20
6.539098176985394     1.4720110696750512e-20
6.5752744410435255     1.179907520396611e-19
6.611450705101653     1.002027919879231e-18
6.647626969159784     7.979650770812814e-18
6.683803233217915     5.952146779201088e-17
6.719979497276043     4.1585782444393812e-16
6.756155761334174     2.721432604655886e-15
6.792332025392302     1.668137138226006e-14
6.828508289450433     9.577394580525657e-14
6.86468455350856     5.150441646616206e-13
6.9008608175666915     2.594316895139064e-12
6.937037081624819     1.2240045716200069e-11
6.97321334568295     5.409093898691109e-11
7.009389609741081     2.2389658487235118e-10
7.045565873799209     8.680642920577499e-10
7.08174213785734     3.1523744534087527e-09
7.1179184019154675     1.072272610157082e-08
7.154094665973599     3.416285601207303e-08
7.190270930031726     1.0194941685640286e-07
7.226447194089857     2.8496864417430005e-07
7.262623458147985     7.460903431689378e-07
7.298799722206116     1.8296510129967803e-06
7.334975986264244     4.2027012497023404e-06
7.371152250322375     9.042196323000165e-06
7.407328514380506     1.8222493023786353e-05
7.4435047784386335     3.439825062566392e-05
7.479681042496765     6.082351758069686e-05
7.515857306554892     0.00010074790965584287
7.552033570613023     0.00015634116210095356
7.588209834671151     0.0002273351789905828
7.624386098729282     0.0003098672631497633
7.6605623627874095     0.0003961933125073446
7.696738626845541     0.00047582671604457974
7.732914890903672     0.0005381720997419783
7.769091154961799     0.0005760101934207741
7.8052674190199305     0.00058859682535989
7.841443683078058     0.0005830277140291387
7.877619947136189     0.000573036228557179
7.913796211194317     0.0005753463295186499
7.949972475252448     0.0006046730555967201
7.9861487393105755     0.0006690210462146856
8.022325003368707     0.0007668559236226981
8.058501267426838     0.0008870658314161758
8.094677531484965     0.00101165742755507
8.130853795543096     0.0011202118252308629
8.167030059601224     0.0011946114442297575
8.203206323659355     0.001222633833146947
8.239382587717483     0.0011996218370121518
8.275558851775614     0.0011282488459440946
8.311735115833741     0.001016990047716578
8.347911379891872     0.0008780509522717734
8.384087643950004     0.0007252747576198594
8.420263908008131     0.0005722427974234057
8.456440172066262     0.00043064341497697697
8.49261643612439     0.00030903384264161806
8.528792700182521     0.0002121909125873187
8.564968964240649     0.00014117976191654725
8.60114522829878     9.40616908895227e-05
8.637321492356907     6.695177475961263e-05
8.673497756415038     5.5069626717843634e-05
8.709674020473166     5.353663900691386e-05
8.745850284531297     5.787050198781023e-05
8.782026548589428     6.428137661642852e-05
8.818202812647556     6.990458818237297e-05
8.854379076705687     7.302499221051462e-05
8.890555340763814     7.323636844397417e-05
8.926731604821946     7.14180484472043e-05
8.962907868880073     6.943802708838977e-05
8.999084132938204     6.958805131586089e-05
9.035260396996332     7.387031206948773e-05
9.071436661054463     8.333776402984596e-05
9.107612925112594     9.771066984252383e-05
9.143789189170722     0.00011543766098285821
9.179965453228853     0.0001342395647149624
9.21614171728698     0.00015198945547404634
9.252317981345112     0.0001676023553621464
9.288494245403239     0.00018152608859146944
9.32467050946137     0.00019552372945994565
9.360846773519498     0.00021172444991310633
9.397023037577629     0.00023128664815974683
9.43319930163576     0.0002532780781598952
9.469375565693888     0.0002743644541279224
9.505551829752019     0.00028957222349079655
9.541728093810146     0.000293891023213878
9.577904357868277     0.00028406227737889244
9.614080621926405     0.0002597927772375618
9.650256885984536     0.00022389978699963292
9.686433150042664     0.00018139022149357372
9.722609414100795     0.0001379316678426468
9.758785678158926     9.83614485916555e-05
9.794961942217054     6.5746849334286e-05
9.831138206275185     4.1179868514702804e-05
9.867314470333316     2.416461823695576e-05
9.903490734391443     1.3283620947437967e-05
9.939666998449571     6.840223320940691e-06
9.975843262507698     3.2994028240472655e-06
10.012019526565833     1.4910122560604237e-06
10.04819579062396     6.32280395475301e-07
10.084372054682088     2.5529832292233816e-07
10.120548318740223     1.1051621103863497e-07
10.15672458279835     8.806038359224335e-08
10.192900846856478     1.7537663263263095e-07
10.229077110914606     4.597574036449844e-07
10.26525337497274     1.185576362788415e-06
10.301429639030868     2.880929017429933e-06
10.337605903088996     6.565743432110471e-06
10.373782167147123     1.4030347509077293e-05
10.409958431205258     2.8121004993124865e-05
10.446134695263385     5.2894189028429566e-05
10.482310959321513     9.3440570550605e-05
10.518487223379648     0.00015519702328269797
10.554663487437775     0.00024272079243333063
10.590839751495903     0.0003581911310351354
10.62701601555403     0.0005002136456561829
10.663192279612165     0.0006636229939972752
10.699368543670293     0.0008407326685801024
10.73554480772842     0.0010238822827889037
10.771721071786548     0.0012084582221735959
10.807897335844682     0.001395210439916953
10.84407359990281     0.0015908966200004861
10.880249863960938     0.0018069353245884258
10.916426128019072     0.0020564390305431827
10.9526023920772     0.0023503593327839152
10.988778656135327     0.002693468084996124
11.024954920193455     0.0030807936154234375
11.06113118425159     0.0034952175451115476
11.097307448309717     0.00390719697849489
11.133483712367845     0.004277640369559374
11.16965997642598     0.004564397520021176
11.205836240484107     0.004731531468128618
11.242012504542235     0.004759006262763143
11.278188768600362     0.004649552764957236
11.314365032658497     0.004430037011717009
11.350541296716624     0.004146655851060148
11.386717560774752     0.0038557371261371343
11.42289382483288     0.0036133848788417943
11.459070088891014     0.003466822129828678
11.495246352949142     0.0034485038640334835
11.53142261700727     0.0035724090206929716
11.567598881065404     0.0038317293926879497
11.603775145123532     0.004198477362718275
11.63995140918166     0.0046268987743716536
11.676127673239787     0.00506226321186578
11.712303937297921     0.005454117290038166
11.748480201356049     0.005769831013321214
11.784656465414177     0.006002664121939443
11.820832729472311     0.006170244862042989
11.857008993530439     0.006303742156047867
11.893185257588566     0.006432628834969243
11.929361521646694     0.006572002434279058
11.965537785704829     0.006717766842342181
12.001714049762956     0.0068507023382307465
12.037890313821084     0.006946124144135102
12.074066577879211     0.006983766858582592
12.110242841937346     0.00695349519453036
12.146419105995474     0.006855437525402464
12.182595370053601     0.006696241150774089
12.218771634111736     0.006484689359171421
12.254947898169863     0.006229359246020847
12.291124162227991     0.005939056182590305
12.327300426286119     0.005624827855224937
12.363476690344253     0.005301581064581293
12.39965295440238     0.004987926314862791
12.435829218460508     0.0047041798403597715
12.472005482518636     0.00446949137456661
12.50818174657677     0.004299289991252499
12.544358010634898     0.004203781036751476
12.580534274693026     0.004187594166313939
12.61671053875116     0.0042502709019875025
12.652886802809288     0.00438714307563033
12.689063066867416     0.004590155679396563
12.725239330925543     0.00484827154815624
12.761415594983678     0.005147341329329787
12.797591859041805     0.005469762175063531
12.833768123099933     0.005794678717669761
12.869944387158068     0.006099526105997299
12.906120651216195     0.006363145968158869
12.942296915274323     0.006569724911867029
12.97847317933245     0.006712022174677079
13.014649443390585     0.006792391038663691
13.050825707448713     0.006821093575513449
13.08700197150684     0.006812806772568864
13.123178235564968     0.0067830906489072754
13.159354499623102     0.006746291568065937
13.19553076368123     0.006715060272034043
13.231707027739358     0.006700324064154392
13.267883291797492     0.006710233328879785
13.30405955585562     0.0067476627319668124
13.340235819913747     0.006807581731844007
13.376412083971875     0.0068766916424843425
13.41258834803001     0.0069371718325449624
13.448764612088137     0.006974306661077401
13.484940876146265     0.006985378365346749
13.521117140204392     0.006985972242490977
13.557293404262527     0.007010483578755588
13.593469668320655     0.007105729278413763
13.629645932378782     0.007319012514210477
13.665822196436917     0.007683738052436389
13.701998460495044     0.008206359630663136
13.738174724553172     0.008858242829462515
13.7743509886113     0.00957519496798681
13.810527252669434     0.010265958439948873
13.846703516727562     0.010828840329027062
13.88287978078569     0.011173172208556556
13.919056044843824     0.011240284896133735
13.955232308901952     0.011018135519665948
13.99140857296008     0.010545180433190358
14.027584837018207     0.009902216580639826
14.063761101076341     0.0091945952116999
14.099937365134469     0.008530063770618953
14.136113629192597     0.007998502836932226
14.172289893250724     0.0076587298528354286
14.208466157308859     0.007534813900959904
14.244642421366986     0.007620946977108276
14.280818685425114     0.007891008926050052
14.316994949483249     0.008307645993871078
14.353171213541376     0.008826654080315164
14.389347477599504     0.009395566731208936
14.425523741657631     0.009949317839439965
14.461700005715766     0.010408590358989799
14.497876269773894     0.010686113421410624
14.534052533832021     0.01070237115204844
14.570228797890156     0.01040666494662735
14.606405061948283     0.00979529579655806
14.642581326006411     0.008918412383030459
14.678757590064539     0.007871251600499755
14.714933854122673     0.006771992035977772
14.7511101181808     0.005733885406064222
14.787286382238928     0.004841116648795031
14.823462646297056     0.004135515234824121
14.85963891035519     0.0036164397158213175
14.895815174413318     0.0032513741130142213
14.931991438471446     0.002991912041032238
14.96816770252958     0.0027894452319518386
15.004343966587708     0.002606437427366872
15.040520230645836     0.002421552854178531
15.076696494703963     0.0022291087719613473
15.112872758762098     0.00203472321277097
15.149049022820225     0.0018494673686340463
15.185225286878353     0.001684486476727906
15.22140155093648     0.0015472847723236914
15.257577814994615     0.0014400512281897387
15.293754079052743     0.0013597879594427656
15.32993034311087     0.0012996835739205125
15.366106607169005     0.0012511091166876687
15.402282871227133     0.0012057000774307943
15.43845913528526     0.001157118917624336
15.474635399343388     0.0011022067567678026
15.510811663401523     0.0010413295667755487
15.54698792745965     0.0009778462502083771
15.583164191517778     0.0009168087927786153
15.619340455575912     0.0008632253477847139
15.65551671963404     0.0008203873345398295
15.691692983692167     0.00078877906222067
15.727869247750295     0.0007659105909310096
15.76404551180843     0.0007470985022206771
15.800221775866557     0.0007268961951094203
15.836398039924685     0.0007006797944095359
15.872574303982812     0.0006658969722559955
15.908750568040947     0.0006226605232549805
15.944926832099075     0.000573622478657697
15.981103096157202     0.0005232861134631829
16.017279360215337     0.0004770262870081871
16.053455624273465     0.00044008123937023115
16.089631888331592     0.00041669495315507305
16.12580815238972     0.0004094911238551294
16.161984416447854     0.0004190911009492671
16.198160680505982     0.00044395929448632455
16.23433694456411     0.00048046098230467975
16.270513208622244     0.0005231374869862443
16.30668947268037     0.0005652291264324126
16.3428657367385     0.0005994813885984501
16.379042000796627     0.0006192195672594283
16.41521826485476     0.0006195587408522538
16.45139452891289     0.0005984724927701729
16.487570792971017     0.000557368215100955
16.523747057029144     0.0005008938371619007
16.55992332108728     0.00043593548516802157
16.596099585145407     0.0003700613525174931
16.632275849203534     0.0003098780397621756
16.66845211326167     0.00025978690273704486
16.704628377319796     0.0002214570716417128
16.740804641377924     0.0001940609841699749
16.77698090543605     0.00017507215388522422
16.813157169494186     0.0001612931395733916
16.849333433552314     0.0001497869231155983
16.88550969761044     0.00013849243024411701
16.92168596166857     0.00012645393384890272
16.957862225726704     0.00011372708802736955
16.99403848978483     0.00010110377887595882
17.03021475384296     8.981071471711674e-05
17.066391017901093     8.129122094549244e-05
17.10256728195922     7.709962503886224e-05
17.13874354601735     7.88538505166543e-05
17.174919810075476     8.813613831989518e-05
17.21109607413361     0.00010623138535247338
17.24727233819174     0.00013366231931658592
17.283448602249866     0.00016961006514873918
17.319624866308     0.00021144913676693776
17.355801130366128     0.00025469626532104796
17.391977394424256     0.0002935959178530666
17.428153658482383     0.0003223284095581279
17.464329922540518     0.00033651809514759326
17.500506186598646     0.0003345038592859616
17.536682450656773     0.0003178568650917668
17.5728587147149     0.00029091179352833574
17.609034978773035     0.0002594835655371768
17.645211242831163     0.00022926128746627997
17.68138750688929     0.00020445134849219934
17.717563770947425     0.00018707455062621096
17.753740035005553     0.00017702934392284275
17.78991629906368     0.0001727688516408353
17.826092563121808     0.0001722958171041355
17.862268827179943     0.00017415850158180183
17.89844509123807     0.00017817997608306045
17.934621355296198     0.0001857257747192197
17.970797619354325     0.00019940082777316847
18.00697388341246     0.0002221858953365947
18.043150147470588     0.0002561891452294699
18.079326411528715     0.0003013684104119116
18.11550267558685     0.00035469057223308465
18.151678939644977     0.0004101404897334064
18.187855203703105     0.00045973566566467796
18.224031467761233     0.0004953201683164645
18.260207731819367     0.0005105756857302049
18.296383995877495     0.0005025765138229824
18.332560259935622     0.0004723955009415487
18.368736523993757     0.0004246455043148901
18.404912788051885     0.0003662195655044301
18.441089052110012     0.00030470005199479197
18.47726531616814     0.0002468919424222859
18.513441580226274     0.00019777403825047238
18.549617844284402     0.00015997725588525716
18.58579410834253     0.00013377209396797407
18.621970372400657     0.00011748269384136851
18.658146636458792     0.00010820366560573999
18.69432290051692     0.00010265124434459674
18.730499164575047     9.794656058588412e-05
18.76667542863318     9.214387039414885e-05
18.80285169269131     8.440052648237742e-05
18.839027956749437     7.481280663642567e-05
18.875204220807564     6.405236452682863e-05
18.9113804848657     5.2977875084079775e-05
18.947556748923827     4.2354336605923156e-05
18.983733012981954     3.2725090339950773e-05
19.01990927704009     2.4403991108641107e-05
19.056085541098216     1.7523183186354132e-05
19.092261805156344     1.2084937122611405e-05
19.12843806921447     7.99792529690788e-06
19.164614333272606     5.102380852151854e-06
19.200790597330734     3.194347544850608e-06
19.23696686138886     2.052614322899525e-06
19.27314312544699     1.4643334958339066e-06
19.309319389505124     1.243495708404752e-06
19.34549565356325     1.239837549934736e-06
19.38167191762138     1.3400793259390838e-06
19.417848181679513     1.465207539223516e-06
19.45402444573764     1.5664329518641482e-06
19.49020070979577     1.6203291571921596e-06
19.526376973853896     1.6225488720409485e-06
19.56255323791203     1.5801365320566806e-06
19.59872950197016     1.503971675862333e-06
19.634905766028286     1.4038681400745788e-06
19.671082030086414     1.2885627134157936e-06
19.707258294144548     1.1717665916935063e-06
19.743434558202676     1.0849453666723278e-06
19.779610822260803     1.0984478443398257e-06
19.815787086318938     1.3543163152030108e-06
19.851963350377066     2.1138539520373766e-06
19.888139614435193     3.816939304838419e-06
19.92431587849332     7.135590656451763e-06
19.960492142551455     1.2983754935628435e-05
19.996668406609583     2.2429229627062853e-05
20.03284467066771     3.6459867988182534e-05
20.069020934725845     5.560136054146054e-05
20.105197198783973     7.9467488320725e-05
20.1413734628421     0.00010641469179047763
20.177549726900228     0.0001335132413497771
20.213725990958363     0.0001569830631768402
20.24990225501649     0.00017306752120421187
20.286078519074618     0.0001791011067375296
20.322254783132745     0.0001743842399921862
20.35843104719088     0.00016050629403993404
20.394607311249008     0.00014096184610299135
20.430783575307135     0.00012018716910280052
20.46695983936527     0.00010236296382920222
20.503136103423397     9.038924671903109e-05
20.539312367481525     8.533769490954897e-05
20.575488631539653     8.649815583558083e-05
20.611664895597787     9.19444901986922e-05
20.647841159655915     9.940229568829462e-05
20.684017423714042     0.000107125610354868
20.72019368777217     0.0001144910639970948
20.756369951830305     0.00012210738734731377
20.792546215888432     0.00013140866704270597
20.82872247994656     0.00014390045341802104
20.864898744004694     0.00016037036288317808
20.901075008062822     0.00018038073309532897
20.93725127212095     0.00020221944481132662
20.973427536179077     0.00022327248303553613
21.009603800237212     0.00024061845207339416
21.04578006429534     0.0002516152116264805
21.081956328353467     0.000254342251785023
21.1181325924116     0.00024788779203454024
21.15430885646973     0.00023252858754337855
21.190485120527857     0.0002098150703288396
21.226661384585984     0.0001825017057422517
21.26283764864412     0.00015423702102466952
21.299013912702247     0.0001289875314773959
21.335190176760374     0.00011027996348481417
21.371366440818502     0.00010043772202655417
21.407542704876636     0.00010001487009018349
21.443718968934764     0.00010759398212494213
21.47989523299289     0.00012003584370830817
21.516071497051026     0.00013316448210296997
21.552247761109154     0.00014274856481568115
21.588424025167278     0.0001455256495886527
