-22.148679221111326     2.4899865261422055e-05
-22.112502957053195     3.626628218246939e-05
-22.076326692995067     5.3297725316754345e-05
-22.040150428936936     7.80788431023586e-05
-22.00397416487881     0.00011241426477910608
-21.967797900820678     0.00015707666190618595
-21.93162163676255     0.00021100316290941867
-21.89544537270442     0.0002707657597508166
-21.85926910864629     0.0003306639227833062
-21.82309284458816     0.0003836235874146018
-21.78691658053003     0.0004227617209071299
-21.7507403164719     0.00044313525954734026
-21.71456405241377     0.0004430334093346747
-21.678387788355643     0.00042431242320503497
-21.64221152429751     0.00039166194489927456
-21.606035260239384     0.00035113306954961504
-21.569858996181253     0.000308527122832513
-21.533682732123125     0.0002682282631705314
-21.497506468064994     0.00023281236794772095
-21.461330204006863     0.00020343918357265588
-21.425153939948736     0.0001808008308258375
-21.388977675890605     0.0001663451364584302
-21.352801411832477     0.00016359206973859977
-21.316625147774346     0.00017949374153719647
-21.28044888371622     0.0002257878834170206
-21.244272619658087     0.00032004189329746646
-21.20809635559996     0.0004856135621093288
-21.17192009154183     0.0007493314167113593
-21.1357438274837     0.001135781507826158
-21.09956756342557     0.001658102032425247
-21.06339129936744     0.0023071364953708125
-21.02721503530931     0.0030429504527423657
-20.99103877125118     0.0037937139249034435
-20.954862507193052     0.004465506325299698
-20.91868624313492     0.004962545004225788
-20.882509979076794     0.005212232590726274
-20.846333715018663     0.005186016675148757
-20.810157450960535     0.0049076753827307345
-20.773981186902404     0.004445479530824645
-20.737804922844273     0.00389140605504139
-20.701628658786145     0.0033356819888652
-20.665452394728014     0.00284593153725168
-20.629276130669886     0.002457037597951105
-20.593099866611755     0.002172649128284017
-20.556923602553628     0.0019748177962825965
-20.520747338495497     0.0018363018211328764
-20.48457107443737     0.00173078721097901
-20.448394810379238     0.0016385899162526182
-20.412218546321107     0.0015479007147885162
-20.37604228226298     0.0014532502463334121
-20.339866018204848     0.0013532103662536189
-20.30368975414672     0.0012486703893185118
-20.26751349008859     0.0011419878836342896
-20.231337226030462     0.0010365745736287016
-20.19516096197233     0.0009363597839871216
-20.158984697914203     0.0008449431737201948
-20.122808433856072     0.000764695842372242
-20.086632169797944     0.0006962368796430193
-20.050455905739813     0.000638526451242715
-20.014279641681682     0.0005894711753091457
-19.978103377623555     0.0005466973806519948
-19.941927113565423     0.0005081471546037693
-19.905750849507296     0.0004723368969868967
-19.869574585449165     0.0004383323443152179
-19.833398321391037     0.0004056081489036596
-19.797222057332906     0.00037394212812743097
-19.761045793274775     0.0003433969562476055
-19.724869529216647     0.00031434466123341826
-19.688693265158516     0.0002874466787830129
-19.65251700110039     0.0002635261132874069
-19.616340737042258     0.00024333601174942948
-19.58016447298413     0.00022729823247294217
-19.543988208926     0.0002153240354384499
-19.50781194486787     0.00020680870222780466
-19.47163568080974     0.00020082359712495033
-19.435459416751613     0.00019644137495123428
-19.39928315269348     0.00019306668956593163
-19.36310688863535     0.00019063786272692604
-19.326930624577223     0.0001896171092822469
-19.29075436051909     0.00019077032531938053
-19.254578096460964     0.00019481263558730115
-19.218401832402833     0.000202036308797912
-19.182225568344705     0.00021204127849394134
-19.146049304286574     0.00022366772616387034
-19.109873040228447     0.00023519111285843028
-19.073696776170316     0.0002447745685067703
-19.037520512112188     0.0002510765337230832
-19.001344248054057     0.0002538087586412296
-18.965167983995926     0.0002539935102964522
-18.928991719937798     0.00025374151914562507
-18.892815455879667     0.00025556721649541686
-18.85663919182154     0.00026148890158679615
-18.82046292776341     0.0002722903629382402
-18.78428666370528     0.0002872501319089433
-18.74811039964715     0.00030440125037490786
-18.71193413558902     0.0003211169524042307
-18.67575787153089     0.00033469937439311264
-18.63958160747276     0.00034274876120060855
-18.603405343414632     0.00034331799157365987
-18.5672290793565     0.0003350271617612806
-18.531052815298374     0.0003172941158437607
-18.494876551240242     0.0002906562910112683
-18.458700287182115     0.000256977593652589
-18.422524023123984     0.000219310362098852
-18.386347759065856     0.00018134518032639045
-18.350171495007725     0.00014661197672489326
-18.313995230949594     0.00011773195464559314
-18.277818966891466     9.598113763404102e-05
-18.241642702833335     8.126065440926743e-05
-18.205466438775208     7.239534832678128e-05
-18.169290174717077     6.759429986787069e-05
-18.13311391065895     6.491805518615616e-05
-18.096937646600818     6.265901288025277e-05
-18.060761382542687     5.959753346705196e-05
-18.02458511848456     5.5123969899798104e-05
-17.98840885442643     4.9227054260510224e-05
-17.9522325903683     4.2362133903229134e-05
-17.91605632631017     3.52356015297597e-05
-17.87988006225204     2.856457888473426e-05
-17.84370379819391     2.2878108928519992e-05
-17.807527534135783     1.8410154304119627e-05
-17.771351270077652     1.5100888157853114e-05
-17.735175006019524     1.2685442465731912e-05
-17.698998741961393     1.0823638576827236e-05
-17.662822477903262     9.219083683395609e-06
-17.626646213845135     7.690638294202286e-06
-17.590469949787003     6.184775865529814e-06
-17.554293685728876     4.7416139539417665e-06
-17.518117421670745     3.440812180177904e-06
-17.481941157612617     2.3530959621399916e-06
-17.445764893554486     1.512682989606742e-06
-17.409588629496355     9.127216479335974e-07
-17.373412365438227     5.164608123141143e-07
-17.3372361013801     2.739239705575901e-07
-17.30105983732197     1.3614217031661947e-07
-17.264883573263837     6.339485730900514e-08
-17.22870730920571     2.7654957974076558e-08
-17.19253104514758     1.1301232581782773e-08
-17.15635478108945     4.326121076909472e-09
-17.12017851703132     1.551256290347397e-09
-17.084002252973193     5.210456687292016e-10
-17.04782598891506     1.639353570086871e-10
-17.01164972485693     4.8313940471571427e-11
-16.975473460798803     1.3337496371584309e-11
-16.939297196740675     3.4488762575656047e-12
-16.903120932682544     8.35376003445876e-13
-16.866944668624413     1.8953404655101545e-13
-16.830768404566285     4.028034451467374e-14
-16.794592140508154     8.018621437867295e-15
-16.758415876450027     1.4952257022995382e-15
-16.722239612391895     2.611645556033963e-16
-16.686063348333768     4.27289375460082e-17
-16.649887084275637     6.548325698499738e-18
-16.613710820217506     9.40023537505497e-19
-16.577534556159378     1.264004551797282e-19
-16.541358292101247     1.592432134360712e-20
-16.50518202804312     1.9154862214102957e-21
-16.46900576398499     5.447591697454247e-22
-16.43282949992686     2.8852699388212733e-21
-16.39665323586873     2.2784181841003204e-20
-16.3604769718106     1.697576466385453e-19
-16.32430070775247     1.184801153341132e-18
-16.288124443694343     7.745394166390037e-18
-16.251948179636212     4.7426715257336344e-17
-16.21577191557808     2.7200947395973204e-16
-16.179595651519953     1.4612565654811044e-15
-16.143419387461822     7.352759847504743e-15
-16.107243123403695     3.4654189710522347e-14
-16.071066859345564     1.5298278989558726e-13
-16.034890595287436     6.325733130802238e-13
-15.998714331229305     2.449969153380833e-12
-15.962538067171176     8.887749955038605e-12
-15.926361803113046     3.0199830145975195e-11
-15.890185539054917     9.611665182581857e-11
-15.854009274996788     2.86532724094654e-10
-15.817833010938656     8.000760764160964e-10
-15.781656746880529     2.0925208854550757e-09
-15.745480482822398     5.1261319304822555e-09
-15.709304218764268     1.1762272007774949e-08
-15.673127954706139     2.527982822398947e-08
-15.63695169064801     5.089070647138274e-08
-15.60077542658988     9.59586881689857e-08
-15.564599162531751     1.6947731917115658e-07
-15.528422898473622     2.8036276222687425e-07
-15.49224663441549     4.3442072473217907e-07
-15.456070370357363     6.304958068334947e-07
-15.419894106299232     8.571075701463121e-07
-15.383717842241104     1.0913647485457415e-06
-15.347541578182973     1.3016252957443593e-06
-15.311365314124844     1.4540640087701248e-06
-15.275189050066714     1.521467339431397e-06
-15.239012786008585     1.4911578670378759e-06
-15.202836521950456     1.3688875748291349e-06
-15.166660257892325     1.1770646956162445e-06
-15.130483993834197     9.480746289549553e-07
-15.094307729776066     7.154522582943561e-07
-15.058131465717938     5.062499542187437e-07
-15.021955201659807     3.369854033265723e-07
-14.985778937601678     2.1376861942126523e-07
-14.949602673543549     1.3560906994509887e-07
-14.91342640948542     9.913851836767519e-08
-14.87725014542729     1.0305731742010143e-07
-14.841073881369159     1.5108460039558396e-07
-14.804897617311031     2.5262655964468595e-07
-14.7687213532529     4.206648587997061e-07
-14.732545089194772     6.667592830109851e-07
-14.696368825136641     9.938809957075543e-07
-14.660192561078512     1.389046633582387e-06
-14.624016297020383     1.8188549079999216e-06
-14.587840032962253     2.2311233526129682e-06
-14.551663768904124     2.564257897387476e-06
-14.515487504845993     2.763171540511941e-06
-14.479311240787865     2.7982154961395686e-06
-14.443134976729734     2.684145806397216e-06
-14.406958712671607     2.501604925790229e-06
-14.370782448613475     2.4342589566452815e-06
-14.334606184555346     2.8483121302916784e-06
-14.298429920497217     4.451706529135892e-06
-14.262253656439087     8.566886598729173e-06
-14.226077392380958     1.75172476312531e-05
-14.189901128322829     3.504756872909078e-05
-14.1537248642647     6.657449789687875e-05
-14.11754860020657     0.0001189379083907295
-14.081372336148439     0.0001992955733108589
-14.04519607209031     0.00031299488773419175
-14.00901980803218     0.0004607259338203512
-13.97284354397405     0.0006358949152408331
-13.936667279915921     0.0008236248072189069
-13.900491015857792     0.0010026687928629116
-13.864314751799663     0.0011505818033596476
-13.828138487741533     0.0012509716492165998
-13.791962223683404     0.0013002626930682798
-13.755785959625275     0.0013110053894539466
-13.719609695567144     0.001309799328621877
-13.683433431509014     0.0013300383896665264
-13.647257167450885     0.001401938575032867
-13.611080903392756     0.001543539684205325
-13.574904639334626     0.0017559361150335463
-13.538728375276497     0.0020240808788985253
-13.502552111218368     0.00232205769831672
-13.466375847160238     0.0026199554809647712
-13.430199583102109     0.0028893067290610775
-13.394023319043978     0.0031055277686372284
-13.357847054985848     0.003248026046760598
-13.321670790927719     0.0033002018346280065
-13.28549452686959     0.0032513959882675674
-13.24931826281146     0.0031009652887027677
-13.213141998753331     0.0028623508080761967
-13.176965734695202     0.00256391971256248
-13.140789470637072     0.0022444481346803073
-13.104613206578943     0.0019438685836796134
-13.068436942520814     0.0016926750572272171
-13.032260678462682     0.0015044515905196585
-12.996084414404553     0.0013747037143744855
-12.959908150346424     0.0012862778330796675
-12.923731886288294     0.0012187624553792482
-12.887555622230165     0.0011578386258933571
-12.851379358172036     0.0011011073747021404
-12.815203094113906     0.0010589280011220645
-12.779026830055777     0.0010511456659777658
-12.742850565997648     0.0011022947419510687
-12.706674301939517     0.0012384929695490932
-12.670498037881387     0.0014887879595218187
-12.634321773823258     0.0018922889906041484
-12.598145509765128     0.002510145215087073
-12.561969245707     0.0034388322972014537
-12.52579298164887     0.004819550246185609
-12.48961671759074     0.006839408535060473
-12.453440453532611     0.009723901952995807
-12.417264189474482     0.013724663850316645
-12.381087925416352     0.019106993853443197
-12.344911661358221     0.026134746958652377
-12.308735397300092     0.03503853928024875
-12.272559133241963     0.04594757207858276
-12.236382869183833     0.05877898788365503
-12.200206605125704     0.07311585012881877
-12.164030341067575     0.0881511433020426
-12.127854077009445     0.10279944362108256
-12.091677812951316     0.11604884294037657
-12.055501548893186     0.12753444329543182
-12.019325284835055     0.13818783122885256
-11.983149020776926     0.15071017887046068
-11.946972756718797     0.16959252086491924
-11.910796492660667     0.20050709124985905
-11.874620228602538     0.24911640326758616
-11.838443964544409     0.3196321047471373
-11.80226770048628     0.4136868993503289
-11.76609143642815     0.5301175053418405
-11.72991517237002     0.6659957822364921
-11.693738908311891     0.8187188880040959
-11.65756264425376     0.9883780771898161
-11.62138638019563     1.179277160102187
-11.585210116137501     1.399615893275893
-11.549033852079372     1.6590097742072272
-11.512857588021243     1.9644200537340133
-11.476681323963113     2.315793073819158
-11.440505059904984     2.702915873073177
-11.404328795846855     3.104620815733383
-11.368152531788725     3.4907403840687845
-11.331976267730594     3.826467880399275
-11.295800003672465     4.078260776861882
-11.259623739614335     4.220160046340563
-11.223447475556206     4.239289722724058
-11.187271211498077     4.139296255092905
-11.151094947439947     3.940690178286198
-11.114918683381818     3.677623655296225
-11.078742419323689     3.39157063189357
-11.04256615526556     3.1233667078337826
-11.00638989120743     2.9056367893179402
-10.970213627149299     2.7574671039083904
-10.93403736309117     2.6823493930943387
-10.89786109903304     2.6693826570895487
-10.86168483497491     2.696941416469845
-10.825508570916782     2.73770972301285
-10.789332306858652     2.7640135679438007
-10.753156042800523     2.752534596097062
-10.716979778742393     2.68766463467089
-10.680803514684264     2.563033552999545
-10.644627250626133     2.3811693072074958
-10.608450986568004     2.151721052371895
-10.572274722509874     1.8889694116326337
-10.536098458451745     1.6093174030037105
-10.499922194393616     1.3291724185799316
-10.463745930335486     1.0633200054443641
-10.427569666277357     0.8237419865758043
-10.391393402219228     0.6188577390048031
-10.355217138161098     0.4532379637835841
-10.319040874102969     0.327825501976888
-10.282864610044838     0.24058083855160733
-10.246688345986708     0.1873400740721432
-10.210512081928579     0.16263313326219286
-10.17433581787045     0.16029232319407935
-10.13815955381232     0.17383402811142085
-10.101983289754191     0.19672884500953036
-10.065807025696062     0.2227173520583609
-10.029630761637932     0.24626340182795187
-9.993454497579803     0.2631036946203852
-9.957278233521672     0.2707259541317377
-9.921101969463543     0.2685638547465399
-9.884925705405413     0.2577728267900188
-9.848749441347284     0.24062030298284703
-9.812573177289154     0.21970089662505327
-9.776396913231025     0.19727044070861904
-9.740220649172896     0.17492851081849764
-9.704044385114766     0.1536977227759876
-9.667868121056637     0.13435023195871026
-9.631691856998508     0.11772639066412983
-9.595515592940377     0.10482888965288144
-9.559339328882247     0.09662556143297552
-9.523163064824118     0.09366600733585057
-9.486986800765989     0.0957211426804345
-9.45081053670786     0.10164649589480605
-9.41463427264973     0.10956508037217896
-9.3784580085916     0.11732102400300057
-9.342281744533471     0.1230381711015781
-9.306105480475342     0.12557733632921683
-9.26992921641721     0.1247346316788869
-9.233752952359081     0.12113506419137071
-9.197576688300952     0.11589745094648468
-9.161400424242823     0.11022391428561758
-9.125224160184693     0.10507030147815923
-9.089047896126564     0.10099220946918806
-9.052871632068435     0.09817436020041882
-9.016695368010305     0.09658267000606624
-8.980519103952176     0.09615181139353327
-8.944342839894047     0.09693199271679045
-8.908166575835915     0.09914744826170394
-8.871990311777786     0.10314966794937605
-8.835814047719657     0.1092770816846016
-8.799637783661527     0.11766251963655752
-8.763461519603398     0.12805759102945533
-8.727285255545269     0.1397565647783488
-8.69110899148714     0.15168681820032937
-8.65493272742901     0.16268498318126534
-8.61875646337088     0.17191170380445375
-8.58258019931275     0.17929925966174287
-8.54640393525462     0.18589936794442574
-8.51022767119649     0.1940158445392342
-8.474051407138361     0.20706986683739628
-8.437875143080232     0.22925099420447043
-8.401698879022103     0.26514710301426536
-8.365522614963973     0.31969449255207333
-8.329346350905844     0.39887896264367
-8.293170086847715     0.5115392540807953
-8.256993822789585     0.6722639808851361
-8.220817558731454     0.9047118103071624
-8.184641294673325     1.2438973448526545
-8.148465030615196     1.7354737179673698
-8.112288766557066     2.4303103453350197
-8.076112502498937     3.374022595930045
-8.039936238440808     4.593344808732251
-8.003759974382678     6.083466213145286
-7.967583710324549     7.801388581367436
-7.9314074462664195     9.669015446085286
-7.895231182208288     11.586102867263467
-7.859054918150159     13.448834083305522
-7.82287865409203     15.166926496244594
-7.7867023900339     16.672711841558673
-7.750526125975771     17.919661529300726
-7.714349861917642     18.873313815821614
-7.678173597859512     19.501350289314395
-7.641997333801383     19.769416701736667
-7.605821069743254     19.645404568640473
-7.569644805685122     19.109871548944163
-7.533468541626993     18.16717182851696
-7.497292277568864     16.8521659179707
-7.461116013510734     15.230159457274134
-7.424939749452605     13.390750723041107
-7.388763485394476     11.437859827887362
-7.352587221336346     9.478238010686631
-7.316410957278217     7.610169869392908
-7.280234693220088     5.913742081986824
-7.244058429161958     4.44401525896788
-7.207882165103827     3.2282113901672087
-7.171705901045698     2.2672829851820078
-7.1355296369875685     1.5411587818443695
-7.099353372929439     1.0160903557604772
-7.06317710887131     0.652254802515435
-7.02700084481318     0.4101205883737599
-6.990824580755051     0.2547757534284582
-6.954648316696922     0.1581121465457444
-6.918472052638792     0.09924273946218849
-6.882295788580661     0.0637471392492546
-6.846119524522532     0.04234181122276186
-6.809943260464403     0.029441143161969247
-6.773766996406273     0.021895089656648638
-6.737590732348144     0.01802094051028974
-6.7014144682900145     0.016927616329269347
-6.665238204231885     0.018072324458836622
-6.629061940173756     0.020982532188894697
-6.5928856761156265     0.025099540825688663
-6.556709412057497     0.029727807976385287
-6.520533147999366     0.03408545839428258
-6.484356883941237     0.037437973046291165
-6.448180619883107     0.03926797294166544
-6.412004355824978     0.03941129426500792
-6.375828091766849     0.0380945496271849
-6.339651827708719     0.035847727181687855
-6.30347556365059     0.03332103277514681
-6.267299299592461     0.031079032343697757
-6.231123035534331     0.02945325099062178
-6.1949467714762     0.02850312288933275
-6.158770507418071     0.028083075915737957
-6.122594243359941     0.027968937121710283
-6.086417979301814     0.027980693578101713
-6.050241715243683     0.028053710037099257
-6.014065451185552     0.028243021590162332
-5.977889187127424     0.028675910366252992
-5.941712923069293     0.02948342560073995
-5.905536659011165     0.030740033122992005
-5.869360394953034     0.03242905636238112
-5.833184130894907     0.03443868943573075
-5.7970078668367755     0.036584249710219494
-5.760831602778648     0.03864753143995883
-5.724655338720517     0.04042199844551808
-5.688479074662389     0.04175215847487049
-5.652302810604258     0.04255734414072854
-5.616126546546127     0.0428349805818969
-5.579950282487999     0.04264529682791908
-5.543774018429868     0.042085495080039496
-5.507597754371741     0.041263647743043044
-5.47142149031361     0.04028016340162682
-5.435245226255482     0.03921946377522158
-5.399068962197351     0.03814978534681432
-5.362892698139223     0.037127030457794474
-5.326716434081092     0.036199412407508444
-5.290540170022961     0.03541167863396254
-5.2543639059648335     0.034809156981148386
-5.218187641906702     0.034441845516477505
-5.182011377848575     0.03436749678921799
-5.145835113790444     0.03465120449874687
-5.109658849732316     0.035358736151156686
-5.073482585674185     0.036542671213052796
-5.037306321616057     0.03822396317387049
-5.001130057557926     0.0403749779703048
-4.964953793499795     0.0429108493230779
-4.928777529441668     0.04569289646191983
-4.8926012653835365     0.04854252747853531
-4.856425001325409     0.05126049700970225
-4.820248737267278     0.05364782473528651
-4.78407247320915     0.05553012750623312
-4.747896209151019     0.05679108642247992
-4.7117199450928915     0.05741744785661338
-4.67554368103476     0.05754687656185335
-4.639367416976629     0.05749793053324774
-4.603191152918502     0.057758082363761606
-4.5670148888603705     0.05891614616240415
-4.530838624802243     0.06154592398702735
-4.494662360744112     0.0660682806275671
-4.458486096685984     0.07262953177392328
-4.422309832627853     0.08103101886431296
-4.386133568569726     0.09073031210302095
-4.3499573045115945     0.10091449929527081
-4.313781040453467     0.11062740237951701
-4.277604776395336     0.11892168157478183
-4.241428512337205     0.1250071935960561
-4.205252248279077     0.12837634760476746
-4.169075984220946     0.1288969228949048
-4.132899720162818     0.12686354148801648
-4.096723456104687     0.12298987612780823
-4.06054719204656     0.11831654753075155
-4.0243709279884285     0.11402143764598904
-3.988194663930301     0.1111560886399815
-3.95201839987217     0.11037897615996625
-3.9158421358140387     0.11178336524662308
-3.879665871755911     0.11489896224831037
-3.84348960769778     0.11888282638216534
-3.8073133436396525     0.12283534055168013
-3.7711370795815213     0.1261233206837306
-3.7349608155233938     0.12859303592239046
-3.6987845514652626     0.1306088976484704
-3.662608287407135     0.1329291312228682
-3.626432023349004     0.13649062660264769
-3.590255759290873     0.14219874921944997
-3.5540794952327452     0.15080513056958406
-3.517903231174614     0.16292399990771947
-3.4817269671164865     0.1792029303983143
-3.4455507030583554     0.20063630553737138
-3.409374439000228     0.22899123170316196
-3.3731981749420967     0.2673034082145807
-3.337021910883969     0.3203864765883977
-3.300845646825838     0.39526914413448744
-3.264669382767707     0.5014237180965002
-3.2284931187095793     0.6506010427186637
-3.192316854651448     0.8560993769905922
-3.1561405905933206     1.1314252311770452
-3.1199643265351895     1.4885358509981743
-3.083788062477062     1.9360568461815095
-3.047611798418931     2.4778668529768373
-3.0114355343608032     3.112165014082992
-2.975259270302672     3.830752798650965
-2.939083006244541     4.6181156628997595
-2.9029067421864134     5.450246130689786
-2.8667304781282823     6.293900644590957
-2.8305542140701547     7.107606047186247
-2.7943779500120236     7.845610115380746
-2.758201685953896     8.464879723223282
-2.722025421895765     8.933632474120504
-2.6858491578376373     9.23865055628001
-2.649672893779506     9.388570664383165
-2.6134966297213786     9.411634279911762
-2.5773203656632475     9.34843066087283
-2.5411441016051164     9.24199534269096
-2.504967837546989     9.128434576911138
-2.4687915734888577     9.030779556051225
-2.43261530943073     8.957364812533868
-2.396439045372599     8.904336482587514
-2.3602627813144714     8.860596204763775
-2.3240865172563403     8.813002011309145
-2.2879102531982127     8.750054270392798
-2.2517339891400816     8.663329069669484
-2.2155577250819505     8.547090897879393
-2.179381461023823     8.397287826832764
-2.143205196965692     8.211158123161233
-2.107028932907564     7.987977983486211
-2.070852668849433     7.730474543049173
-2.0346764047913055     7.4457416180200635
-1.9985001407331744     7.144599924462857
-1.9623238766750468     6.8392289442770595
-1.9261476126169157     6.540018572906849
-1.8899713485587846     6.253185540144222
-1.853795084500657     5.980321345815929
-1.8176188204425259     5.719894652209156
-1.7814425563843983     5.469580112635585
-1.7452662923262672     5.227905779471561
-1.7090900282681396     4.994339690943557
-1.6729137642100085     4.768104181614335
-1.636737500151881     4.546892771805317
-1.6005612360937498     4.326687458830687
-1.5643849720356187     4.103075335435538
-1.528208707977491     3.873426327515057
-1.49203244391936     3.6387036875322947
-1.4558561798612324     3.4038671865670445
-1.4196799158031013     3.1766090842807815
-1.3835036517449737     2.9650197583961493
-1.3473273876868426     2.7752328214861315
-1.311151123628715     2.609977940226291
-1.2749748595705839     2.46844427787398
-1.2387985955124563     2.3472640071759634
-1.2026223314543252     2.2420415108070335
-1.166446067396194     2.14878168954835
-1.1302698033380665     2.0647548251544907
-1.0940935392799354     1.9886463273872674
-1.0579172752218078     1.9201419600430663
-1.0217410111636767     1.8592845684050867
-0.9855647471055491     1.8059505412234487
-0.949388483047418     1.7596529439022075
-0.9132122189892904     1.7196749510189098
-0.8770359549311593     1.6853824895268357
-0.8408596908730281     1.6565192164187301
-0.8046834268149006     1.6333340108413588
-0.7685071627567694     1.6164767356823972
-0.7323308986986419     1.6066861714224245
-0.6961546346405107     1.6043793257896257
-0.6599783705823832     1.6093200977977844
-0.623802106524252     1.6205460330631904
-0.5876258424661245     1.6366116229700847
-0.5514495784079934     1.6559911821496232
-0.5152733143498622     1.6773120118282536
-0.47909705029173466     1.6991290197137856
-0.44292078623360354     1.7192540773437215
-0.40674452217547596     1.7340554845278948
-0.37056825811734484     1.7383515368559568
-0.33439199405921727     1.7263255082366356
-0.29821573000108614     1.6933417875543015
-0.26203946594295857     1.6379623516496618
-0.22586320188482745     1.5632257596102228
-0.18968693782669632     1.476532888526159
-0.15351067376856875     1.3881345013151216
-0.11733440971043763     1.3088555641079005
-0.08115814565231005     1.2479544601313406
-0.04498188159417893     1.2117782412593652
-0.008805617536051358     1.2033255188915335
0.027370646522079767     1.2223380766227936
0.06354691058020734     1.2654214383414337
0.09972317463833846     1.3259865334704184
0.13589943869646604     1.3942588881191944
0.17207570275459716     1.4578574347347977
0.20825196681272828     1.5032941594978722
0.24442823087085586     1.518277870290774
0.280604494928987     1.4942241727436913
0.31678075898711455     1.4281682808472147
0.3529570230452457     1.323439591842591
0.38913328710337325     1.1888718323677474
0.4253095511615044     1.0367886865647693
0.46148581521963195     0.8803557448003909
0.49766207927776307     0.7310362109519388
0.5338383433358942     0.5968059683031226
0.5700146073940218     0.48150497499129735
0.6061908714521529     0.3853183786649377
0.6423671355102805     0.3060295320552153
0.6785433995684116     0.24049882617734325
0.7147196636265392     0.18585716915190498
0.7508959276846703     0.14012062870650666
0.7870721917427979     0.10221663123638793
0.823248455800929     0.07163250098551992
0.8594247198590601     0.047975121486494576
0.8956009839171877     0.03066777846592682
0.9317772479753188     0.01887255075263681
0.9679535120334464     0.01159666926165769
1.0041297760915775     0.00787317346453161
1.040306040149705     0.006907560382260911
1.0764823042078362     0.008127023568458618
1.1126585682659638     0.011124189743983121
1.148834832324095     0.015531205198456462
1.185011096382226     0.020884514733506207
1.2211873604403536     0.026543934810963364
1.2573636244984847     0.0317108660891689
1.2935398885566123     0.03555224710290665
1.3297161526147434     0.03739050602096544
1.365892416672871     0.036885501393049164
1.402068680731002     0.03413160065654759
1.4382449447891297     0.029626667600996352
1.4744212088472608     0.024124403909817932
1.5105974729053884     0.01842914012180959
1.5467737369635195     0.013209260034819977
1.5829500010216506     0.008887151231250754
1.6191262650797782     0.005625061205658845
1.6553025291379093     0.003391519302399731
1.691478793196037     0.002080901935524439
1.727655057254168     0.0016755525648550844
1.7638313213122956     0.0024805057705389382
1.8000075853704267     0.0055124019788069705
1.8361838494285543     0.013164183464290349
1.8723601134866854     0.030255605546574957
1.9085363775448165     0.0654557533217385
1.944712641602944     0.13276947496483135
1.9808889056610752     0.25232513787573185
2.017065169719203     0.44925520607039415
2.053241433777334     0.749390354063149
2.0894176978354615     1.1712340434066917
2.1255939618935926     1.7154341742916457
2.16177022595172     2.355256693959472
2.1979464900098513     3.0331627959920597
2.2341227540679824     3.667997434491544
2.27029901812611     4.173781524856317
2.306475282184241     4.485635351875686
2.3426515462423687     4.583586397394972
2.3788278103005     4.503906528925925
2.4150040743586274     4.3315659042151
2.4511803384167585     4.175015635652942
2.487356602474886     4.1322368431822305
2.5235328665330172     4.260980982069541
2.5597091305911484     4.56437526739896
2.595885394649276     4.996417023800866
2.632061658707407     5.483509216671332
2.6682379227655346     5.9520242662088805
2.7044141868236657     6.350698992316099
2.7405904508817933     6.660683805614582
2.7767667149399244     6.892823563562619
2.812942978998052     7.077472927121765
2.849119243056183     7.254053382994533
2.8852955071143107     7.465422167234161
2.921471771172442     7.758020690168375
2.957648035230573     8.185228006338079
2.9938242992887005     8.809620279873192
3.0300005633468317     9.699774293356079
3.0661768274049592     10.918451075756742
3.1023530914630904     12.501654782487243
3.138529355521218     14.432387376538593
3.174705619579349     16.617796674281156
3.2108818836374766     18.88112874140613
3.2470581476956077     20.977712350914274
3.283234411753739     22.6366657146027
3.3194106758118664     23.619909742934098
3.3555869398699976     23.782098509022386
3.391763203928125     23.11313496014278
3.4279394679862563     21.749904005695704
3.464115732044384     19.953246302809532
3.500291996102515     18.055828806715333
3.5364682601606425     16.39307276751629
3.5726445242187737     15.231843336789762
3.608820788276905     14.711571513136143
3.6449970523350324     14.811347465110781
3.6811733163931635     15.353835095302237
3.717349580451291     16.05042544295341
3.753525844509422     16.580688128893062
3.7897021085675497     16.685614817545847
3.825878372625681     16.244965639260432
3.8620546366838084     15.310870740999645
3.8982309007419396     14.084386458292034
3.9344071648000707     12.843478693433347
3.9705834288581983     11.8498556212687
4.006759692916329     11.269261632998758
4.042935956974457     11.13234737348531
4.079112221032588     11.345281229449661
4.115288485090716     11.739507860728077
4.151464749148847     12.136987198968903
4.187641013206974     12.405408999217068
4.2238172772651055     12.4863785123625
4.259993541323233     12.39317142108408
4.296169805381364     12.186699821188562
4.332346069439495     11.944009422305637
4.368522333497623     11.73200897619721
4.404698597555754     11.592926193324978
4.440874861613882     11.541369265061416
4.477051125672013     11.568897404349798
4.51322738973014     11.651264430941634
4.549403653788271     11.754752921511106
4.585579917846399     11.83983329462421
4.62175618190453     11.86222675616607
4.657932445962661     11.773330266188315
4.694108710020789     11.52335957374705
4.73028497407892     11.070186264929283
4.7664612381370475     10.39379030831261
4.802637502195179     9.51153623758783
4.838813766253306     8.4860854198627
4.874990030311437     7.418673461736865
4.911166294369565     6.426263075734512
4.947342558427696     5.609008249913133
4.983518822485827     5.020132052352972
5.019695086543955     4.650426511537624
5.055871350602086     4.433881670374564
5.092047614660213     4.2722272342515595
5.1282238787183445     4.068581329754726
5.164400142776472     3.757338786098709
5.200576406834603     3.3199856809244093
5.236752670892731     2.7831315251520863
5.272928934950862     2.202389223759355
5.309105199008993     1.640468249311314
5.345281463067121     1.1482838965417077
5.381457727125252     0.7546421776944807
5.417633991183379     0.46539102099027096
5.45381025524151     0.2692464640980155
5.489986519299638     0.1461030895898443
5.526162783357769     0.07435276115595832
5.562339047415897     0.03548375666577548
5.598515311474028     0.015879313443448954
5.634691575532155     0.006663198826632594
5.6708678395902865     0.002621587368017814
5.707044103648418     0.0009670728000915534
5.743220367706545     0.00033446494609443123
5.779396631764676     0.00010844818399601875
5.815572895822804     3.296537335380782e-05
5.851749159880935     9.393808298664312e-06
5.887925423939063     2.5093281637850374e-06
5.924101687997194     6.283325876671177e-07
5.960277952055321     1.474764175648366e-07
5.996454216113452     3.244451168053994e-08
6.0326304801715835     6.690070486254607e-09
6.068806744229711     1.292934190168243e-09
6.104983008287842     2.341878221480842e-10
6.14115927234597     3.9753985271330736e-11
6.177335536404101     6.324297368458628e-12
6.2135118004622285     9.42858187239962e-13
6.24968806452036     1.3172574967709654e-13
6.285864328578487     1.724540528624389e-14
6.322040592636618     2.115647301105514e-15
6.3582168566947495     2.432033083132356e-16
6.394393120752877     2.6196409581021045e-17
6.430569384811008     2.643955246459094e-18
6.466745648869136     2.502856029635722e-19
6.502921912927267     2.4836802966883088e-20
6.539098176985394     2.7849090360930635e-20
6.5752744410435255     2.3628124553823893e-19
6.611450705101653     2.008056371301719e-18
6.647626969159784     1.599420305696348e-17
6.683803233217915     1.193254478939816e-16
6.719979497276043     8.338445738214145e-16
6.756155761334174     5.45781345890063e-15
6.792332025392302     3.346060707645664e-14
6.828508289450433     1.9214562111904642e-13
6.86468455350856     1.0334957969008487e-12
6.9008608175666915     5.2067711047548905e-12
6.937037081624819     2.4570263070691287e-11
6.97321334568295     1.0860071327434339e-10
7.009389609741081     4.496111810264459e-10
7.045565873799209     1.743504561013556e-09
7.08174213785734     6.332725211315663e-09
7.1179184019154675     2.1544667229434936e-08
7.154094665973599     6.86547463372266e-08
7.190270930031726     2.0491938524057652e-07
7.226447194089857     5.728980679260081e-07
7.262623458147985     1.5002158873747157e-06
7.298799722206116     3.6797026938397896e-06
7.334975986264244     8.453862347139655e-06
7.371152250322375     1.8192098287029246e-05
7.407328514380506     3.6668980698853243e-05
7.4435047784386335     6.923241250905738e-05
7.479681042496765     0.00012244087104695416
7.515857306554892     0.00020284862571899972
7.552033570613023     0.00031483955260841863
7.588209834671151     0.00045788897022782754
7.624386098729282     0.0006242268027672625
7.6605623627874095     0.0007982497995283866
7.696738626845541     0.0009588049515652142
7.732914890903672     0.0010844877609585356
7.769091154961799     0.0011606631156751424
7.8052674190199305     0.001185719587418678
7.841443683078058     0.0011738403936097687
7.877619947136189     0.0011526090735927141
7.913796211194317     0.0011556888549822597
7.949972475252448     0.001212767596661622
7.9861487393105755     0.0013400856547998766
8.022325003368707     0.0015347163874424752
8.058501267426838     0.0017744526914229152
8.094677531484965     0.0020232013869776557
8.130853795543096     0.002239939351435509
8.167030059601224     0.0023882417435971896
8.203206323659355     0.002443548604057561
8.239382587717483     0.0023965567221544077
8.275558851775614     0.0022527509428568538
8.311735115833741     0.002029295141870572
8.347911379891872     0.001750808059572504
8.384087643950004     0.0014451030635947322
8.420263908008131     0.0011393510488805828
8.456440172066262     0.0008568279654159281
8.49261643612439     0.0006144843927164686
8.528792700182521     0.0004217040238659734
8.564968964240649     0.0002804857915105586
8.60114522829878     0.00018687981064124986
8.637321492356907     0.00013309951026389854
8.673497756415038     0.0001096062147794492
8.709674020473166     0.0001066835122067259
8.745850284531297     0.00011541004860136202
8.782026548589428     0.00012824176198305578
8.818202812647556     0.00013947234397144954
8.854379076705687     0.00014568038089304576
8.890555340763814     0.00014604871889328238
8.926731604821946     0.00014232038398073288
8.962907868880073     0.00013821005501781237
8.999084132938204     0.0001382822329689505
9.035260396996332     0.00014653431839700714
9.071436661054463     0.00016508604532492637
9.107612925112594     0.00019341679836253534
9.143789189170722     0.0002284841267980884
9.179965453228853     0.00026579902131322077
9.21614171728698     0.0003011676132209887
9.252317981345112     0.0003324521917156903
9.288494245403239     0.00036054156260039685
9.32467050946137     0.0003889163734239467
9.360846773519498     0.0004217631812267098
9.397023037577629     0.0004613205555137374
9.43319930163576     0.0005056596814147594
9.469375565693888     0.0005480759142981318
9.505551829752019     0.0005786189504835158
9.541728093810146     0.0005872925243779158
9.577904357868277     0.0005676195066607732
9.614080621926405     0.00051905477361264
9.650256885984536     0.00044726367261668196
9.686433150042664     0.00036227439653224367
9.722609414100795     0.00027542054746614443
9.758785678158926     0.00019636458899570318
9.794961942217054     0.0001312253687374606
9.831138206275185     8.217350495504775e-05
9.867314470333316     4.820927002563655e-05
9.903490734391443     2.6495419143484182e-05
9.939666998449571     1.3640438416154388e-05
9.975843262507698     6.578049932678925e-06
10.012019526565833     2.9719858998529997e-06
10.04819579062396     1.2600217190461456e-06
10.084372054682088     5.086435952912232e-07
10.120548318740223     2.201274299365449e-07
10.15672458279835     1.7537954893455242e-07
10.192900846856478     3.4936659861146795e-07
10.229077110914606     9.161482072317889e-07
10.26525337497274     2.3631184146680553e-06
10.301429639030868     5.743879182355831e-06
10.337605903088996     1.3094020193747313e-05
10.373782167147123     2.798811507944426e-05
10.409958431205258     5.611148903721525e-05
10.446134695263385     0.00010557083271176232
10.482310959321513     0.00018654572141117988
10.518487223379648     0.000309916762998378
10.554663487437775     0.0004848165574489688
10.590839751495903     0.0007156313178302445
10.62701601555403     0.000999601809581097
10.663192279612165     0.0013264159059016305
10.699368543670293     0.0016806949026798872
10.73554480772842     0.002047081262816522
10.771721071786548     0.0024162848968266254
10.807897335844682     0.0027897337934578116
10.84407359990281     0.003180885569937185
10.880249863960938     0.0036125539738349867
10.916426128019072     0.004110984589025643
10.9526023920772     0.004698142099534401
10.988778656135327     0.005383659807963695
11.024954920193455     0.006157695002034317
11.06113118425159     0.006986105301467635
11.097307448309717     0.00780987762724185
11.133483712367845     0.008550868697851705
11.16965997642598     0.009124782697569847
11.205836240484107     0.009459727381824622
11.242012504542235     0.009515617297453493
11.278188768600362     0.00929793740206292
11.314365032658497     0.008860493771028894
11.350541296716624     0.008295778887582293
11.386717560774752     0.007716503130013486
11.42289382483288     0.0072348005979863345
11.459070088891014     0.0069448623575410155
11.495246352949142     0.006911182030714514
11.53142261700727     0.007161232579445763
11.567598881065404     0.00768096596686566
11.603775145123532     0.008414115997314498
11.63995140918166     0.009269037419549887
11.676127673239787     0.010136240139718944
11.712303937297921     0.010914849989159515
11.748480201356049     0.0115397190356423
11.784656465414177     0.011997654393024589
11.820832729472311     0.012324496179221907
11.857008993530439     0.01258350917369867
11.893185257588566     0.012834804874426762
11.929361521646694     0.013109727288061913
11.965537785704829     0.01340090558406742
12.001714049762956     0.013670177450056206
12.037890313821084     0.013867898365014314
12.074066577879211     0.013952914700518208
12.110242841937346     0.01390427616204008
12.146419105995474     0.013721693198687034
12.182595370053601     0.01341800697200922
12.218771634111736     0.013010177644902556
12.254947898169863     0.012514334930907093
12.291124162227991     0.011946599055689101
12.327300426286119     0.011327399412057002
12.363476690344253     0.01068523476912019
12.39965295440238     0.010056834735453568
12.435829218460508     0.009483280793405338
12.472005482518636     0.009003922837050028
12.50818174657677     0.008650674794787658
12.544358010634898     0.00844455720523521
12.580534274693026     0.008395039057449647
12.61671053875116     0.008501600183836458
12.652886802809288     0.008756263312179519
12.689063066867416     0.009145617946162744
12.725239330925543     0.009651151855839634
12.761415594983678     0.010247664533645383
12.797591859041805     0.0109009748475403
12.833768123099933     0.011567293525388425
12.869944387158068     0.012196535055778607
12.906120651216195     0.012740098261824678
12.942296915274323     0.013160996369276586
12.97847317933245     0.013442285071783498
13.014649443390585     0.013589962613514533
13.050825707448713     0.013629052037766588
13.08700197150684     0.01359498739458601
13.123178235564968     0.01352454541499206
13.159354499623102     0.013449989174233234
13.19553076368123     0.013397257709093457
13.231707027739358     0.013386020190878745
13.267883291797492     0.013428482620299437
13.30405955585562     0.013525755660073385
13.340235819913747     0.013663960880281226
13.376412083971875     0.013814433120589775
13.41258834803001     0.013941418880772468
13.448764612088137     0.014016796207306649
13.484940876146265     0.01403685977043901
13.521117140204392     0.01403392039660252
13.557293404262527     0.014076740901823766
13.593469668320655     0.014257858479901134
13.629645932378782     0.014670451123688888
13.665822196436917     0.015380653316708019
13.701998460495044     0.01640244867699267
13.738174724553172     0.017681856669960257
13.7743509886113     0.019095592429971747
13.810527252669434     0.020466742212578853
13.846703516727562     0.0215961327551709
13.88287978078569     0.022303468951987905
13.919056044843824     0.022468409088329956
13.955232308901952     0.02206037288264914
13.99140857296008     0.021148181660595802
14.027584837018207     0.019886251825974352
14.063761101076341     0.018481128961536947
14.099937365134469     0.017148076227976542
14.136113629192597     0.016070051646166098
14.172289893250724     0.015369833639279414
14.208466157308859     0.015100908133803687
14.244642421366986     0.015255848244183723
14.280818685425114     0.01578477245052136
14.316994949483249     0.016613491176383582
14.353171213541376     0.017652691169778176
14.389347477599504     0.01879568326667044
14.425523741657631     0.019910243677693014
14.461700005715766     0.020835672021352444
14.497876269773894     0.021395604741450327
14.534052533832021     0.021429601071508975
14.570228797890156     0.02083547590797003
14.606405061948283     0.01960591621010931
14.642581326006411     0.01784235036987117
14.678757590064539     0.01573733604156437
14.714933854122673     0.013529792171758526
14.7511101181808     0.01144848823751008
14.787286382238928     0.0096629835677869
14.823462646297056     0.008256624561618891
14.85963891035519     0.007226468497387483
14.895815174413318     0.006505153099517298
14.931991438471446     0.005993743364844885
14.96816770252958     0.005593783072315337
15.004343966587708     0.005230042193546745
15.040520230645836     0.00486049265359448
15.076696494703963     0.004474680148669255
15.112872758762098     0.00408454352194713
15.149049022820225     0.003712515921119629
15.185225286878353     0.0033808618993618716
15.22140155093648     0.003104502459645969
15.257577814994615     0.002887884708510995
15.293754079052743     0.0027252846911757795
15.32993034311087     0.002603418889729925
15.366106607169005     0.002505222010689225
15.402282871227133     0.0024138594993478664
15.43845913528526     0.002316261866136032
15.474635399343388     0.002205603662153383
15.510811663401523     0.002082253783735827
15.54698792745965     0.0019529247731215691
15.583164191517778     0.001828134652737035
15.619340455575912     0.0017186066953762756
15.65551671963404     0.0016316596820892247
15.691692983692167     0.001568738973709924
15.727869247750295     0.0015248933815958416
15.76404551180843     0.0014903238904987598
15.800221775866557     0.001453403544805892
15.836398039924685     0.0014041026549091438
15.872574303982812     0.00133672412022544
15.908750568040947     0.001251224642141363
15.944926832099075     0.001152963224207979
15.981103096157202     0.0010512214328441951
16.017279360215337     0.0009571001448904793
16.053455624273465     0.0008813824838708375
16.089631888331592     0.0008327594796240028
16.12580815238972     0.0008165858173398312
16.161984416447854     0.0008341683176378907
16.198160680505982     0.0008825173542424563
16.23433694456411     0.0009544947225868417
16.270513208622244     0.001039346788486498
16.30668947268037     0.0011236883025055064
16.3428657367385     0.0011930382392495403
16.379042000796627     0.001233920967403125
16.41521826485476     0.001236298817447305
16.45139452891289     0.0011957847770006987
16.487570792971017     0.0011148991621817285
16.523747057029144     0.0010027713437968883
16.55992332108728     0.0008731675456983454
16.596099585145407     0.0007413479720754958
16.632275849203534     0.0006207095459558267
16.66845211326167     0.0005202265345166945
16.704628377319796     0.0004433508845185523
16.740804641377924     0.00038847152061375733
16.77698090543605     0.00035052164474859383
16.813157169494186     0.0003230540900743042
16.849333433552314     0.0003001213364083457
16.88550969761044     0.0002775212075864108
16.92168596166857     0.0002532716840892427
16.957862225726704     0.0002274412718149799
16.99403848978483     0.00020161393705825972
17.03021475384296     0.00017829017295791066
17.066391017901093     0.00016043902127184563
17.10256728195922     0.00015126464325618502
17.13874354601735     0.00015409046525961608
17.174919810075476     0.00017215159506187342
17.21109607413361     0.00020807621666776459
17.24727233819174     0.0002629649098655209
17.283448602249866     0.00033523069674260865
17.319624866308     0.0004196498532606336
17.355801130366128     0.000507228563840446
17.391977394424256     0.0005863501125415304
17.428153658482383     0.0006451947914240851
17.464329922540518     0.0006747950949249832
17.500506186598646     0.0006716382980027314
17.536682450656773     0.000638759544022342
17.5728587147149     0.0005848317641710058
17.609034978773035     0.0005215857262353895
17.645211242831163     0.00046055339127497823
17.68138750688929     0.00041030113790227116
17.717563770947425     0.00037498460112466396
17.753740035005553     0.00035445976997126524
17.78991629906368     0.00034564272293301777
17.826092563121808     0.000344515643039158
17.862268827179943     0.0003481350635555709
17.89844509123807     0.00035610258649175215
17.934621355296198     0.00037110866534394946
17.970797619354325     0.00039833377577715027
18.00697388341246     0.0004437282533245325
18.043150147470588     0.0005115201178297697
18.079326411528715     0.0006016586580214727
18.11550267558685     0.000708124781131652
18.151678939644977     0.0008189345354103401
18.187855203703105     0.0009181531454615784
18.224031467761233     0.0009894726685065682
18.260207731819367     0.0010202330275445376
18.296383995877495     0.0010045398704076986
18.332560259935622     0.0009444893203228239
18.368736523993757     0.0008492633668245877
18.404912788051885     0.0007326183900422678
18.441089052110012     0.0006097062328941098
18.47726531616814     0.0004941393790270277
18.513441580226274     0.00039588969523021147
18.549617844284402     0.00032024039619849525
18.58579410834253     0.00026775604878456207
18.621970372400657     0.00023510590006290116
18.658146636458792     0.00021649361641807983
18.69432290051692     0.00020535751517518537
18.730499164575047     0.00019593749166925265
18.76667542863318     0.0001843341524062144
18.80285169269131     0.00016885265972374735
18.839027956749437     0.00014967802636872333
18.875204220807564     0.00012815013958827686
18.9113804848657     0.00010598718142169468
18.947556748923827     8.472277001316114e-05
18.983733012981954     6.544789603262257e-05
19.01990927704009     4.8793499488823856e-05
19.056085541098216     3.502517346182788e-05
19.092261805156344     2.4146947665983266e-05
19.12843806921447     1.5974557388506312e-05
19.164614333272606     1.0186620553572406e-05
19.200790597330734     6.373786659517959e-06
19.23696686138886     4.092903311264009e-06
19.27314312544699     2.9182320828732893e-06
19.309319389505124     2.4781798639649253e-06
19.34549565356325     2.4728249601056913e-06
19.38167191762138     2.6761310819360536e-06
19.417848181679513     2.930339298184243e-06
19.45402444573764     3.1378240243774275e-06
19.49020070979577     3.25141057210599e-06
19.526376973853896     3.2619064801778048e-06
19.56255323791203     3.1828323928879608e-06
19.59872950197016     3.035387675124435e-06
19.634905766028286     2.838698402619466e-06
19.671082030086414     2.609832369771915e-06
19.707258294144548     2.375937110578856e-06
19.743434558202676     2.1998155886156607e-06
19.779610822260803     2.2221502919977488e-06
19.815787086318938     2.7270408884819096e-06
19.851963350377066     4.237083084618152e-06
19.888139614435193     7.63213395311405e-06
19.92431587849332     1.4256968056437561e-05
19.960492142551455     2.594186763126693e-05
19.996668406609583     4.482776169527146e-05
20.03284467066771     7.289957779619524e-05
20.069020934725845     0.00011122140325790428
20.105197198783973     0.00015903434445274178
20.1413734628421     0.00021306067434299295
20.177549726900228     0.0002674401476683001
20.213725990958363     0.00031459721781365016
20.24990225501649     0.00034698862299144056
20.286078519074618     0.00035924465846019424
20.322254783132745     0.00034992923469062735
20.35843104719088     0.0003221970902571583
20.394607311249008     0.000283033560479962
20.430783575307135     0.00024132795370486216
20.46695983936527     0.0002054726780420126
20.503136103423397     0.00018130288392340465
20.539312367481525     0.00017099121121334993
20.575488631539653     0.00017313420135532578
20.611664895597787     0.00018388209524797944
20.647841159655915     0.00019867693869763861
20.684017423714042     0.00021401211803342626
20.72019368777217     0.00022862863278256951
20.756369951830305     0.00024374166944092328
20.792546215888432     0.000262231445406173
20.82872247994656     0.0002871340123193467
20.864898744004694     0.0003200545723755137
20.901075008062822     0.00036014071061431284
20.93725127212095     0.00040397277498987355
20.973427536179077     0.000446304043047923
21.009603800237212     0.00048125399471554686
21.04578006429534     0.0005034933825401473
21.081956328353467     0.0005091428982935682
21.1181325924116     0.0004963572654953555
21.15430885646973     0.0004656872688765479
21.190485120527857     0.0004202456574883697
21.226661384585984     0.0003655603053107399
21.26283764864412     0.0003089474770244149
21.299013912702247     0.0002583557997542263
21.335190176760374     0.0002208496943022809
21.371366440818502     0.00020108290040128814
21.407542704876636     0.00020016740158055555
21.443718968934764     0.00021526990628875474
21.47989523299289     0.00024011182287806473
21.516071497051026     0.000266339850427177
21.552247761109154     0.000285489303660561
21.588424025167278     0.000291033064031349
