-21.93093372215828     0.5923762819196253
-21.776574003676426     0.7109732216560579
-21.62221428519457     0.5310742929720914
-21.467854566712717     0.4680382911181985
-21.31349484823086     0.5044927721671695
-21.159135129749007     0.44477599351762664
-21.00477541126715     0.43194277124163344
-20.850415692785297     0.494523028624969
-20.69605597430344     0.34186119700663076
-20.541696255821588     0.10049928931559123
-20.38733653733973     0.010215998453612634
-20.23297681885788     0.00032796085133829735
-20.07861710037602     3.232326377665998e-06
-19.92425738189417     9.705231555167664e-09
-19.769897663412312     8.859551604150017e-12
-19.61553794493046     2.457553845812663e-15
-19.461178226448602     2.0711911175847353e-19
-19.30681850796675     5.30331803737625e-24
-19.152458789484893     4.1255468405044446e-29
-18.99809907100304     9.750360754690878e-35
-18.843739352521183     7.001077559757996e-41
-18.68937963403933     1.527263826595205e-47
-18.535019915557474     1.0122043429180527e-54
-18.38066019707562     2.0381083887232976e-62
-18.226300478593764     1.2467842427050188e-70
-18.07194076011191     2.317182719656626e-79
-17.917581041630058     1.3083809286775058e-88
-17.7632213231482     2.2444674354769726e-98
-17.608861604666345     1.6037906776231308e-94
-17.45450188618449     6.527571904225175e-85
-17.30014216770264     8.078113297274847e-76
-17.145782449220782     3.0397301515212125e-67
-16.991422730738925     3.478077729046669e-59
-16.837063012257072     1.2101377151598337e-51
-16.68270329377522     1.2803636998871259e-44
-16.528343575293363     4.119517436579662e-38
-16.373983856811506     4.0307392680887184e-32
-16.219624138329653     1.1993856585666475e-26
-16.0652644198478     1.0853721844687328e-21
-15.910904701365943     2.9871282130626693e-17
-15.756544982884089     2.500316607607245e-13
-15.602185264402234     6.36529955557528e-10
-15.44782554592038     4.929114544650175e-07
-15.293465827438524     0.00011614439476548574
-15.139106108956671     0.008338753318599073
-14.984746390474815     0.18342409386419584
-14.830386671992962     1.264181065530997
-14.676026953511105     2.998911429562412
-14.521667235029252     3.4568103019151506
-14.367307516547395     3.320712270980732
-14.212947798065542     2.351399281993724
-14.058588079583686     1.7246545349317743
-13.904228361101833     2.2942855108827063
-13.749868642619978     1.6500899120055768
-13.595508924138123     0.4447364312698323
-13.441149205656268     0.04093680436455193
-13.286789487174413     0.0012113246877306666
-13.132429768692559     1.115714326297526e-05
-12.978070050210704     1.9779254549143832e-07
-12.823710331728849     8.461426855483125e-06
-12.669350613246994     0.00013745127718913218
-12.51499089476514     0.0009876030753068886
-12.360631176283285     0.006962556376585851
-12.20627145780143     0.041263978276889365
-12.051911739319575     0.1390857583580235
-11.89755202083772     0.2286851464572033
-11.743192302355865     0.2546883252548604
-11.58883258387401     0.34023058910123183
-11.434472865392156     0.5175953012769128
-11.2801131469103     0.7439932530333454
-11.125753428428446     0.7073587609696421
-10.971393709946591     0.5470238542871204
-10.817033991464736     0.49172719026230854
-10.662674272982882     0.46908331150358573
-10.508314554501027     0.49102615332357497
-10.353954836019172     0.4642777887165546
-10.199595117537317     0.31230779413247917
-10.045235399055462     0.13477002444184666
-9.890875680573608     0.026207522300361042
-9.736515962091753     0.0017642019153113501
-9.582156243609898     6.514494343645908e-05
-9.427796525128045     0.002295257477956936
-9.27343680664619     0.05887459763291856
-9.119077088164335     0.48351226545436105
-8.96471736968248     1.4733829888623104
-8.810357651200626     2.3457691762249597
-8.65599793271877     2.580602480836725
-8.501638214236916     2.3920688976320235
-8.347278495755061     1.8232867703509155
-8.192918777273206     0.9589564688968056
-8.038559058791352     1.2877983509836952
-7.884199340309497     1.8269297839266547
-7.729839621827642     1.1102925233305305
-7.575479903345787     0.2702013424463958
-7.421120184863932     0.049511267695982575
-7.2667604663820775     0.11192876086028265
-7.112400747900223     0.8578785574271028
-6.958041029418368     3.3705240616710577
-6.803681310936513     7.262194355584683
-6.649321592454658     10.66529456460612
-6.4949618739728034     9.459231628934015
-6.340602155490949     6.375300361482136
-6.186242437009094     5.611088478014891
-6.031882718527239     3.675452103147453
-5.877523000045386     1.0326202715330794
-5.723163281563529     0.10159019870655256
-5.568803563081676     0.0032222945192088223
-5.41444384459982     3.192811857928439e-05
-5.260084126117967     9.767823807526671e-08
-5.10572440763611     9.182426632269844e-11
-4.951364689154257     2.645959826175344e-14
-4.7970049706724005     7.103320137787879e-18
-4.6426452521905475     1.549545650870135e-14
-4.488285533708691     1.5292980965273063e-11
-4.333925815226838     4.5854841302759675e-09
-4.179566096744981     4.177230098051109e-07
-4.025206378263128     1.156327247044944e-05
-3.8708466597812716     9.755554675358473e-05
-3.7164869412994186     0.0002631141831088374
-3.562127222817562     0.0003868780745606522
-3.407767504335709     0.0008414963731676815
-3.2534077858538524     0.0010695611072896836
-3.0990480673719993     0.0009017011340973376
-2.9446883488901427     0.0024961312069642057
-2.7903286304082897     0.005871621132383506
-2.635968911926433     0.0071806740308874096
-2.48160919344458     0.008670036788884367
-2.3272494749627235     0.012218334912562799
-2.1728897564808705     0.014465305553025476
-2.0185300379990174     0.01777892208165892
-1.8641703195171608     0.021944819393568984
-1.7098106010353078     0.02221502162628578
-1.5554508825534512     0.02679621319323169
-1.4010911640715982     0.038584695259595805
-1.2467314455897416     0.04307592614694155
-1.0923717271078885     0.04276749523798442
-0.938012008626032     0.040706447964837786
-0.7836522901441789     0.032133597451752254
-0.6292925716623223     0.026907822151404887
-0.4749328531804693     0.02524041408800209
-0.3205731346986127     0.025720031993611316
-0.16621341621675967     0.028450114059851154
-0.01185369773490308     0.024128773209996082
0.14250602074694996     0.009378788600460647
0.29686573922880655     0.0013184903879316764
0.4512254577106596     6.278178593468239e-05
0.6055851761925162     1.018356153648679e-06
0.7599448946743692     5.9400342717131394e-09
0.9143046131562258     1.3398537274455193e-11
1.0686643316380788     1.1851737740874885e-14
1.2230240501199354     3.826745169780529e-18
1.3773837686017885     4.136570774767826e-22
1.531743487083645     1.687939472102155e-23
1.686103205565498     2.837379406314427e-19
1.8404629240473547     1.4507902784653522e-15
1.9948226425292077     2.2558517301440057e-12
2.1491823610110643     1.0683551340941933e-09
2.3035420794929173     1.5474812681094814e-07
2.457901797974774     6.931913311175173e-06
2.612261516456627     9.891861484265838e-05
2.7666212349384836     0.000485869290680697
2.9209809534203366     0.0009758895730995412
3.0753406719021896     0.0010358533665709602
3.229700390384046     0.0010164029545539945
3.3840601088658993     0.0020485579869781575
3.538419827347756     0.004063450527012765
3.692779545829609     0.006219143461596732
3.8471392643114655     0.005701895956254539
4.0014989827933185     0.003488557400921852
4.155858701275175     0.0029698995556626693
4.310218419757028     0.002006583035701361
4.464578138238885     0.0008480005664808137
4.618937856720738     0.0003692496885273197
4.773297575202594     9.591888919466514e-05
4.927657293684447     8.612015375057892e-06
5.082017012166304     2.393196493035339e-07
5.236376730648157     2.0261025621346253e-09
5.390736449130014     5.2136047595988484e-12
5.545096167611867     4.090505434193926e-15
5.699455886093723     1.2712325545929834e-13
5.853815604575576     3.419942819653265e-10
6.008175323057433     2.795418708052853e-07
6.162535041539286     6.944092542120077e-05
6.3168947600211425     0.005249390366998472
6.4712544785029955     0.1216405650259715
6.625614196984852     0.8980898457935139
6.779973915466705     2.519882264543328
6.934333633948562     4.090351864266871
7.088693352430415     4.716845798409757
7.243053070912271     4.883973293243479
7.397412789394124     5.794361604633072
7.551772507875981     4.154791718850816
7.706132226357834     1.1626738707713162
7.860491944839687     0.10996246189664202
8.014851663321544     0.0035430001549358933
8.169211381803397     0.004455738586010456
8.323571100285253     0.029087124009316415
8.477930818767106     0.05904165416748524
8.632290537248963     0.0465935833816765
8.786650255730816     0.05309300464059527
8.941009974212673     0.072115485737161
9.095369692694526     0.03928719126598031
9.249729411176382     0.009073862458282692
9.404089129658235     0.002300451765216812
9.558448848140092     0.0004802117950777051
9.712808566621945     3.5962633828590205e-05
9.867168285103801     3.886669250894508e-05
10.021528003585654     0.0006399877713811227
10.175887722067507     0.003797037097854626
10.330247440549364     0.012714176466013907
10.48460715903122     0.029980809170112435
10.638966877513077     0.029574903158906745
10.793326595994927     0.009371536882813935
10.947686314476783     0.001094769522152853
11.10204603295864     0.0026811448632193128
11.256405751440496     0.011483170328856134
11.410765469922346     0.015092165727649593
11.565125188404203     0.00602937927867912
11.71948490688606     0.0008944734644810417
11.873844625367916     0.002720648265904169
12.028204343849765     0.013994365413704074
12.182564062331622     0.027074330239612348
12.336923780813478     0.03455977943878176
12.491283499295335     0.05305876503497227
12.645643217777184     0.09477566718738999
12.800002936259041     0.13185842294542865
12.954362654740898     0.10472560113568746
13.108722373222747     0.05009119192317908
13.263082091704604     0.025580193922615707
13.41744181018646     0.029685582589947686
13.571801528668317     0.03769269592824599
13.726161247150166     0.039282420401512134
13.880520965632023     0.019195435610946342
14.03488068411388     0.014961772807413593
14.189240402595736     0.01693092101916952
14.343600121077586     0.006718893501437422
14.497959839559442     0.0008139279429726822
14.652319558041299     2.996007012722224e-05
14.806679276523155     3.350476758960813e-07
14.961038995005005     1.1383489277387162e-09
15.115398713486861     1.1750305159309313e-12
15.269758431968718     3.686685983778158e-16
15.424118150450575     2.5049858141834474e-15
15.578477868932424     1.0783380468470139e-11
15.73283758741428     1.4104843527248533e-08
15.887197305896137     5.607891539990292e-06
16.041557024377994     0.0006787498862237604
16.195916742859843     0.02517156638670901
16.3502764613417     0.29444045912076733
16.504636179823557     1.2399164295541498
16.658995898305413     2.9191116908960844
16.813355616787263     5.860762995266645
16.96771533526912     7.9272336434147315
17.122075053750976     5.675205786265449
17.276434772232832     2.9352763111133235
17.430794490714682     3.335904176982344
17.58515420919654     3.2988438400564393
17.739513927678395     1.6076298375553713
17.893873646160245     0.32848384942654724
18.0482333646421     0.02425358978380176
18.202593083123958     0.0005896660072948725
18.356952801605814     4.512988520194757e-06
18.511312520087664     1.2040590125604105e-08
18.66567223856952     8.434553367022528e-07
18.820031957051377     0.00015636687842666936
18.974391675533234     0.008807170553425744
19.128751394015083     0.15070756556007311
19.28311111249694     0.7836525933914348
19.437470830978796     1.2484883291449855
19.591830549460653     0.8394055250025154
19.746190267942502     1.9324893578107682
19.90054998642436     4.955838835130775
20.054909704906215     5.542880555619358
20.209269423388072     3.356017529717317
