-21.93093372215828     3.446648903977756
-21.776574003676426     4.1282735358887805
-21.62221428519457     3.069584208947545
-21.467854566712717     2.627072160370986
-21.31349484823086     2.76138468108753
-21.159135129749007     2.4355559231361066
-21.00477541126715     2.4801997111066303
-20.850415692785297     2.9237716804935516
-20.69605597430344     2.0419447774781085
-20.541696255821588     0.6027560324166295
-20.38733653733973     0.06135172431568295
-20.23297681885788     0.0019702652300660375
-20.07861710037602     1.9420448406424862e-05
-19.92425738189417     5.831237420606411e-08
-19.769897663412312     5.323158071507494e-11
-19.61553794493046     1.4765949836729938e-14
-19.461178226448602     1.2444536039469057e-18
-19.30681850796675     3.186443747523149e-23
-19.152458789484893     2.478792187408014e-28
-18.99809907100304     5.858403547534136e-34
-18.843739352521183     4.206525145581543e-40
-18.68937963403933     9.176406972986203e-47
-18.535019915557474     6.081725259199415e-54
-18.38066019707562     1.2245763768781167e-61
-18.226300478593764     7.491174361194735e-70
-18.07194076011191     1.3922553065055098e-78
-17.917581041630058     7.861271687512356e-88
-17.7632213231482     1.3485644268129925e-97
-17.608861604666345     9.052141184551697e-95
-17.45450188618449     3.680167770777666e-85
-17.30014216770264     4.549039853199525e-76
-17.145782449220782     1.7097017207989998e-67
-16.991422730738925     1.953808603721396e-59
-16.837063012257072     6.789177802618142e-52
-16.68270329377522     7.173615012666051e-45
-16.528343575293363     2.3049239820546795e-38
-16.373983856811506     2.2520830113855126e-32
-16.219624138329653     6.691640653702895e-27
-16.0652644198478     6.046611023266718e-22
-15.910904701365943     1.6616259112455832e-17
-15.756544982884089     1.3886981615960486e-13
-15.602185264402234     3.5298254268625e-10
-15.44782554592038     2.7290535607274516e-07
-15.293465827438524     6.419934945392889e-05
-15.139106108956671     0.004601220066224836
-14.984746390474815     0.10099435134619882
-14.830386671992962     0.6935540527429233
-14.676026953511105     1.630764881898391
-14.521667235029252     1.841429707448468
-14.367307516547395     1.7336640023556036
-14.212947798065542     1.2098241564736105
-14.058588079583686     0.8376703163444155
-13.904228361101833     1.0752282690871997
-13.749868642619978     0.7675799515792627
-13.595508924138123     0.20609814871186255
-13.441149205656268     0.018933616870481423
-13.286789487174413     0.0005597583037136058
-13.132429768692559     5.154115139270439e-06
-12.978070050210704     1.2662731233780702e-07
-12.823710331728849     6.124182276062289e-06
-12.669350613246994     0.0001622600339987618
-12.51499089476514     0.00400161446646306
-12.360631176283285     0.06043302735057147
-12.20627145780143     0.4362259668265763
-12.051911739319575     1.5800808701559947
-11.89755202083772     2.6151763198078486
-11.743192302355865     2.858690002236658
-11.58883258387401     3.711215705849043
-11.434472865392156     5.147928702674151
-11.2801131469103     6.934703241825218
-11.125753428428446     6.419455051857464
-10.971393709946591     4.814635473814186
-10.817033991464736     4.147674169166929
-10.662674272982882     3.9665020138562377
-10.508314554501027     4.24205709334288
-10.353954836019172     3.9870668903515893
-10.199595117537317     2.6881098887211365
-10.045235399055462     1.1698288906438015
-9.890875680573608     0.2288196498618989
-9.736515962091753     0.015471528076897762
-9.582156243609898     0.0003621283037852662
-9.427796525128045     0.002585491303432405
-9.27343680664619     0.06635443129737399
-9.119077088164335     0.547647701870954
-8.96471736968248     1.6955851267573567
-8.810357651200626     2.7745064108207194
-8.65599793271877     3.106319218094849
-8.501638214236916     2.897797676965226
-8.347278495755061     2.211217135703837
-8.192918777273206     1.1685466696647206
-8.038559058791352     1.5880205508032563
-7.884199340309497     2.255039833209817
-7.729839621827642     1.3679144588707286
-7.575479903345787     0.32629923321703747
-7.421120184863932     0.04483254471192872
-7.2667604663820775     0.023526166604744266
-7.112400747900223     0.06693068759603053
-6.958041029418368     0.23329419070661586
-6.803681310936513     0.4877460409877208
-6.649321592454658     0.7392029974366263
-6.4949618739728034     0.7022814316902304
-6.340602155490949     0.48650507087764727
-6.186242437009094     0.41567659119952105
-6.031882718527239     0.2709537068363804
-5.877523000045386     0.07618904593840697
-5.723163281563529     0.007478506003545042
-5.568803563081676     0.00023627819075513497
-5.41444384459982     2.3312594516859967e-06
-5.260084126117967     7.103585712168243e-09
-5.10572440763611     6.654063651039982e-12
-4.951364689154257     1.9114840789574273e-15
-4.7970049706724005     1.4749000581383106e-18
-4.6426452521905475     4.245078179574901e-15
-4.488285533708691     4.189611311239955e-12
-4.333925815226838     1.2562353067476187e-09
-4.179566096744981     1.1445660181839426e-07
-4.025206378263128     3.1760452967277577e-06
-3.8708466597812716     2.7820860478596377e-05
-3.7164869412994186     0.00011652320702790614
-3.562127222817562     0.0006558843810943511
-3.407767504335709     0.0023108582477595306
-3.2534077858538524     0.002778304884328509
-3.0990480673719993     0.0018235265149012525
-2.9446883488901427     0.003313333422685447
-2.7903286304082897     0.00686114693569435
-2.635968911926433     0.011637266155808484
-2.48160919344458     0.021013210673757967
-2.3272494749627235     0.0314021166009024
-2.1728897564808705     0.030022432304376654
-2.0185300379990174     0.02734143850042472
-1.8641703195171608     0.0374762744883244
-1.7098106010353078     0.04562305828018672
-1.5554508825534512     0.056034391302938046
-1.4010911640715982     0.07511551281642989
-1.2467314455897416     0.09088597647312735
-1.0923717271078885     0.08471416036918254
-0.938012008626032     0.06695492208040717
-0.7836522901441789     0.07288880499531024
-0.6292925716623223     0.10828330165277743
-0.4749328531804693     0.10660340339945328
-0.3205731346986127     0.06295663668045581
-0.16621341621675967     0.03255000628790966
-0.01185369773490308     0.01683868187582797
0.14250602074694996     0.00515553145167571
0.29686573922880655     0.0006679516271570282
0.4512254577106596     3.288860876971426e-05
0.6055851761925162     6.159957669023693e-07
0.7599448946743692     4.569695487488112e-09
0.9143046131562258     1.3330490453733996e-11
1.0686643316380788     1.41488722632814e-14
1.2230240501199354     5.021665103359407e-18
1.3773837686017885     5.657138344234146e-22
1.531743487083645     1.0992510846140752e-22
1.686103205565498     1.848763592550522e-18
1.8404629240473547     9.449341950981968e-15
1.9948226425292077     1.4677980937245858e-11
2.1491823610110643     6.93275696058283e-09
2.3035420794929173     9.970936768211606e-07
2.457901797974774     4.383572272100757e-05
2.612261516456627     0.0005955106340510014
2.7666212349384836     0.00258228267319072
2.9209809534203366     0.0039601568489343675
3.0753406719021896     0.0029868466540644836
3.229700390384046     0.003049871227468062
3.3840601088658993     0.00603161272042726
3.538419827347756     0.008514607066561828
3.692779545829609     0.009182383999263476
3.8471392643114655     0.007525237735134095
4.0014989827933185     0.005158534446466988
4.155858701275175     0.006243740699178306
4.310218419757028     0.006128047004696918
4.464578138238885     0.004502913501537887
4.618937856720738     0.002901290477504679
4.773297575202594     0.0008200008902307013
4.927657293684447     7.457366293129137e-05
5.082017012166304     2.0765120942843773e-06
5.236376730648157     1.7585743229338032e-08
5.390736449130014     4.525444126428617e-11
5.545096167611867     3.5389675404839216e-14
5.699455886093723     7.173034400764043e-14
5.853815604575576     1.9295192264503733e-10
6.008175323057433     1.5771638253405313e-07
6.162535041539286     3.917813279933717e-05
6.3168947600211425     0.002961611195919282
6.4712544785029955     0.06861973745186446
6.625614196984852     0.5063367659354523
6.779973915466705     1.4174565575908673
6.934333633948562     2.2942116637336825
7.088693352430415     2.6641596414728386
7.243053070912271     2.8145461869595856
7.397412789394124     3.3558712441399474
7.551772507875981     2.3949764692576103
7.706132226357834     0.6676692120752493
7.860491944839687     0.06305637955680952
8.014851663321544     0.005236740290440244
8.169211381803397     0.07193305876195451
8.323571100285253     0.4740682517667621
8.477930818767106     0.9940742017963741
8.632290537248963     1.027205195725001
8.786650255730816     1.4995750743730065
8.941009974212673     1.6505773920106057
9.095369692694526     1.0395357038987665
9.249729411176382     0.9849432574978808
9.404089129658235     0.7083945736664946
9.558448848140092     0.17189244792597544
9.712808566621945     0.012903099256999038
9.867168285103801     0.007827794489018143
10.021528003585654     0.12399230656564013
10.175887722067507     0.6350297845279507
10.330247440549364     1.164660535727849
10.48460715903122     1.242895021226221
10.638966877513077     0.9180097852209714
10.793326595994927     0.27708374107592115
10.947686314476783     0.03794091110365311
11.10204603295864     0.16135972083070674
11.256405751440496     0.6946615694282225
11.410765469922346     0.9129932633684841
11.565125188404203     0.3646970574815742
11.71948490688606     0.05155287694603111
11.873844625367916     0.1224906825466514
12.028204343849765     0.6301307374354967
12.182564062331622     1.2384016251186578
12.336923780813478     1.6179025475366262
12.491283499295335     2.4395271961729006
12.645643217777184     4.150337203004043
12.800002936259041     5.345294144290538
12.954362654740898     3.7383410415894804
13.108722373222747     1.5285055195461352
13.263082091704604     0.8944824206467212
13.41744181018646     1.2388377594163869
13.571801528668317     1.744941912010707
13.726161247150166     1.9341229974224918
13.880520965632023     0.9846226398159017
14.03488068411388     0.8209273721197032
14.189240402595736     0.9378440928735311
14.343600121077586     0.37226582028036875
14.497959839559442     0.04509655263674076
14.652319558041299     0.001659969974798101
14.806679276523155     1.8563677556711663e-05
14.961038995005005     6.307144910769596e-08
15.115398713486861     6.510383203155711e-11
15.269758431968718     2.0416696964054213e-14
15.424118150450575     1.6195852198356431e-16
15.578477868932424     6.888210786272934e-13
15.73283758741428     9.009447194207521e-10
15.887197305896137     3.5813164604629716e-07
16.041557024377994     4.331148049123677e-05
16.195916742859843     0.0016009579232827821
16.3502764613417     0.018476973202059297
16.504636179823557     0.07393012836775957
16.658995898305413     0.1554649454613891
16.813355616787263     0.30007790421591446
16.96771533526912     0.43049743399544893
17.122075053750976     0.3275667081538316
17.276434772232832     0.18242030087537023
17.430794490714682     0.22444591595338517
17.58515420919654     0.2277019627776166
17.739513927678395     0.1134576187633202
17.893873646160245     0.02375181248849983
18.0482333646421     0.0017855280190101173
18.202593083123958     4.3862011721107444e-05
18.356952801605814     3.3746817403873885e-07
18.511312520087664     8.116168467751257e-10
18.66567223856952     7.68567679352095e-09
18.820031957051377     1.4247415771371787e-06
18.974391675533234     8.024680325275307e-05
19.128751394015083     0.0013731767622238576
19.28311111249694     0.007140281622800761
19.437470830978796     0.011373070958886518
19.591830549460653     0.007508411790436761
19.746190267942502     0.015954121148271633
19.90054998642436     0.03999799773910212
20.054909704906215     0.046668529193391144
20.209269423388072     0.03085451706132629
