-21.93093372215828     1.1844326820738558
-21.776574003676426     1.4214493964349133
-21.62221428519457     1.06173929530538
-21.467854566712717     0.9359062968455084
-21.31349484823086     1.0091961482365102
-21.159135129749007     0.8893829557360227
-21.00477541126715     0.8635939399207471
-20.850415692785297     0.9889466653540456
-20.69605597430344     0.6835430708886704
-20.541696255821588     0.20087943077786613
-20.38733653733973     0.0204144687809013
-20.23297681885788     0.0006552509113706311
-20.07861710037602     6.457544713995363e-06
-19.92425738189417     1.9389157837470785e-08
-19.769897663412312     1.770101587403553e-11
-19.61553794493046     4.91082987940785e-15
-19.461178226448602     4.139703476340345e-19
-19.30681850796675     1.0602925683214607e-23
-19.152458789484893     8.251261242644371e-29
-18.99809907100304     1.9509767036418053e-34
-18.843739352521183     1.4015891483546103e-40
-18.68937963403933     3.0593294303832485e-47
-18.535019915557474     2.0289375326577033e-54
-18.38066019707562     4.088350102963595e-62
-18.226300478593764     2.503021169945254e-70
-18.07194076011191     4.656054803286636e-79
-17.917581041630058     2.631533149037411e-88
-17.7632213231482     4.518945727397446e-98
-17.608861604666345     3.159501901824346e-94
-17.45450188618449     1.2862649669948305e-84
-17.30014216770264     1.5922974129773134e-75
-17.145782449220782     5.993936083979809e-67
-16.991422730738925     6.861297708018048e-59
-16.837063012257072     2.3884628154201532e-51
-16.68270329377522     2.528484444093799e-44
-16.528343575293363     8.140344841706225e-38
-16.373983856811506     7.97033764217195e-32
-16.219624138329653     2.37340699651705e-26
-16.0652644198478     2.1495076138243062e-21
-15.910904701365943     5.92088296365433e-17
-15.756544982884089     4.960496197817909e-13
-15.602185264402234     1.2640709625693443e-09
-15.44782554592038     9.79870541866136e-07
-15.293465827438524     0.0002311368547713914
-15.139106108956671     0.01661364692941667
-14.984746390474815     0.36587070977439884
-14.830386671992962     2.5245226144294457
-14.676026953511105     5.994551323349551
-14.521667235029252     6.913673282486011
-14.367307516547395     6.644412803757943
-14.212947798065542     4.707334963070421
-14.058588079583686     3.449855698214175
-13.904228361101833     4.588461504418008
-13.749868642619978     3.3024589904659516
-13.595508924138123     0.8909087012100854
-13.441149205656268     0.08209301849968126
-13.286789487174413     0.0024319900221055953
-13.132429768692559     2.2428559909443133e-05
-12.978070050210704     3.948742254162593e-07
-12.823710331728849     1.6870838283088082e-05
-12.669350613246994     0.0002733906792435546
-12.51499089476514     0.0019398735749993103
-12.360631176283285     0.013635622301779175
-12.20627145780143     0.08191145451470558
-12.051911739319575     0.2776410940628731
-11.89755202083772     0.4570510789925333
-11.743192302355865     0.5083798935360087
-11.58883258387401     0.6785613896477973
-11.434472865392156     1.0325327070251595
-11.2801131469103     1.4879291630123133
-11.125753428428446     1.4152660119443938
-10.971393709946591     1.0934093244047134
-10.817033991464736     0.986433235025367
-10.662674272982882     0.9401373859300429
-10.508314554501027     0.9793559359421473
-10.353954836019172     0.9255762272593547
-10.199595117537317     0.6250478154676754
-10.045235399055462     0.27252227283741576
-9.890875680573608     0.05386987109617518
-9.736515962091753     0.0036966556058615936
-9.582156243609898     0.00013519377365320831
-9.427796525128045     0.004569514613372334
-9.27343680664619     0.11735634576021772
-9.119077088164335     0.9649480306660112
-8.96471736968248     2.94290057110608
-8.810357651200626     4.687311912842905
-8.65599793271877     5.1600557717901205
-8.501638214236916     4.785576831845084
-8.347278495755061     3.649995706075818
-8.192918777273206     1.9187241829084867
-8.038559058791352     2.5722835859271678
-7.884199340309497     3.6535157059442467
-7.729839621827642     2.2238195024315663
-7.575479903345787     0.5421887621146302
-7.421120184863932     0.09934116309280543
-7.2667604663820775     0.22384982926931668
-7.112400747900223     1.7140538921830137
-6.958041029418368     6.736237847369576
-6.803681310936513     14.515991948531326
-6.649321592454658     21.326918466051872
-6.4949618739728034     18.927957418912907
-6.340602155490949     12.758490302981734
-6.186242437009094     11.223697451453962
-6.031882718527239     7.352655718636737
-5.877523000045386     2.0664427211668803
-5.723163281563529     0.20337598611318602
-5.568803563081676     0.006453320625202953
-5.41444384459982     6.396904858451996e-05
-5.260084126117967     1.9578809581019493e-07
-5.10572440763611     1.8414330852609537e-10
-4.951364689154257     5.30901689432478e-14
-4.7970049706724005     1.3447792844783091e-17
-4.6426452521905475     2.877772332811587e-14
-4.488285533708691     2.8716866277472372e-11
-4.333925815226838     8.70791062339628e-09
-4.179566096744981     8.024032219789582e-07
-4.025206378263128     2.247213670211996e-05
-3.8708466597812716     0.00019179295277704713
-3.7164869412994186     0.0005212506480939559
-3.562127222817562     0.0007533554010487657
-3.407767504335709     0.001643047265093733
-3.2534077858538524     0.0021626954167455656
-3.0990480673719993     0.0018080977850076212
-2.9446883488901427     0.0048127807922526775
-2.7903286304082897     0.011502170727461798
-2.635968911926433     0.014326895413834684
-2.48160919344458     0.017416215926827648
-2.3272494749627235     0.024623800450295927
-2.1728897564808705     0.029028722436292655
-2.0185300379990174     0.03561282303777551
-1.8641703195171608     0.04408588236321696
-1.7098106010353078     0.04461814197738809
-1.5554508825534512     0.0533266073237063
-1.4010911640715982     0.07664765178757767
-1.2467314455897416     0.0861220087397126
-1.0923717271078885     0.08557858946199651
-0.938012008626032     0.08130565559264646
-0.7836522901441789     0.0641326293799255
-0.6292925716623223     0.053812519824491326
-0.4749328531804693     0.05060753888144098
-0.3205731346986127     0.05121822155937523
-0.16621341621675967     0.05639662360408543
-0.01185369773490308     0.048497133659326785
0.14250602074694996     0.019479210138217684
0.29686573922880655     0.00286971227627818
0.4512254577106596     0.00014466752608238262
0.6055851761925162     2.495590879962322e-06
0.7599448946743692     1.532150768663151e-08
0.9143046131562258     3.5259027468293916e-11
1.0686643316380788     3.082145175590006e-14
1.2230240501199354     9.751098455042814e-18
1.3773837686017885     1.0417865658885613e-21
1.531743487083645     3.199384349646748e-23
1.686103205565498     5.405045769528683e-19
1.8404629240473547     2.778519054824436e-15
1.9948226425292077     4.343793249371997e-12
2.1491823610110643     2.0683442075631245e-09
2.3035420794929173     3.0118518119581507e-07
2.457901797974774     1.3559647362550972e-05
2.612261516456627     0.0001944187517733471
2.7666212349384836     0.0009600428424000341
2.9209809534203366     0.0019440101726977078
3.0753406719021896     0.00208256540839059
3.229700390384046     0.0020378270201210002
3.3840601088658993     0.004086063655989505
3.538419827347756     0.008132841492013978
3.692779545829609     0.01244277516244949
3.8471392643114655     0.011398849748269779
4.0014989827933185     0.006950975091433371
4.155858701275175     0.005928214826119989
4.310218419757028     0.004049293918202891
4.464578138238885     0.0017160610159952523
4.618937856720738     0.0007479232418682468
4.773297575202594     0.00019725661757854859
4.927657293684447     1.8065338773181407e-05
5.082017012166304     5.126405136999978e-07
5.236376730648157     4.434413976155432e-09
5.390736449130014     1.1664524665258693e-11
5.545096167611867     9.354949477484191e-15
5.699455886093723     2.4808484816200696e-13
5.853815604575576     6.695471469924369e-10
6.008175323057433     5.490759773354604e-07
6.162535041539286     0.00013685449360024816
6.3168947600211425     0.01038102407537152
6.4712544785029955     0.2413806291062232
6.625614196984852     1.7878381491087918
6.779973915466705     5.027147318605755
6.934333633948562     8.169637327438075
7.088693352430415     9.435844605070645
7.243053070912271     9.767699334041673
7.397412789394124     11.59080655866957
7.551772507875981     8.330633500826911
7.706132226357834     2.338993319209921
7.860491944839687     0.2220361181878538
8.014851663321544     0.007171135990144443
8.169211381803397     0.008835042202334293
8.323571100285253     0.057895791450042526
8.477930818767106     0.11798718170379725
8.632290537248963     0.09333364342802716
8.786650255730816     0.10612207080227426
8.941009974212673     0.14427007782458687
9.095369692694526     0.07871982866932209
9.249729411176382     0.018194665263068635
9.404089129658235     0.0046180174098732945
9.558448848140092     0.0009678236623011435
9.712808566621945     7.275690413438259e-05
9.867168285103801     7.662613193950933e-05
10.021528003585654     0.0012673854167247257
10.175887722067507     0.007553518736770053
10.330247440549364     0.025345378668684842
10.48460715903122     0.05986241255200746
10.638966877513077     0.0592279675320179
10.793326595994927     0.018833107452688163
10.947686314476783     0.002199584949280433
11.10204603295864     0.005313492085806554
11.256405751440496     0.02287186769630123
11.410765469922346     0.030221042575639793
11.565125188404203     0.012139133152501886
11.71948490688606     0.0018024024345462653
11.873844625367916     0.0053933599766406975
12.028204343849765     0.0278586942650983
12.182564062331622     0.054059621709141095
12.336923780813478     0.06901433057406406
12.491283499295335     0.10591601012581789
12.645643217777184     0.18930199589818303
12.800002936259041     0.2638020652608194
12.954362654740898     0.20986289141098358
13.108722373222747     0.1004048403012784
13.263082091704604     0.05109952094034205
13.41744181018646     0.059327884161959464
13.571801528668317     0.07536199697918433
13.726161247150166     0.07865439192547338
13.880520965632023     0.0385113699735682
14.03488068411388     0.029901211058416404
14.189240402595736     0.03388931879292749
14.343600121077586     0.013490241094975456
14.497959839559442     0.0016394894058209858
14.652319558041299     6.05485242563676e-05
14.806679276523155     6.794262288799303e-07
14.961038995005005     2.3164516303316757e-09
15.115398713486861     2.3996428645694432e-12
15.269758431968718     7.556372674499914e-16
15.424118150450575     4.9506867241114734e-15
15.578477868932424     2.1340193602761345e-11
15.73283758741428     2.7952932478370338e-08
15.887197305896137     1.1130288728339707e-05
16.041557024377994     0.0013492587202389695
16.195916742859843     0.05011860543667783
16.3502764613417     0.5871918379716077
16.504636179823557     2.475685918279804
16.658995898305413     5.829301448381547
16.813355616787263     11.708369215373345
16.96771533526912     15.857170493642123
17.122075053750976     11.367000685351275
17.276434772232832     5.876825077213398
17.430794490714682     6.67153419600425
17.58515420919654     6.60046629499665
17.739513927678395     3.219172934318535
17.893873646160245     0.6585841942869526
18.0482333646421     0.04870314334569269
18.202593083123958     0.0011861607479836962
18.356952801605814     9.094902283580267e-06
18.511312520087664     2.4269320343701108e-08
18.66567223856952     1.6787085252816412e-06
18.820031957051377     0.0003114789837274581
18.974391675533234     0.01755994657135259
19.128751394015083     0.30078534833776704
19.28311111249694     1.5657117546795578
19.437470830978796     2.497212022687964
19.591830549460653     1.6788861845423049
19.746190267942502     3.8586353909481512
19.90054998642436     9.90689062507727
20.054909704906215     11.092475671939496
20.209269423388072     6.7179624768188475
