-21.93093372215828     4.025231826694465e-05
-21.776574003676426     0.0001451653742860066
-21.62221428519457     0.0001647169757003467
-21.467854566712717     6.81642093830502e-05
-21.31349484823086     4.399821670698428e-05
-21.159135129749007     4.7315152962091497e-05
-21.00477541126715     3.045194952941646e-05
-20.850415692785297     2.174552130706352e-05
-20.69605597430344     1.2269538110242472e-05
-20.541696255821588     3.3007189872734993e-06
-20.38733653733973     3.256949043511553e-07
-20.23297681885788     1.0368512603074372e-08
-20.07861710037602     1.0196357946295561e-10
-19.92425738189417     3.0597369390853334e-13
-19.769897663412312     2.792701729510559e-16
-19.61553794493046     7.746381678034658e-20
-19.461178226448602     6.528473186647528e-24
-19.30681850796675     1.6716216260029495e-28
-19.152458789484893     1.3003837540164348e-33
-18.99809907100304     3.0733400856976126e-39
-18.843739352521183     2.2067584843855212e-45
-18.68937963403933     4.813976617743972e-52
-18.535019915557474     3.190495276134585e-59
-18.38066019707562     6.424172378599312e-67
-18.226300478593764     3.9298974169939643e-75
-18.07194076011191     7.303822162874683e-84
-17.917581041630058     4.124051825157801e-93
-17.7632213231482     7.074623295181299e-103
-17.608861604666345     7.210767917112981e-99
-17.45450188618449     2.90614503326076e-89
-17.30014216770264     3.5596395420962735e-80
-17.145782449220782     1.325123106205653e-71
-16.991422730738925     1.499259331432398e-63
-16.837063012257072     5.155572013272061e-56
-16.68270329377522     5.388478152524124e-49
-16.528343575293363     1.7118061062546257e-42
-16.373983856811506     1.6529232325242733e-36
-16.219624138329653     4.8514531182687025e-31
-16.0652644198478     4.328385435716013e-26
-15.910904701365943     1.1739187129397437e-21
-15.756544982884089     9.679825213318105e-18
-15.602185264402234     2.427839682076958e-14
-15.44782554592038     1.8556279713850186e-11
-15.293465827438524     4.3533996359045894e-09
-15.139106108956671     3.2236100667576e-07
-14.984746390474815     8.274251606750516e-06
-14.830386671992962     9.026609386936369e-05
-14.676026953511105     0.00047700855652816834
-14.521667235029252     0.0010754230019729112
-14.367307516547395     0.0009659765466613815
-14.212947798065542     0.0004515488626013891
-14.058588079583686     0.0003292592659634087
-13.904228361101833     0.00038565163680518507
-13.749868642619978     0.00019963313122200825
-13.595508924138123     3.851355735331588e-05
-13.441149205656268     2.79943211663493e-06
-13.286789487174413     7.300957112055617e-08
-13.132429768692559     7.136396410656639e-09
-12.978070050210704     1.0828664931452515e-06
-12.823710331728849     5.491192157673926e-05
-12.669350613246994     0.0008624613151070928
-12.51499089476514     0.004826536466290569
-12.360631176283285     0.01742613476722403
-12.20627145780143     0.05180211759811795
-12.051911739319575     0.08021539392041238
-11.89755202083772     0.12931603356068436
-11.743192302355865     0.3110230956065062
-11.58883258387401     0.44048522069953644
-11.434472865392156     0.590922855470896
-11.2801131469103     1.0659211200598149
-11.125753428428446     1.246465903509736
-10.971393709946591     1.1740669857086943
-10.817033991464736     1.4149456058960452
-10.662674272982882     1.49072509722539
-10.508314554501027     1.3735330782963895
-10.353954836019172     1.24886828456876
-10.199595117537317     0.7738390428399139
-10.045235399055462     0.26977124053383544
-9.890875680573608     0.04190391160518451
-9.736515962091753     0.0023258023889360484
-9.582156243609898     4.188309313698833e-05
-9.427796525128045     1.5609056301983737e-06
-9.27343680664619     3.438316780035748e-05
-9.119077088164335     0.00029747257912825627
-8.96471736968248     0.0010848749375059626
-8.810357651200626     0.002416934617150055
-8.65599793271877     0.003937292744066423
-8.501638214236916     0.006409462035551767
-8.347278495755061     0.009327851105545737
-8.192918777273206     0.04862215059202237
-8.038559058791352     0.49840646569575603
-7.884199340309497     2.3915650087330764
-7.729839621827642     5.318774410122018
-7.575479903345787     7.5373684792248445
-7.421120184863932     9.051504438199185
-7.2667604663820775     8.015816555425847
-7.112400747900223     4.397690792558061
-6.958041029418368     1.3014941309149202
-6.803681310936513     0.18645967912741573
-6.649321592454658     0.057861323941235866
-6.4949618739728034     0.03539946410612078
-6.340602155490949     0.0159723376634728
-6.186242437009094     0.012246715425703157
-6.031882718527239     0.006991438135926011
-5.877523000045386     0.0017874705668165253
-5.723163281563529     0.00016982020413342484
-5.568803563081676     5.346159533104192e-06
-5.41444384459982     5.3051399240712425e-08
-5.260084126117967     1.6292660085355788e-10
-5.10572440763611     1.5379158679472344e-13
-4.951364689154257     4.454646330112989e-17
-4.7970049706724005     6.954405786400336e-16
-4.6426452521905475     2.2591255967419773e-12
-4.488285533708691     2.229606100803845e-09
-4.333925815226838     6.685302878353003e-07
-4.179566096744981     6.0900755720474605e-05
-4.025206378263128     0.0016857377995336386
-3.8708466597812716     0.0142094299174337
-3.7164869412994186     0.03783595619347777
-3.562127222817562     0.050328474288050325
-3.407767504335709     0.10226834262779615
-3.2534077858538524     0.14315663257049335
-3.0990480673719993     0.17942862912761776
-2.9446883488901427     0.47201126906578
-2.7903286304082897     1.0386413285732599
-2.635968911926433     1.9365406135574297
-2.48160919344458     3.465074177788168
-2.3272494749627235     4.575455935684657
-2.1728897564808705     4.473562563412969
-2.0185300379990174     4.233350985514542
-1.8641703195171608     4.197311128151617
-1.7098106010353078     4.134763879021671
-1.5554508825534512     3.721535591676887
-1.4010911640715982     2.6106545209702317
-1.2467314455897416     1.53607863388712
-1.0923717271078885     1.0805363137665773
-0.938012008626032     0.8873372709106363
-0.7836522901441789     0.8934210056640868
-0.6292925716623223     1.0550471312860215
-0.4749328531804693     0.9538738610576779
-0.3205731346986127     0.9328113566446116
-0.16621341621675967     1.5532690606542066
-0.01185369773490308     1.9083350356150879
0.14250602074694996     0.9642188937395932
0.29686573922880655     0.17121877641299102
0.4512254577106596     0.010296735160394688
0.6055851761925162     0.00021181506684022472
0.7599448946743692     1.5445356575624532e-06
0.9143046131562258     4.117337932504962e-09
1.0686643316380788     3.971220250935237e-12
1.2230240501199354     1.3194361834117977e-15
1.3773837686017885     1.4324592401242698e-19
1.531743487083645     7.53936276482449e-20
1.686103205565498     1.2683567709632938e-15
1.8404629240473547     6.485647001826965e-12
1.9948226425292077     1.0086120302852743e-08
2.1491823610110643     4.77858705937125e-06
2.3035420794929173     0.0006928686872346584
2.457901797974774     0.031116537378503402
2.612261516456627     0.44668952035675763
2.7666212349384836     2.2187206070390477
2.9209809534203366     4.510881212288684
3.0753406719021896     4.8759445544112605
3.229700390384046     5.254913551468117
3.3840601088658993     10.030429412678954
3.538419827347756     14.8703753984886
3.692779545829609     16.313969556720977
3.8471392643114655     14.49345921581223
4.0014989827933185     10.935915506674172
4.155858701275175     10.66175870850552
4.310218419757028     8.079558202534175
4.464578138238885     4.049627060341061
4.618937856720738     1.9375745078093674
4.773297575202594     0.5106977427645049
4.927657293684447     0.04593261408552013
5.082017012166304     0.0012767744735367236
5.236376730648157     1.0809825577355168e-05
5.390736449130014     2.7816292326183775e-08
5.545096167611867     2.1747629168774676e-11
5.699455886093723     5.226030128635079e-15
5.853815604575576     1.6216402304744977e-13
6.008175323057433     1.3259526182451077e-10
6.162535041539286     3.299363685747545e-08
6.3168947600211425     2.5151859924119046e-06
6.4712544785029955     6.068655293004064e-05
6.625614196984852     0.0005304550599532634
6.779973915466705     0.002295598031740926
6.934333633948562     0.005459410958965567
7.088693352430415     0.00572571544582976
7.243053070912271     0.0032926730213646872
7.397412789394124     0.0022933014501301356
7.551772507875981     0.0014997840997108762
7.706132226357834     0.0004352572483700944
7.860491944839687     4.2808183153955815e-05
8.014851663321544     1.5783516568241016e-06
8.169211381803397     5.288086095409819e-06
8.323571100285253     3.475455835961497e-05
8.477930818767106     7.242477717491443e-05
8.632290537248963     7.264843081237526e-05
8.786650255730816     0.00011138355430163542
8.941009974212673     0.00013897787620159786
9.095369692694526     0.00010327586326938624
9.249729411176382     0.00011264872909923269
9.404089129658235     8.260278124653584e-05
9.558448848140092     2.006883129349701e-05
9.712808566621945     1.5127812878656405e-06
9.867168285103801     1.2484185620403374e-06
10.021528003585654     1.9998416952407504e-05
10.175887722067507     0.00010321333044081257
10.330247440549364     0.00019804892982978772
10.48460715903122     0.0002363357250282659
10.638966877513077     0.0001858725451535686
10.793326595994927     5.713132743278308e-05
10.947686314476783     2.4017745884091762e-05
11.10204603295864     0.00026421392279657083
11.256405751440496     0.0011423110823989523
11.410765469922346     0.0015013510806476372
11.565125188404203     0.000599550828513403
11.71948490688606     7.574434591275623e-05
11.873844625367916     5.218877451777345e-05
12.028204343849765     0.00025015011896626683
12.182564062331622     0.00043062152074160664
12.336923780813478     0.0006412985353449203
12.491283499295335     0.0024453655606299597
12.645643217777184     0.006052007563919095
12.800002936259041     0.0069260063322931185
12.954362654740898     0.003765531304372283
13.108722373222747     0.001205785447358534
13.263082091704604     0.0007325936265671453
13.41744181018646     0.001123421839784017
13.571801528668317     0.001754718343505118
13.726161247150166     0.0021061782206504044
13.880520965632023     0.0012571209744067584
14.03488068411388     0.001551119175957143
14.189240402595736     0.0018722384419457671
14.343600121077586     0.000744526464974124
14.497959839559442     9.019743164047715e-05
14.652319558041299     3.3201046597037644e-06
14.806679276523155     3.7129198924900016e-08
14.961038995005005     1.261491628876016e-10
15.115398713486861     1.302141306108837e-13
15.269758431968718     4.083540579692672e-17
15.424118150450575     9.64649401278302e-20
15.578477868932424     3.9851451414557974e-16
15.73283758741428     5.21255159348514e-13
15.887197305896137     2.072350240044327e-10
16.041557024377994     2.508345380588731e-08
16.195916742859843     9.320339197562753e-07
16.3502764613417     1.1157655387292744e-05
16.504636179823557     5.600421278322926e-05
16.658995898305413     0.0002183070810250974
16.813355616787263     0.0006063517277336703
16.96771533526912     0.0007925019832590339
17.122075053750976     0.0005101974700240055
17.276434772232832     0.0003976582042603464
17.430794490714682     0.0005377746979493775
17.58515420919654     0.00046386149831482146
17.739513927678395     0.00021028126395960075
17.893873646160245     4.091225094006442e-05
18.0482333646421     2.8970669307276067e-06
18.202593083123958     6.846927398619944e-08
18.356952801605814     5.15741552524919e-10
18.511312520087664     1.262139279468592e-12
18.66567223856952     3.2920277893228916e-11
18.820031957051377     6.102933864725772e-09
18.974391675533234     3.4374022291665545e-07
19.128751394015083     5.882099435280366e-06
19.28311111249694     3.060113107856316e-05
19.437470830978796     5.0282023040907504e-05
19.591830549460653     7.986913424676685e-05
19.746190267942502     0.0005116334453372322
19.90054998642436     0.0014569547084949757
20.054909704906215     0.0014819159229330725
20.209269423388072     0.0007451201302987601
