-21.247764702323842     2.452217912082463
-21.095423311040545     4.412912280243026
-20.943081919757248     6.458999354136471
-20.79074052847395     5.635001029875642
-20.638399137190653     3.134227348356117
-20.486057745907356     1.834080589611577
-20.33371635462406     0.6943203489485719
-20.18137496334076     0.09414357742158125
-20.029033572057465     0.004064505598697981
-19.876692180774167     5.508841665600677e-05
-19.72435078949087     2.3401692775592433e-07
-19.572009398207573     3.115217060222428e-10
-19.419668006924276     1.2994935803889116e-13
-19.26732661564098     1.6986491149379858e-17
-19.11498522435768     6.957877899504403e-22
-18.962643833074385     8.930864514699491e-27
-18.810302441791087     3.5921442431285e-32
-18.65796105050779     4.527491061881977e-38
-18.505619659224493     1.7881543447262014e-44
-18.353278267941196     2.2130741659244663e-51
-18.2009368766579     8.58282978315106e-59
-18.0485954853746     1.0430583273205504e-66
-17.896254094091304     3.9721921887958787e-75
-17.743912702808007     4.740186991947993e-84
-17.59157131152471     1.7725735209534066e-93
-17.439229920241413     2.0770961580771472e-103
-17.286888528958116     4.294446546700199e-104
-17.13454713767482     4.0010224917311797e-94
-16.98220574639152     1.1680961489637974e-84
-16.829864355108224     1.0686366356430015e-75
-16.677522963824927     3.063553936446696e-67
-16.52518157254163     2.7521070248967203e-59
-16.372840181258333     7.747295371275502e-52
-16.220498789975036     6.834101822173531e-45
-16.06815739869174     1.8891336542953052e-38
-15.915816007408441     1.636444446992824e-32
-15.763474616125144     4.4423580853170934e-27
-15.611133224841847     3.7795110404589314e-22
-15.45879183355855     1.0079680085562884e-17
-15.306450442275253     8.429878606992007e-14
-15.154109050991956     2.212799197105043e-10
-15.001767659708658     1.8266110433876323e-07
-14.849426268425361     4.761653451637433e-05
-14.697084877142064     0.003955910218494615
-14.544743485858767     0.10688787240485091
-14.39240209457547     0.9867795496929921
-14.240060703292173     3.5709943491433167
-14.087719312008876     6.926700463120886
-13.935377920725578     8.790964815719528
-13.783036529442281     6.268993395037733
-13.630695138158984     3.2583500141017323
-13.478353746875687     1.4786147374718506
-13.32601235559239     0.3056226179828655
-13.173670964309093     0.02152247717328182
-13.021329573025795     0.007021449964885065
-12.868988181742498     0.0308627978358834
-12.716646790459201     0.04732259667634626
-12.564305399175904     0.029240739662574677
-12.411964007892607     0.018834192929946994
-12.25962261660931     0.03401402991182148
-12.107281225326012     0.05568117305523203
-11.954939834042715     0.06649089771722932
-11.802598442759418     0.14457950439035416
-11.650257051476121     0.40567456923567274
-11.497915660192824     1.0940939676573485
-11.345574268909527     2.335531611534581
-11.19323287762623     4.07688593836161
-11.040891486342932     5.921610215565746
-10.888550095059635     7.007051795606736
-10.736208703776338     7.95902108938805
-10.583867312493041     8.307971986306686
-10.431525921209744     6.591194104645387
-10.279184529926447     5.229403321487579
-10.12684313864315     5.210075661257058
-9.974501747359852     4.1865459925535555
-9.822160356076555     1.7906233193916208
-9.669818964793258     0.3044031824525769
-9.51747757350996     0.017710656972591374
-9.365136182226664     0.0003336778016412341
-9.212794790943367     1.9977615409744826e-06
-9.06045339966007     2.0511390212675523e-08
-8.908112008376772     5.963520641010917e-06
-8.755770617093475     0.0006740056896745816
-8.603429225810178     0.024547288205820417
-8.45108783452688     0.2996599473448569
-8.298746443243584     1.36956115289544
-8.146405051960286     3.091723663628364
-7.994063660676989     4.500705831882916
-7.841722269393692     3.7416699481858657
-7.689380878110395     1.9897773721234429
-7.537039486827098     1.0046286749206743
-7.384698095543801     0.30567499467741277
-7.2323567042605035     0.05045875161565848
-7.080015312977206     0.008168647206022221
-6.927673921693909     0.03970838186657394
-6.775332530410612     0.7037178259741229
-6.622991139127315     4.476050670541272
-6.470649747844018     11.972175597413791
-6.3183083565607205     18.977607690880774
-6.165966965277423     19.869347449465884
-6.013625573994126     12.416771418232745
-5.861284182710829     6.2600884710289
-5.708942791427532     2.318042459209459
-5.556601400144235     0.3729268698933658
-5.404260008860938     0.02100830079903957
-5.2519186175776404     0.0003900138731048338
-5.099577226294343     2.328930070792296e-06
-4.947235835011046     4.623843375819188e-09
-4.794894443727749     5.818875531534439e-08
-4.642553052444452     5.163027046241874e-06
-4.490211661161155     0.00014367094241385272
-4.3378702698778575     0.0012577758606799052
-4.18552887859456     0.0035215399964851155
-4.033187487311263     0.003438744437770898
-3.880846096027966     0.0020001211464008187
-3.728504704744669     0.002717671096874268
-3.5761633134613717     0.003633531023032553
-3.4238219221780746     0.002247668935211526
-3.2714805308947774     0.0006711846001425705
-3.1191391396114803     0.0009860532148453047
-2.966797748328183     0.006659437360674241
-2.814456357044886     0.018621436099357017
-2.662114965761589     0.024645970093932133
-2.5097735744782916     0.023299906438800155
-2.3574321831949945     0.02465381659391381
-2.2050907919116973     0.027606553402559783
-2.0527494006284     0.026349179375696127
-1.900408009345103     0.028911680668216325
-1.7480666180618059     0.03716940945390583
-1.5957252267785087     0.043627283631188674
-1.4433838354952115     0.05304197035513346
-1.2910424442119144     0.07202011030726321
-1.1387010529286172     0.0971522469549088
-0.9863596616453201     0.10927290486985106
-0.8340182703620229     0.11249509520467833
-0.6816768790787258     0.12468217105674392
-0.5293354877954286     0.12373332671598525
-0.37699409651213145     0.08208567435851985
-0.2246527052288343     0.03489148680847322
-0.07231131394553714     0.01204055820637973
0.08003007733776002     0.005134065030112332
0.23237146862105718     0.002705838056491056
0.38471285990435433     0.0023166282263616875
0.5370542511876515     0.0015584232838797489
0.6893956424709486     0.00041563085424402746
0.8417370337542458     4.775086274716712e-05
0.994078425037543     7.172969622572295e-05
1.1464198163208401     0.0001479837750557851
1.2987612076041373     9.711000726009417e-05
1.4511025988874344     1.9970377681163484e-05
1.6034439901707316     1.2869226876705049e-06
1.7557853814540287     2.5990838911734643e-08
1.908126772737326     2.2107673929525107e-09
2.060468164020623     3.817761645875054e-07
2.21280955530392     2.2568687585640996e-05
2.3651509465872174     0.00042459926307622585
2.5174923378705145     0.002571941446790237
2.6698337291538117     0.005371935517217919
2.822175120437109     0.005782381914105406
2.974516511720406     0.0061826732272932195
3.126857903003703     0.005417192010314317
3.2791992942870003     0.004669166057943915
3.4315406855702975     0.005247983583758154
3.5838820768535946     0.0072912301406571935
3.7362234681368918     0.008427340176656684
3.888564859420189     0.009312402721731831
4.040906250703486     0.01113447205653263
4.193247641986783     0.012301222927094064
4.34558903327008     0.011410695422254508
4.4979304245533775     0.00786836799673721
4.650271815836675     0.003369529423740389
4.802613207119972     0.0006496155341976058
4.954954598403269     4.5505514820693026e-05
5.107295989686566     1.0615604411727883e-06
5.259637380969863     7.97015312885684e-09
5.4119787722531605     1.8980716738142528e-11
5.564320163536458     1.4244335251974107e-14
5.716661554819755     3.3586144898529533e-18
5.869002946103052     1.6461021038599881e-18
6.021344337386349     9.7309853497661e-15
6.173685728669646     1.8028768415427088e-11
6.326027119952943     1.046693494830177e-08
6.478368511236241     1.904243535956908e-06
6.630709902519538     0.00010857340132757224
6.783051293802835     0.001942151608828234
6.935392685086132     0.011017471201065917
7.087734076369429     0.02225872368535895
7.240075467652726     0.03494507387826322
7.3924168589360235     0.07638985207695667
7.544758250219321     0.09433785800551744
7.697099641502618     0.06041441306431033
7.849441032785915     0.029450143029743026
8.001782424069212     0.009348060505553603
8.15412381535251     0.0012033266486889103
8.306465206635806     5.182360733364668e-05
8.458806597919104     7.110666710860338e-07
8.6111479892024     3.070588987280764e-09
8.763489380485698     4.1598697175094005e-12
8.915830771768995     1.7665122529488547e-15
9.068172163052292     2.3508975238755436e-19
9.22051355433559     9.804021492550139e-24
9.372854945618887     1.2812124436789356e-28
9.525196336902184     5.246654257130648e-34
9.67753772818548     6.732674689591585e-40
9.829879119468778     2.7073011364368136e-46
9.982220510752075     3.411373077933621e-53
10.134561902035372     5.721409189252194e-56
10.28690329331867     1.0238210703752448e-48
10.439244684601967     5.753894341500914e-42
10.591586075885264     1.0161714693145847e-35
10.743927467168561     5.643851440678697e-30
10.896268858451855     9.867840195958827e-25
11.048610249735155     5.438373282817395e-20
11.200951641018456     9.463331570755608e-16
11.35329303230175     5.210586658118799e-12
11.505634423585043     9.103429572989112e-09
11.657975814868344     5.064734040545004e-06
11.810317206151645     0.0009015867659430661
11.962658597434938     0.05171554336210862
12.114999988718232     0.9691451781987369
12.267341380001533     6.180035837836877
12.419682771284833     15.671641654529923
12.572024162568127     24.26989211007455
12.72436555385142     29.481312401617245
12.876706945134721     22.55518597557271
13.029048336418022     13.548032280191507
13.181389727701315     9.65931579091988
13.333731118984609     6.258108256461792
13.48607251026791     4.675555176238365
13.63841390155121     6.947482189552255
13.790755292834504     11.576499719458962
13.943096684117798     12.311244992918358
14.095438075401098     8.990186780940617
14.247779466684399     5.013094628537427
14.400120857967693     1.3531587293122689
14.552462249250986     0.13382809955999087
14.704803640534287     0.004413051654125194
14.857145031817588     4.6777363175996644e-05
15.009486423100881     1.5698122422145556e-07
15.161827814384175     1.657618257833574e-10
15.314169205667476     5.493750741411028e-14
15.466510596950776     5.7091868555746e-18
15.61885198823407     3.445739013887057e-22
15.771193379517364     4.911052564890616e-18
15.923534770800664     4.76566783967998e-14
16.075876162083965     1.4496960488308946e-10
16.22821755336726     1.3833237696898736e-07
16.380558944650552     4.14846125507479e-05
16.532900335933853     0.0039313829253533935
16.685241727217154     0.11967594414546398
16.837583118500447     1.2316969227837877
16.98992450978374     5.028873866875971
17.14226590106704     11.823478204020653
17.294607292350342     21.912731704668495
17.446948683633636     28.932403109992805
17.59929007491693     23.43631176120318
17.75163146620023     11.25388820104167
17.90397285748353     2.9812929789519096
18.056314248766824     0.3496076347342617
18.208655640050118     0.015017319028802621
18.36099703133342     0.00021627301484681422
18.51333842261672     1.0080673552036957e-06
18.665679813900013     1.5358973010249376e-09
18.818021205183307     4.431357609372138e-08
18.970362596466607     1.611204755223134e-05
19.122703987749908     0.0018360141238023752
19.2750453790332     0.06562591737064057
19.427386770316495     0.7403380168020961
19.579728161599796     2.759729700286683
19.732069552883097     4.593644445033526
19.88441094416639     7.621639515461355
20.036752335449684     12.113378309239037
20.189093726732985     12.233533105090332
20.341435118016282     7.69398522317893
