-21.26833650902323     0.4449847469796696
-21.11599412098592     0.8058218914922012
-20.96365173294861     1.191953145725855
-20.8113093449113     1.0478354593212729
-20.658966956873993     0.5855873205693563
-20.506624568836685     0.3433324464724669
-20.354282180799373     0.1300202809489319
-20.201939792762065     0.017632818561619912
-20.049597404724757     0.0007613986521768826
-19.89725501668745     1.0321303308208764e-05
-19.744912628650138     4.385186524835566e-08
-19.59257024061283     5.838379869025839e-11
-19.44022785257552     2.4357802767808563e-14
-19.287885464538213     3.1843755597526924e-18
-19.135543076500902     1.3045199998998664e-22
-18.983200688463594     1.6746246295437786e-27
-18.830858300426286     6.736347430061882e-33
-18.678515912388974     8.491252444685736e-39
-18.526173524351666     3.353970961573651e-45
-18.373831136314358     4.151328630564547e-52
-18.22148874827705     1.610108720112531e-59
-18.06914636023974     1.9568771423384955e-67
-17.91680397220243     7.452675119328307e-76
-17.764461584165122     8.894081194679039e-85
-17.612119196127814     3.3260613906201923e-94
-17.459776808090503     3.897621865077191e-104
-17.307434420053195     2.7509006645243e-104
-17.155092032015887     2.5644860334993105e-94
-17.002749643978575     7.491453570963815e-85
-16.850407255941267     6.857601342374867e-76
-16.69806486790396     1.967065879085065e-67
-16.54572247986665     1.7680983310788e-59
-16.393380091829343     4.980069954194806e-52
-16.24103770379203     4.395491988604772e-45
-16.088695315754723     1.2156984586737323e-38
-15.936352927717415     1.0536535480766631e-32
-15.784010539680105     2.8618007931297503e-27
-15.631668151642796     2.436047652610999e-22
-15.479325763605488     6.500016150032947e-18
-15.32698337556818     5.4387063728365744e-14
-15.17464098753087     1.4282454635814858e-10
-15.02229859949356     1.1793791037774314e-07
-14.869956211456252     3.074882896787235e-05
-14.717613823418942     0.0025539291647140943
-14.565271435381632     0.06893543990889735
-14.412929047344324     0.6348827491385168
-14.260586659307016     2.2886737857640584
-14.108244271269706     4.428082906910998
-13.955901883232396     5.624811971520101
-13.803559495195088     4.0130435813897565
-13.65121710715778     2.0830425081874266
-13.49887471912047     0.944655618233157
-13.34653233108316     0.1952723228992868
-13.194189943045853     0.013517473841441967
-13.041847555008543     0.0009503363591676922
-12.889505166971235     0.0030970677492158814
-12.737162778933925     0.004830240480286264
-12.584820390896617     0.0033198725471620064
-12.432478002859307     0.0028613530700478326
-12.280135614822     0.004941907200460886
-12.12779322678469     0.006559780442810692
-11.975450838747381     0.007807992552934806
-11.823108450710071     0.017273505676479978
-11.670766062672763     0.039114064521650754
-11.518423674635454     0.08779897350403983
-11.366081286598144     0.18583221549206458
-11.213738898560836     0.33504459826001565
-11.061396510523526     0.47929680740717906
-10.909054122486218     0.5789517828995887
-10.756711734448908     0.7168585036339137
-10.6043693464116     0.7948658077919389
-10.45202695837429     0.6819231674337384
-10.299684570336982     0.6110266852926345
-10.147342182299672     0.6457706278641001
-9.994999794262364     0.5439703911238999
-9.842657406225054     0.23922417882916158
-9.690315018187746     0.04114035330455405
-9.537972630150437     0.0024102552659119067
-9.385630242113129     4.571005908736773e-05
-9.233287854075819     2.7565447485754355e-07
-9.08094546603851     1.7687297486616508e-08
-8.928603078001201     6.132398007555708e-06
-8.776260689963891     0.0006950941553615912
-8.623918301926583     0.025391781911266124
-8.471575913889273     0.31089425963226935
-8.319233525851965     1.4232868907726912
-8.166891137814655     3.2031028214305692
-8.014548749777347     4.633860588029513
-7.8622063617400375     3.8430141870692043
-7.7098639737027295     2.050496385604019
-7.55752158566542     1.0430052430472423
-7.405179197628112     0.3213351420805829
-7.252836809590802     0.054283014993822064
-7.100494421553494     0.008598880067069619
-6.948152033516184     0.025423655886236653
-6.795809645478876     0.4442314678728356
-6.643467257441566     2.82016834496868
-6.491124869404256     7.520532657896537
-6.338782481366948     11.921254615641127
-6.186440093329638     12.517975003688784
-6.03409770529233     7.82987137313623
-5.8817553172550205     3.9452972384922207
-5.7294129292177125     1.4632970652945927
-5.577070541180403     0.236020425999237
-5.424728153143095     0.013328638121996472
-5.272385765105785     0.00024799014916919876
-5.120043377068477     1.4838066201809897e-06
-4.967700989031169     2.9000392753958634e-09
-4.815358600993857     2.2591458138817378e-08
-4.663016212956549     2.0034268483098897e-06
-4.510673824919241     5.5764146117063805e-05
-4.358331436881933     0.0004902848569877048
-4.205989048844621     0.0014059790140931105
-4.053646660807313     0.0015272886671497347
-3.9013042727700054     0.0011733124567686803
-3.7489618847326938     0.001825227035748675
-3.5966194966953857     0.0026052306551396444
-3.4442771086580777     0.0018122756273948504
-3.2919347206207696     0.0006040059857500274
-3.139592332583458     0.0007002120106807647
-2.98724994454615     0.004558165542291943
-2.834907556508842     0.013300362468092653
-2.682565168471534     0.020425910134592593
-2.5302227804342223     0.022547532134045534
-2.3778803923969143     0.023767007703424957
-2.2255380043596062     0.026336671144253698
-2.073195616322298     0.025338351303400647
-1.9208532282849866     0.027774788413744658
-1.7685108402476786     0.03386861692042628
-1.6161684522103705     0.03907776807846262
-1.463826064173059     0.04670279036151145
-1.311483676135751     0.056737203661416546
-1.1591412880984429     0.06734344449940603
-1.0067989000611348     0.06762065185937224
-0.8544565120238232     0.0624154345317477
-0.7021141239865152     0.06329992514017765
-0.5497717359492071     0.059145490704858174
-0.3974293479118991     0.04515297562321979
-0.2450869598745875     0.02707609228788272
-0.09274457183727947     0.012368234010619261
0.059597816200028575     0.004343900892513168
0.21194020423733662     0.0013531371881312293
0.3642825922746482     0.0007594705353929929
0.5166249803119563     0.0004694914140444974
0.6689673683492643     0.00012409436543427273
0.8213097563865759     2.054631734103035e-05
0.9736521444238839     6.387749845644554e-05
1.125994532461192     0.00013320324143159632
1.2783369204985     8.747424198240433e-05
1.4306793085358116     1.8000947951968838e-05
1.5830216965731196     1.160782569685001e-06
1.7353640846104277     2.3456749366200374e-08
1.8877064726477357     8.295196236304377e-10
2.0400488606850473     1.2809635469422333e-07
2.1923912487223554     7.6404476131263e-06
2.3447336367596634     0.0001453140720074882
2.4970760247969714     0.0008912080774104348
2.649418412834283     0.0018526814062193955
2.801760800871591     0.0017589225248960342
2.954103188908899     0.0015622886323656776
3.106445576946207     0.001467299538507238
3.2587879649835187     0.001517588988349632
3.411130353020827     0.0015500297043744495
3.563472741058135     0.0017751851375009914
3.7158151290954464     0.0017349242634076597
3.8681575171327545     0.001645694019785113
4.0204999051700625     0.0023049321538962616
4.1728422932073705     0.0031875697255019687
4.325184681244682     0.0030712617384074277
4.47752706928199     0.0018301103252410847
4.629869457319298     0.0006894365265811004
4.782211845356606     0.00013303217478657654
4.934554233393918     9.709299994266272e-06
5.086896621431226     2.3387093264950088e-07
5.239239009468534     1.7884281501305982e-09
5.391581397505842     4.299516566029062e-12
5.543923785543154     3.241621695857017e-15
5.696266173580462     7.742215949074836e-19
5.84860856161777     1.5492213643198979e-16
6.000950949655081     9.15940005835243e-13
6.153293337692389     1.696918934928137e-09
6.305635725729697     9.851360527005903e-07
6.457978113767005     0.00017921676192290647
6.610320501804317     0.010217984084487876
6.762662889841625     0.1828039577322149
6.915005277878933     1.0384622426585368
7.067347665916241     2.107775877653068
7.219690053953553     3.178988463453103
7.372032441990861     6.323815356338202
7.524374830028169     7.532190435002392
7.676717218065477     5.0285676939620405
7.829059606102788     2.6476241118273416
7.981401994140096     0.8691182664108025
8.133744382177404     0.11276314046580478
8.286086770214716     0.004863884821343657
8.438429158252024     6.674104604124915e-05
8.590771546289332     2.8811560763679716e-07
8.74311393432664     3.901588792213254e-10
8.895456322363952     1.6560764029640176e-13
9.04779871040126     2.2028905184887765e-17
9.200141098438568     9.182368994418642e-22
9.352483486475876     1.1993868180619136e-26
9.504825874513188     4.9091322195016047e-32
9.657168262550496     6.296375716737192e-38
9.809510650587804     2.5305612885011667e-44
9.961853038625112     3.18700957835051e-51
10.114195426662423     3.496043131279843e-58
10.266537814699731     4.0365629173437954e-51
10.41888020273704     2.286477286747237e-44
10.571222590774351     4.070585632112386e-38
10.723564978811659     2.2794490158125356e-32
10.87590736684897     4.0191331309398614e-27
11.028249754886275     2.2342814032588317e-22
11.180592142923587     3.9226738781344096e-18
11.332934530960891     2.179749889723475e-14
11.485276918998203     3.844230300330102e-11
11.637619307035514     2.1593075139956787e-08
11.789961695072819     3.880680612096793e-06
11.94230408311013     0.00022462921463837495
12.094646471147442     0.0042416415691152575
12.246988859184746     0.02715446907896831
12.399331247222058     0.06887001699258394
12.551673635259363     0.10874379885812592
12.704016023296674     0.13945712959747023
12.856358411333986     0.11306616839661908
13.00870079937129     0.06940366036154262
13.161043187408602     0.04685243913988714
13.313385575445913     0.027232476985833736
13.465727963483218     0.01852352928904488
13.61807035152053     0.028422759632908676
13.770412739557841     0.04997899315238338
13.922755127595146     0.0543080698503068
14.075097515632457     0.04001737707248377
14.227439903669762     0.0219795490273968
14.379782291707073     0.005827766124113349
14.532124679744385     0.0005705656404100014
14.68446706778169     1.8728537402855778e-05
14.836809455819001     1.9814106761416488e-07
14.989151843856312     6.644418359873132e-10
15.141494231893617     7.013964154248006e-13
15.293836619930929     2.324314055298708e-16
15.44617900796824     2.4153233897216815e-20
15.598521396005545     5.43903865897622e-23
15.750863784042856     1.6588000852142641e-18
15.90320617208016     1.6087600814530802e-14
16.055548560117472     4.8909082603373794e-11
16.207890948154784     4.664223947395253e-08
16.36023333619209     1.3979335909410513e-05
16.5125757242294     0.0013240353264465227
16.66491811226671     0.04028651031607674
16.817260500304016     0.41458170712821346
16.969602888341328     1.6942296487896276
17.121945276378632     3.9911332755029383
17.274287664415944     7.399362751007477
17.426630052453255     9.757457139058749
17.57897244049056     7.897505203645003
17.73131482852787     3.7943627935085136
17.883657216565183     1.0067924097245622
18.035999604602488     0.11823201398139892
18.1883419926398     0.005082595699894595
18.34068438067711     7.321740627458717e-05
18.493026768714415     3.41256548185982e-07
18.645369156751727     5.221232983723557e-10
18.79771154478903     1.7664657002203592e-08
18.950053932826343     6.418451075185755e-06
19.102396320863654     0.0007309074264778789
19.25473870890096     0.026107619066820287
19.40708109693827     0.29433379555261197
19.559423484975582     1.0967630062892881
19.711765873012887     1.8276603287843496
19.864108261050198     3.0393380535847365
20.016450649087503     4.831054715984348
20.168793037124814     4.878121665208959
20.321135425162122     3.0690943099991186
