-21.247764702323842     4.208900446033082e-05
-21.095423311040545     0.0001521892123514003
-20.943081919757248     0.00028985837081508246
-20.79074052847395     0.0003005852203193857
-20.638399137190653     0.00024768074085696845
-20.486057745907356     0.00021458662861692168
-20.33371635462406     8.860741100592804e-05
-20.18137496334076     1.214440398097033e-05
-20.029033572057465     5.249676845606938e-07
-19.876692180774167     7.116188142887206e-09
-19.72435078949087     3.0230241500251336e-11
-19.572009398207573     4.024236347984336e-14
-19.419668006924276     1.6786856838229763e-17
-19.26732661564098     2.194314744102554e-21
-19.11498522435768     8.98818564497225e-26
-18.962643833074385     1.1536889100000529e-30
-18.810302441791087     4.640331119505899e-36
-18.65796105050779     5.848611766186765e-42
-18.505619659224493     2.309937254384235e-48
-18.353278267941196     2.8588484867553553e-55
-18.2009368766579     1.1087296481321168e-62
-18.0485954853746     1.3474223526943953e-70
-17.896254094091304     5.131276278762962e-79
-17.743912702808007     6.123371565469825e-88
-17.59157131152471     2.2898097001751784e-97
-17.439229920241413     2.6831918805408382e-107
-17.286888528958116     1.3026736863968197e-108
-17.13454713767482     1.213634812277148e-98
-16.98220574639152     3.543109540136965e-89
-16.829864355108224     3.241347687686373e-80
-16.677522963824927     9.292056624646956e-72
-16.52518157254163     8.347276963958519e-64
-16.372840181258333     2.3497842223575543e-56
-16.220498789975036     2.0728548911778604e-49
-16.06815739869174     5.730391018741576e-43
-15.915816007408441     4.964903142008271e-37
-15.763474616125144     1.3484327036137736e-31
-15.611133224841847     1.1484638768111365e-26
-15.45879183355855     3.0701835680696367e-22
-15.306450442275253     2.5811885448738103e-18
-15.154109050991956     6.8535804332756545e-15
-15.001767659708658     5.798790307858399e-12
-14.849426268425361     1.592185493318855e-09
-14.697084877142064     1.4697953257225848e-07
-14.544743485858767     4.880709583441049e-06
-14.39240209457547     6.692771354093308e-05
-14.240060703292173     0.00047883864868851175
-14.087719312008876     0.0019535660037748497
-13.935377920725578     0.0037054052902470735
-13.783036529442281     0.0030384941909523105
-13.630695138158984     0.0016563330179123121
-13.478353746875687     0.0007600441630780117
-13.32601235559239     0.0001625391168688223
-13.173670964309093     0.00025829979310051167
-13.021329573025795     0.0037734290831828057
-12.868988181742498     0.02035479647138504
-12.716646790459201     0.05823038622142315
-12.564305399175904     0.13604655062328364
-12.411964007892607     0.25119285640756583
-12.25962261660931     0.39017785471574784
-12.107281225326012     0.4434053304329745
-11.954939834042715     0.39241882389151617
-11.802598442759418     0.7238114997116193
-11.650257051476121     1.8949844949918662
-11.497915660192824     3.077413049075089
-11.345574268909527     3.0888381652796997
-11.19323287762623     3.022149099054628
-11.040891486342932     3.269130614248838
-10.888550095059635     3.1092069167834477
-10.736208703776338     2.2262583022775786
-10.583867312493041     1.3953976428029824
-10.431525921209744     1.0690888675818244
-10.279184529926447     0.7905292364543054
-10.12684313864315     0.5332932576528397
-9.974501747359852     0.3390761922837761
-9.822160356076555     0.1275006184941701
-9.669818964793258     0.020251654434083735
-9.51747757350996     0.0011503406617817446
-9.365136182226664     2.1644950135016415e-05
-9.212794790943367     1.3070563925606372e-07
-9.06045339966007     5.210175880577208e-10
-8.908112008376772     1.0074221308967828e-07
-8.755770617093475     1.294753056521034e-05
-8.603429225810178     0.0007078127402064837
-8.45108783452688     0.022695134233973794
-8.298746443243584     0.40961520151790815
-8.146405051960286     3.245332471206849
-7.994063660676989     10.819678767643891
-7.841722269393692     16.569173374357508
-7.689380878110395     14.209821282602055
-7.537039486827098     10.856174898671064
-7.384698095543801     9.969128063772711
-7.2323567042605035     6.999021377054152
-7.080015312977206     2.293398267930055
-6.927673921693909     0.28190181221330174
-6.775332530410612     0.012771829522680005
-6.622991139127315     0.006803323532218376
-6.470649747844018     0.02099762460304119
-6.3183083565607205     0.038301679215964356
-6.165966965277423     0.043754423281886765
-6.013625573994126     0.025405814259132072
-5.861284182710829     0.008087938893098279
-5.708942791427532     0.0021018008419837917
-5.556601400144235     0.0003295943437606571
-5.404260008860938     1.937973975482919e-05
-5.2519186175776404     3.718672256032183e-07
-5.099577226294343     2.2713142784640527e-09
-4.947235835011046     7.16579182457898e-09
-4.794894443727749     2.029208887178885e-06
-4.642553052444452     0.00018080366607599167
-4.490211661161155     0.005138014454213004
-4.3378702698778575     0.049770634102784185
-4.18552887859456     0.20642544177916472
-4.033187487311263     0.49178406090836024
-3.880846096027966     0.6400334779340591
-3.728504704744669     0.7318622412627831
-3.5761633134613717     1.2273945535925987
-3.4238219221780746     1.137711367449732
-3.2714805308947774     0.4236170051414978
-3.1191391396114803     0.3147852215401658
-2.966797748328183     1.6708796755908437
-2.814456357044886     4.629684656647356
-2.662114965761589     7.573004294279535
-2.5097735744782916     8.922890751377889
-2.3574321831949945     9.207885277647833
-2.2050907919116973     8.831536678887016
-2.0527494006284     7.702615356245824
-1.900408009345103     7.116558557185486
-1.7480666180618059     6.199516546439269
-1.5957252267785087     4.423098941703129
-1.4433838354952115     2.9182519941441174
-1.2910424442119144     2.6158564128379282
-1.1387010529286172     2.3598703046065124
-0.9863596616453201     2.1802782021455425
-0.8340182703620229     2.211978498654464
-0.6816768790787258     1.979781636520776
-0.5293354877954286     1.6474413606869454
-0.37699409651213145     1.364300158225151
-0.2246527052288343     1.2689368937551775
-0.07231131394553714     1.8524268071705063
0.08003007733776002     2.3069643842203194
0.23237146862105718     1.817490247440954
0.38471285990435433     1.329950955426653
0.5370542511876515     0.7515985980228699
0.6893956424709486     0.18851260734944603
0.8417370337542458     0.01689020222693536
0.994078425037543     0.0016359874657806911
1.1464198163208401     0.0024083175524906944
1.2987612076041373     0.0015774996087607519
1.4511025988874344     0.0003244038288930718
1.6034439901707316     2.0905003499754235e-05
1.7557853814540287     4.296433752272427e-07
1.908126772737326     4.545311844296916e-06
2.060468164020623     0.0008699295804179372
2.21280955530392     0.0528222261124358
2.3651509465872174     1.0205164304361483
2.5174923378705145     6.313018147912355
2.6698337291538117     12.84476546191365
2.822175120437109     10.437488964352355
2.974516511720406     8.122596609223363
3.126857903003703     10.950729496894553
3.2791992942870003     14.2789950177479
3.4315406855702975     16.122077715019003
3.5838820768535946     19.233121387742344
3.7362234681368918     19.791932591942277
3.888564859420189     19.06965136966346
4.040906250703486     22.518475479415343
4.193247641986783     25.66099512652719
4.34558903327008     20.02624344263211
4.4979304245533775     9.581618608180815
4.650271815836675     2.906441196540274
4.802613207119972     0.4732539680727363
4.954954598403269     0.031269053253597884
5.107295989686566     0.0007157989833350541
5.259637380969863     5.339622542255576e-06
5.4119787722531605     1.268559471561288e-08
5.564320163536458     9.510810883199522e-12
5.716661554819755     2.2415214138957418e-15
5.869002946103052     2.300230219165771e-19
6.021344337386349     3.7981507094858056e-16
6.173685728669646     7.036896416261594e-13
6.326027119952943     4.0854066383261896e-10
6.478368511236241     7.432725372808545e-08
6.630709902519538     4.23880008411855e-06
6.783051293802835     7.597628457753949e-05
6.935392685086132     0.0004393843028488341
7.087734076369429     0.001047156317372854
7.240075467652726     0.0026610378776227846
7.3924168589360235     0.006833601330288706
7.544758250219321     0.008462264894436418
7.697099641502618     0.0050012538626024875
7.849441032785915     0.0019303099271151527
8.001782424069212     0.0005097091675169094
8.15412381535251     6.143197885709045e-05
8.306465206635806     2.5971270177654698e-06
8.458806597919104     3.545706083881369e-08
8.6111479892024     1.5290751528035554e-10
8.763489380485698     2.0707554566789516e-13
8.915830771768995     8.792710257796308e-17
9.068172163052292     1.1701131517471956e-20
9.22051355433559     4.879719282083745e-25
9.372854945618887     6.376911757032718e-30
9.525196336902184     2.611385467877825e-35
9.67753772818548     3.3510090618902614e-41
9.829879119468778     1.3474852151708203e-47
9.982220510752075     1.697915749799003e-54
10.134561902035372     3.8010600594965815e-59
10.28690329331867     6.755402023051044e-52
10.439244684601967     3.772245781929516e-45
10.591586075885264     6.608536075052438e-39
10.743927467168561     3.633566073593572e-33
10.896268858451855     6.273558917492467e-28
11.048610249735155     3.403859614266151e-23
11.200951641018456     5.809834959768051e-19
11.35329303230175     3.1242142141215982e-15
11.505634423585043     5.304278369610179e-12
11.657975814868344     2.851837066011938e-09
11.810317206151645     4.87602209984734e-07
11.962658597434938     2.6672523097740157e-05
12.114999988718232     0.00047154615033243345
12.267341380001533     0.0027738956601858645
12.419682771284833     0.00626450215357521
12.572024162568127     0.009103927214868641
12.72436555385142     0.01137524068323463
12.876706945134721     0.007958906775583571
13.029048336418022     0.003742421848296807
13.181389727701315     0.003202982992213692
13.333731118984609     0.003003023307116207
13.48607251026791     0.0017879079305829874
13.63841390155121     0.0027490279546703565
13.790755292834504     0.006061532942560661
13.943096684117798     0.006098754602537178
14.095438075401098     0.0033408825614463563
14.247779466684399     0.0014804682237423384
14.400120857967693     0.00037078253981466107
14.552462249250986     3.578010642590078e-05
14.704803640534287     1.1685686394269548e-06
14.857145031817588     1.2338470725924933e-08
15.009486423100881     4.1342532575192754e-11
15.161827814384175     4.36280541740666e-14
15.314169205667476     1.4455880754761038e-17
15.466510596950776     1.5021325621170052e-21
15.61885198823407     5.0167179566758344e-26
15.771193379517364     3.8404843884131275e-23
15.923534770800664     3.729257978893573e-19
16.075876162083965     1.1365248279334342e-15
16.22821755336726     1.0901262782017992e-12
16.380558944650552     3.317179059953561e-10
16.532900335933853     3.275513359975202e-08
16.685241727217154     1.118912190139392e-06
16.837583118500447     1.56348162506095e-05
16.98992450978374     0.00012236122041872643
17.14226590106704     0.0006663332950325679
17.294607292350342     0.002221533151759423
17.446948683633636     0.003719717451988327
17.59929007491693     0.002811575163817884
17.75163146620023     0.0009330831244047993
17.90397285748353     0.0001444253944965989
18.056314248766824     1.1156016860179012e-05
18.208655640050118     3.9014718929597073e-07
18.36099703133342     5.172858341305274e-09
18.51333842261672     2.3314395884604343e-11
18.665679813900013     3.4489052559380467e-14
18.818021205183307     4.314222786144319e-13
18.970362596466607     1.5689798520782744e-10
19.122703987749908     1.791106831741077e-08
19.2750453790332     6.48404222835705e-07
19.427386770316495     7.992637694686133e-06
19.579728161599796     4.873181081232212e-05
19.732069552883097     0.0002709598533820373
19.88441094416639     0.0010819104652996315
20.036752335449684     0.00226368251609061
20.189093726732985     0.002292139965636368
20.341435118016282     0.0010900741887327303
