-21.26833650902323     1.2258769722916667
-21.11599412098592     2.2059597084679208
-20.96365173294861     3.229332850303155
-20.8113093449113     2.817874995654253
-20.658966956873993     1.567415724133447
-20.506624568836685     0.917161870935418
-20.354282180799373     0.34724226904674027
-20.201939792762065     0.04709065646771614
-20.049597404724757     0.002033406743337829
-19.89725501668745     2.7564275661560556e-05
-19.744912628650138     1.171116496691556e-07
-19.59257024061283     1.5592091473114907e-10
-19.44022785257552     6.505042444597717e-14
-19.287885464538213     8.50425564698442e-18
-19.135543076500902     3.4838766242960646e-22
-18.983200688463594     4.472285286370059e-27
-18.830858300426286     1.7990221189773794e-32
-18.678515912388974     2.2676904842584117e-38
-18.526173524351666     8.957180443739671e-45
-18.373831136314358     1.1086619428506579e-51
-18.22148874827705     4.299987836901243e-59
-18.06914636023974     5.226074367063547e-67
-17.91680397220243     1.9903259925980967e-75
-17.764461584165122     2.375270718045613e-84
-17.612119196127814     8.882644597722624e-94
-17.459776808090503     1.040906517866588e-103
-17.307434420053195     2.124492828619063e-104
-17.155092032015887     1.9805266948103853e-94
-17.002749643978575     5.785574057380732e-85
-16.850407255941267     5.296056439644706e-76
-16.69806486790396     1.5191452065569956e-67
-16.54572247986665     1.3654846532866132e-59
-16.393380091829343     3.846058727431034e-52
-16.24103770379203     3.3945959650758493e-45
-16.088695315754723     9.388727828377009e-39
-15.936352927717415     8.137281602645607e-33
-15.784010539680105     2.2101527727168975e-27
-15.631668151642796     1.881359184215207e-22
-15.479325763605488     5.0200387375063586e-18
-15.32698337556818     4.2005190158911357e-14
-15.17464098753087     1.1031700175975019e-10
-15.02229859949356     9.1109451201605e-08
-14.869956211456252     2.3762428870413992e-05
-14.717613823418942     0.0019751226194407332
-14.565271435381632     0.05339330103012663
-14.412929047344324     0.49314318236306226
-14.260586659307016     1.7851922957892687
-14.108244271269706     3.463183737972694
-13.955901883232396     4.39557988102479
-13.803559495195088     3.1348325463886617
-13.65121710715778     1.6293349746563919
-13.49887471912047     0.7394548321308141
-13.34653233108316     0.15287202594303773
-13.194189943045853     0.010767524953921215
-13.041847555008543     0.0035102778681707163
-12.889505166971235     0.015430360506387786
-12.737162778933925     0.023661834019629645
-12.584820390896617     0.014604353281684848
-12.432478002859307     0.009267905448506905
-12.280135614822     0.016500917408021277
-12.12779322678469     0.027730683932469143
-11.975450838747381     0.033822694521866585
-11.823108450710071     0.07045311922484773
-11.670766062672763     0.1883602446749871
-11.518423674635454     0.5051438553298951
-11.366081286598144     1.1538097041791278
-11.213738898560836     2.111690339909854
-11.061396510523526     3.025310494510099
-10.909054122486218     3.5303516251711273
-10.756711734448908     3.9724775101524092
-10.6043693464116     4.067291687823685
-10.45202695837429     3.237621336105158
-10.299684570336982     2.6524783933712017
-10.147342182299672     2.620999153296114
-9.994999794262364     2.091305210755742
-9.842657406225054     0.9007028466491613
-9.690315018187746     0.1551102588950618
-9.537972630150437     0.009159860572298744
-9.385630242113129     0.00017529344811378827
-9.233287854075819     1.066479294080783e-06
-9.08094546603851     1.0295516256257041e-08
-8.928603078001201     2.946630766386841e-06
-8.776260689963891     0.00033396047675990424
-8.623918301926583     0.012197273697714792
-8.471575913889273     0.14931384524890945
-8.319233525851965     0.6840685535077836
-8.166891137814655     1.5461427586774945
-8.014548749777347     2.250779002840312
-7.8622063617400375     1.8709075036537572
-7.7098639737027295     0.994632312063898
-7.55752158566542     0.5022769630026735
-7.405179197628112     0.1530346463081364
-7.252836809590802     0.02555444780568591
-7.100494421553494     0.004392533984079484
-6.948152033516184     0.01986492685735182
-6.795809645478876     0.3512381993429017
-6.643467257441566     2.236490674873986
-6.491124869404256     5.985902577958458
-6.338782481366948     9.489706989071577
-6.186440093329638     9.934893786296932
-6.03409770529233     6.207513064026334
-5.8817553172550205     3.12983990224501
-5.7294129292177125     1.1601387288737601
-5.577070541180403     0.18693759972465662
-5.424728153143095     0.010549448894138906
-5.272385765105785     0.00019620031727791786
-5.120043377068477     1.1736655331838878e-06
-4.967700989031169     2.333558169457912e-09
-4.815358600993857     2.9170167853612106e-08
-4.663016212956549     2.5864155554218996e-06
-4.510673824919241     7.192118796551211e-05
-4.358331436881933     0.0006292078243324537
-4.205989048844621     0.001760605567987473
-4.053646660807313     0.0017183737002182673
-3.9013042727700054     0.0009978258809713503
-3.7489618847326938     0.0013496904341193919
-3.5966194966953857     0.0018012007169314964
-3.4442771086580777     0.001130569233659704
-3.2919347206207696     0.00035003976566860975
-3.139592332583458     0.00048093991266392826
-2.98724994454615     0.0032420860503771473
-2.834907556508842     0.00909529935547021
-2.682565168471534     0.012027572732571396
-2.5302227804342223     0.011317741552060489
-2.3778803923969143     0.01221014120557132
-2.2255380043596062     0.014311435649180464
-2.073195616322298     0.013649339675646723
-1.9208532282849866     0.014494088550980888
-1.7685108402476786     0.018527973194230822
-1.6161684522103705     0.02185237430205689
-1.463826064173059     0.026065300860150267
-1.311483676135751     0.03482602627119312
-1.1591412880984429     0.04708480471029244
-1.0067989000611348     0.05458526565300592
-0.8544565120238232     0.05789641561029349
-0.7021141239865152     0.06324702557025197
-0.5497717359492071     0.0618219331627395
-0.3974293479118991     0.04112131261381886
-0.2450869598745875     0.017815478797133157
-0.09274457183727947     0.006307110841812988
0.059597816200028575     0.0027831091731191767
0.21194020423733662     0.0015275556038867799
0.3642825922746482     0.0012616277400595009
0.5166249803119563     0.0008235086907152369
0.6689673683492643     0.000216362030430142
0.8213097563865759     2.4461573144041143e-05
0.9736521444238839     3.584590128629058e-05
1.125994532461192     7.397113313904943e-05
1.2783369204985     4.8574416230539957e-05
1.4306793085358116     9.99591811148547e-06
1.5830216965731196     6.445820265281122e-07
1.7353640846104277     1.3026464664509493e-08
1.8877064726477357     1.0186300458045342e-09
2.0400488606850473     1.7569523113508842e-07
2.1923912487223554     1.0475551263274716e-05
2.3447336367596634     0.00019975503995267558
2.4970760247969714     0.0012361451985023963
2.649418412834283     0.0026651033990655643
2.801760800871591     0.0029424148374495047
2.954103188908899     0.003112804262869544
3.106445576946207     0.0027176746176915158
3.2587879649835187     0.002333351632756172
3.411130353020827     0.002612308808366736
3.563472741058135     0.003646469338164159
3.7158151290954464     0.004208634442014974
3.8681575171327545     0.004644503219664576
4.0204999051700625     0.005470237363207138
4.1728422932073705     0.005864435584999108
4.325184681244682     0.005241105774945302
4.47752706928199     0.0041281046473357055
4.629869457319298     0.002321118575422232
4.782211845356606     0.0005400079937485545
4.934554233393918     4.166376259993338e-05
5.086896621431226     1.0182734668886269e-06
5.239239009468534     7.815760916177707e-09
5.391581397505842     1.8807413845961568e-11
5.543923785543154     1.4183258122962243e-14
5.696266173580462     3.3518193730110984e-18
5.84860856161777     8.234292800531925e-19
6.000950949655081     4.86686257794819e-15
6.153293337692389     9.016606886925894e-12
6.305635725729697     5.234535063106025e-09
6.457978113767005     9.52268221787486e-07
6.610320501804317     5.429191385934423e-05
6.762662889841625     0.0009711055847026297
6.915005277878933     0.005508517737378057
7.067347665916241     0.011128644322721754
7.219690053953553     0.017475481816136135
7.372032441990861     0.03820261609268964
7.524374830028169     0.04716807322844569
7.676717218065477     0.03020102571798343
7.829059606102788     0.01472019559416807
7.981401994140096     0.004671169327326821
8.133744382177404     0.0006010610413350366
8.286086770214716     2.5874867858690436e-05
8.438429158252024     3.548704709583972e-07
8.590771546289332     1.5317436504786994e-09
8.74311393432664     2.074174953340741e-12
8.895456322363952     8.804001553466375e-16
9.04779871040126     1.1710934074227535e-19
9.200141098438568     4.881497390317482e-24
9.352483486475876     6.376135098857307e-29
9.504825874513188     2.6097742773791497e-34
9.657168262550496     3.3472553654757183e-40
9.809510650587804     1.3452873844261913e-46
9.961853038625112     1.6942659302998092e-53
10.114195426662423     2.606956893867832e-56
10.266537814699731     4.699183664164019e-49
10.41888020273704     2.660335495833408e-42
10.571222590774351     4.732871184355814e-36
10.723564978811659     2.648014819227755e-30
10.87590736684897     4.663926780955063e-25
11.028249754886275     2.5892250745094186e-20
11.180592142923587     4.538207475788206e-16
11.332934530960891     2.516560888681054e-12
11.485276918998203     4.426988635301422e-09
11.637619307035514     2.479088915468373e-06
11.789961695072819     0.0004439756875009288
11.94230408311013     0.02560350883712916
12.094646471147442     0.48198324094586453
12.246988859184746     3.0843710665972597
12.399331247222058     7.838827071763669
12.551673635259363     12.143524520770299
12.704016023296674     14.74256737050099
12.856358411333986     11.274646534046207
13.00870079937129     6.76811276888912
13.161043187408602     4.821356012095258
13.313385575445913     3.1319424533628863
13.465727963483218     2.345068539386516
13.61807035152053     3.4762093776664136
13.770412739557841     5.788992907251061
13.922755127595146     6.154575800072853
14.075097515632457     4.49389160056473
14.227439903669762     2.5060697017241758
14.379782291707073     0.6765167921481805
14.532124679744385     0.06691401593376099
14.68446706778169     0.0022066765183828226
14.836809455819001     2.3391310366941413e-05
14.989151843856312     7.850139412749599e-08
15.141494231893617     8.289320773870706e-11
15.293836619930929     2.7472832806774068e-14
15.44617900796824     2.8549917042615135e-18
15.598521396005545     1.7275188769403007e-22
15.750863784042856     2.4681560262348813e-18
15.90320617208016     2.3936986809821612e-14
16.055548560117472     7.277240050710353e-11
16.207890948154784     6.939908148878376e-08
16.36023333619209     2.0799493169859997e-05
16.5125757242294     0.0019698914822806673
16.66491811226671     0.05992836745245381
16.817260500304016     0.616410391486961
16.969602888341328     2.5156257082378763
17.121945276378632     5.913806112822906
17.274287664415944     10.959245065487806
17.426630052453255     14.466405251921236
17.57897244049056     11.71476847344561
17.73131482852787     5.62422298715901
17.883657216565183     1.489708699899894
18.035999604602488     0.17464324248273544
18.1883419926398     0.0074985915746202956
18.34068438067711     0.00010793909203510341
18.493026768714415     5.028573885229378e-07
18.645369156751727     7.659002730373472e-10
18.79771154478903     2.224179286425459e-08
18.950053932826343     8.081533577905529e-06
19.102396320863654     0.0009202919539903834
19.25473870890096     0.03287217224767946
19.40708109693827     0.37058329884770336
19.559423484975582     1.380529167174564
19.711765873012887     2.297231483050561
19.864108261050198     3.811948320579486
20.016450649087503     6.057231939382052
20.168793037124814     6.115473180546778
20.321135425162122     3.845514044051809
